3858
7016
2873
2623
2145
9361
5914
5637
3632
2668
3170
2106
6508
11736
2221
2705
12021
12818
11039
4013
5321
4709
2807
5128
2653
2766
3683
3838
6863
3102
1510
3754
3243
4161
2175
4865
2767
5335
5933
2847
2741
7704
6208
3892
5959
3370
2095
1998
6614
13829
7007
1792
8065
6812
6151
4975
5140
4373
9395
3729
3620
2613
2848
4692
5023
6781
4880
2941
7457
2103
5792
2325
2177
2971
2294
9802
2809
4706
2081
3092
3668
4763
1362
2174
1746
3083
3236
2511
2598
3807
5592
6456
3435
6078
5073
2507
2323
2080
3461
2825
4631
2478
1946
3673
5805
4279
3548
21096
6323
5789
9268
12147
2683
4481
8172
2163
2190
2566
3222
2886
2002
3840
8671
2323
4750
2361
2393
2215
2045
5857
2229
4228
1914
2619
8913
3973
5838
13952
1839
4991
4364
3890
2279
3088
2975
4461
5216
3661
4017
5563
1809
2776
7208
3061
3315
4972
2869
4823
4879
2878
2585
5513
4473
3878
3609
5045
3679
3013
5633
3894
3844
7855
3633
6114
6107
6045
2560
2697
3602
11240
4665
1951
10361
5001
4194
4853
4412
2377
4058
2504
2915
3765
2661
2775
1295
2856
1346
4249
1386
10092
1352
3994
2397
5796
1405
3895
19563
8635
7834
7524
10820
4661
3354
5679
6982
2596
4967
5634
1607
5556
1361
7707
1427
3354
1454
4608
1349
9807
1456
3557
3067
5763
9389
6797
2599
11857
16057
2186
4273
3414
6150
8097
1247
2230
1269
1842
1453
6612
1291
10064
5426
4804
1213
4016
2644
20540
7046
10912
5606
4972
4975
4714
3791
12602
1674
4551
1214
3450
1307
6203
1403
3226
1166
4104
1240
3428
1268
6327
9925
4148
5252
4300
3697
6848
2263
3039
2534
1462
1927
4266
2833
8215
2469
4612
1582
4159
3920
2443
1313
2455
1254
2322
5762
13126
4550
6650
3710
3986
8287
5120
5240
4656
2144
2400
1516
5118
2018
2503
1312
3721
1302
4072
1312
3624
1587
2616
2574
6260
5520
3799
3162
4459
5187
2338
3280
7050
3179
4419
7638
7778
1496
4803
1359
11208
1524
2787
1363
9340
1377
3520
2613
3232
10262
7731
3725
3710
7465
2282
4883
2954
4001
5068
1246
2949
1297
4267
1242
2028
1313
8231
1253
6768
1178
2491
3017
6833
6800
4099
3412
3760
7561
3442
6869
2562
2624
2275
1240
2262
1363
3366
1275
2150
1340
2110
1316
2221
1277
3355
3267
6916
5775
2456
2493
3711
11604
2869
6050
2068
14949
2468
1160
1899
1241
1978
1177
3847
1231
3749
1223
2856
1199
2955
3070
2847
2777
4432
6212
4275
3340
3152
5732
4069
3708
3925
1167
3410
1136
2438
1294
6944
1075
8298
2943
3317
2530
4957
2900
2895
10638
9471
2913
4022
5227
1898
3195
2854
3366
4390
3232
2896
5838
5749
3663
6694
9194
2539
2800
2472
4611
3507
2415
2631
5071
3184
5127
4265
3947
1700
3557
2535
3415
2748
1166
3469
4285
2696
3942
3060
3104
5243
10704
9748
5372
3400
5202
4173
5795
2043
2754
3240
8249
3283
2398
4880
3377
2577
8346
5330
3430
3396
5766
4220
4320
9322
7199
2314
6600
3707
5661
2775
6655
2708
8997
7937
4066
3321
3607
3012
3418
4117
4818
2032
2440
2339
2286
3313
2984
4241
7945
3341
3430
1796
2376
3282
2414
5604
4714
14172
12986
12819
2195
2055
2775
3192
2613
3365
7186
3150
4186
4495
6504
4758
5692
5102
3039
2418
3020
7519
18779
5991
11866
9903
4200
3687
3071
2738
5426
4281
1192
2804
3448
4260
6562
2320
2896
4414
3773
3493
2230
3380
1785
1785
5712
1620
2066
2513
2403
1801
6756
1348
1545
1610
2038
3674
1777
2791
3817
4797
1464
2116
2284
4905
4810
1880
1937
3807
2439
5449
5601
2140
6135
5582
3213
3824
4592
28093
27736
3102
1827
4857
2595
4144
2390
2094
2348
2168
2764
2129
2366
3404
2230
2729
7766
2866
3728
3445
8045
6212
9376
9627
2076
2637
2946
4202
2157
5612
1572
2305
6403
2229
2014
3209
5243
2335
2308
1638
2285
2370
5187
7825
2603
3623
2082
2772
1304
3810
2364
1868
2664
2167
2115
1887
2458
4081
3533
3347
6880
4988
6184
3552
4309
3134
4413
5232
4565
2737
4999
3329
3410
7815
1689
3057
3775
7615
5491
2708
5391
3374
6203
2525
3371
6341
2345
4953
2797
2570
2672
3079
3737
2388
3614
2579
2877
3158
3099
7499
2266
2534
3108
2198
1763
2178
1683
2161
3036
2557
8682
2847
3862
3228
7761
2080
2116
2309
4073
3137
2717
2015
10585
7082
2446
6152
2843
2518
2119
4082
2797
6034
10558
2812
4760
1072
4593
1098
6087
3634
14136
10510
2637
5242
1219
4345
2890
5696
3667
7501
2996
2890
4563
6034
4483
7319
5199
7590
5098
3359
2943
3040
2524
4388
6535
7529
13170
3496
5272
6899
2576
6561
2715
10215
4159
2664
8360
2264
4944
6247
4225
4328
3175
4339
8932
6165
3842
3592
9528
3213
5853
2293
4926
6648
3278
3458
4776
6262
2394
7591
10192
6008
7679
4084
12732
3217
4302
3308
3597
4878
6779
2619
3611
6703
5585
6771
3804
4447
4138
2546
4424
3788
3958
1984
4734
3046
3497
4394
2804
4989
2737
5897
2057
5086
4448
4370
2158
3303
2097
4445
1368
4637
4884
3835
7931
2075
2473
2168
7558
5987
4131
2259
8203
2756
7495
5422
2806
3543
4331
3126
3934
5915
1684
4950
3037
5732
3953
4091
4637
2533
3547
4228
2367
2181
1656
2301
4734
3848
5445
6291
2748
2462
3563
3597
5322
3197
5170
2844
1888
2695
6257
8582
4121
2629
2426
3563
4424
2315
2761
4426
8538
1600
4309
1145
2433
1041
5854
1337
4335
9120
4999
2749
4505
9220
1543
2877
2485
3682
3632
4703
3454
3843
5137
2051
2598
4106
7244
2660
2103
1773
3664
4252
4225
4586
2907
2919
1274
2045
5449
6103
5544
15441
3231
5664
3669
3435
10683
5976
3149
2700
3023
9351
17982
2607
5124
4170
2503
1877
2608
2993
1831
3446
5533
2746
2621
2809
4780
8447
6016
3147
2435
2687
11404
7231
5764
2857
2119
12326
25262
2322
3447
2404
2677
4763
2691
6911
2213
2582
2780
7790
3759
7639
5135
4136
7146
3693
4251
4378
6309
9241
4500
4398
5291
6735
6971
5575
6660
4126
1650
4185
4729
2624
4336
4604
2425
3553
23972
3018
3979
2948
5617
11623
9172
3707
3219
3772
5768
3450
5127
4283
6050
2507
2573
3604
4740
2817
5680
3274
4376
4616
11506
1931
2058
13966
2486
3123
2283
3175
3243
4208
4155
6740
8906
3330
6241
1932
2089
3017
2929
7368
2294
4299
2780
4064
3269
9581
2411
4465
2159
1562
3993
1312
1820
1214
2210
2268
2201
4697
2923
2820
1839
3691
3512
2716
1686
2655
2438
2610
4361
3885
2059
2401
2692
3634
4460
11748
2824
2190
2664
20551
13771
4336
1884
5604
2760
2640
2674
5709
2249
2310
1564
6859
1921
2063
9325
5360
6310
2730
6276
4397
20838
8204
4149
10566
4640
4948
3122
3827
2826
4594
4334
3337
3185
3218
7075
4507
8597
8694
11033
3259
10447
3793
6792
6044
6870
2819
4293
5804
3207
3025
3498
2983
5279
3886
6763
3758
4372
1720
2709
2554
3775
2980
4316
3408
2476
4926
4819
4775
5543
4306
5254
3208
3713
7406
3960
6565
3230
3483
4534
3015
5642
7783
11207
3264
1825
3600
1948
2894
2284
5702
19775
7905
10290
5236
3708
4178
7789
5759
3423
9414
2806
1981
2347
6789
2317
1899
3573
2784
2826
2284
6553
4628
2121
2742
4961
3731
2511
2205
5107
3775
3965
3070
6408
5668
1151
2101
1912
2111
2392
3132
3958
4245
3710
4781
4821
5341
3375
3834
3861
3542
4420
4342
5143
3892
2402
3928
3234
4667
2208
3992
2066
2352
2654
3464
2956
4699
2357
4929
3838
6603
5135
3725
5340
6804
9293
8526
3927
6093
3891
2926
4816
2880
4584
2177
2751
2209
4067
2901
5706
3966
3368
2081
3945
1697
2829
3203
6510
2411
3758
2387
4258
2742
4116
5482
4244
5669
3942
2060
2799
3011
5011
4801
2230
3704
2783
3552
6093
4831
20938
23775
1882
12457
6645
6200
5032
4525
5738
6494
7676
9901
1296
2433
5169
3195
6130
4998
2263
2661
3433
4214
3587
5369
15887
3004
5316
3402
1384
2449
4402
5793
2646
3374
3555
11043
3946
4893
29729
4847
11333
2657
4070
14616
2573
3053
7075
3568
3988
5582
3460
3136
4831
4629
6099
5660
5883
3644
4502
2438
1819
2165
2455
3138
9458
2211
3278
2236
2305
3179
4518
2864
1842
2998
3733
8821
18624
1993
3929
5679
6838
5871
5677
4003
2206
5064
2177
6533
3565
2496
4952
4604
3287
4278
3514
2073
2554
2555
2074
3632
2777
3433
3284
3266
2366
8909
2970
3792
1223
1803
6691
3636
4597
3179
4783
6442
5275
2001
2645
2675
3450
8362
8714
5269
5276
5384
4747
3363
3808
8109
2975
8215
5753
4067
3899
4425
3507
3988
2842
3653
3246
4776
3085
5287
5628
4976
2131
2187
7083
4108
5777
3380
5759
4360
8630
7743
3107
3222
5722
3014
4691
2133
3428
6275
1946
3988
5542
2228
8449
8199
5882
7570
6065
2913
9624
8641
2906
4683
5557
3267
2005
1600
3557
2009
3965
3953
2147
11590
5452
2913
4494
2595
8885
2516
2692
2367
2309
2367
2849
3340
5639
5586
5369
5375
1417
3601
3215
2233
3080
2809
5863
2086
9444
1788
10061
3497
4069
2779
6038
2504
4170
2966
3206
2588
7720
3748
4090
1918
4911
2443
7943
3967
1506
2035
5905
4257
4448
4495
10910
1798
4576
3973
5114
3107
10720
3070
4784
3949
5791
2768
6864
5304
1737
4105
3336
4860
4118
2144
6906
5376
3159
2871
4643
3660
15465
3018
2657
3055
2046
15668
3931
3866
3847
3173
2366
8021
1692
2554
2755
3464
3841
9821
4145
4639
3884
4408
2543
8161
2771
8063
5951
6329
3338
5456
5168
3702
4414
3108
7428
3221
1658
2512
12101
4626
2993
5066
3478
5797
4507
2811
1657
5139
5754
6565
3865
4756
2767
4464
11392
3276
3153
2059
2978
2187
2640
8811
1399
3315
4413
2811
3841
4782
3116
2426
2336
1975
5667
2131
1952
8311
4525
4475
2758
2414
4768
5100
17924
6909
4054
5388
2417
10585
3362
2709
3431
2565
3433
4448
7140
2285
2190
4562
3291
6019
10241
4727
7292
3912
2025
2244
4289
3420
3511
7050
3192
3297
3193
2618
9509
3738
2985
2578
2041
3191
5506
3527
4689
10466
17261
3601
7898
2227
3951
2585
5419
5253
1353
2505
2083
4092
2203
2500
4960
2122
2518
5433
3677
4401
4303
3629
6774
4119
5678
2667
3816
3155
11891
5393
10780
5025
1618
6434
1890
8499
1880
2191
3894
3901
2996
5792
3200
3727
3119
4682
2940
11232
5115
4186
2185
5214
3725
2769
3406
9781
4078
10296
4251
5941
2756
5286
8318
2481
5799
3636
3588
2546
2985
11100
2426
2709
4838
6821
16742
13334
1854
2894
1952
5116
2059
3278
1702
5740
2340
1280
2636
4992
8296
13487
10916
4319
2081
9383
4806
4701
8195
8142
4134
4317
3888
3147
2532
9073
1245
1781
3281
3576
15288
3028
5548
3402
5381
3380
2412
1478
3260
2394
3531
3596
17446
9877
4857
2270
6345
2630
5438
4822
5986
10071
1850
5844
5974
3787
5311
4820
2822
2000
3529
2954
5673
4856
4118
3587
3230
2248
3270
2758
6447
6300
4058
2913
5708
3712
3290
3838
8346
6906
7387
5688
4149
3854
6742
1813
5471
4513
16212
5201
10645
7198
1972
4759
9539
14019
12937
3685
2785
4049
2974
2695
2319
1664
6961
2595
1993
1923
2395
2475
2261
13886
6433
3277
12681
4913
5004
2704
6298
3467
4622
4355
1202
2091
2244
4615
2770
2529
3567
2954
6355
6924
2951
4093
24214
1630
10025
5930
5734
3199
2911
4416
3610
3207
13506
3042
11599
2060
4816
4846
3944
4319
3711
1596
2165
3363
3704
4958
3492
2512
4457
3906
2981
7025
5727
5125
2552
6117
4680
16191
1743
1689
2107
5009
6393
5746
3726
3030
4352
3553
3904
3828
3148
5594
4363
3537
8130
8652
3563
3498
3545
3950
3003
32683
6271
2271
6486
2281
2499
1710
3349
2034
2010
2430
2165
2806
5301
4692
3327
4002
7917
5466
3287
2128
7865
3928
8259
4780
4197
2978
4207
2371
3830
2562
7617
2952
1726
2188
4256
3581
2910
3360
3690
5330
3734
5318
3491
4417
4623
2351
9636
7689
3778
6797
4479
3658
4251
4094
6298
7391
5450
2332
3235
3514
2714
1987
1705
2941
9790
7812
12439
12770
3927
2940
7999
3170
3027
3305
3392
4333
2263
3910
4998
7556
4874
5945
1330
2505
2464
2110
2999
2880
2985
2788
3768
4276
4445
2509
9727
3271
2729
3956
2523
1878
10318
2347
2016
2394
2501
4099
2373
2947
5207
6904
5113
5195
3537
5446
1572
6681
3242
6566
3107
2216
1197
2196
3530
2255
2350
2609
1724
1727
2878
3494
3968
7147
13564
13150
4522
16858
2936
2410
3293
3581
4564
10158
3325
4050
3594
2497
3991
3605
2372
4194
6940
7073
6171
3405
3195
2766
3002
3999
3614
7450
3045
2313
6985
8820
5295
5986
3338
3060
1987
1911
3336
4994
4745
1807
1771
3279
4711
4030
9483
2043
3729
3662
4608
3408
2738
3174
3482
3469
5735
11420
4762
2894
4484
1564
2616
1656
5296
13672
2752
4713
2937
2891
1769
2433
2255
5287
1533
1748
4166
4972
4407
2661
7773
2844
5818
6560
8156
3880
3702
2872
5849
3545
3117
1835
2192
3517
4110
3507
4641
3763
11136
3518
3184
3672
12428
4894
3770
2888
4671
10295
4712
3649
2468
2173
5061
2745
1874
2188
1999
2901
6197
2122
3366
3368
4177
3710
2884
2622
2799
4326
3301
3083
3492
3524
3077
2238
1661
4199
10336
2504
3138
2721
2662
1768
3380
1734
2602
6694
3902
6195
2362
2869
8356
5245
2907
3365
4777
4820
3533
3668
8638
2764
9247
6673
14730
1897
3343
4051
3030
2677
2796
9291
4193
2548
5664
5220
2699
6626
4855
6390
9109
3339
3119
3981
1594
2259
1548
4062
3724
4684
3496
4451
4353
4452
1956
9417
5630
3286
6671
4636
3891
9617
5891
2977
3177
4645
2972
10081
1984
4835
2677
2704
3712
6971
3366
4952
3129
2311
3624
6976
6604
3068
6556
13705
6702
14109
3940
5523
4745
4396
2344
2205
4106
2037
3624
2697
4053
3718
7896
7648
2662
2198
3380
4619
12677
2645
2260
4830
3614
2832
5018
6407
10180
2145
1596
6198
2331
5245
3795
5934
4766
3649
3987
8164
5023
1887
8079
4157
6221
39274
6157
7579
4007
3997
4205
4419
3456
4495
3397
4222
2266
6730
2445
3285
6499
4715
5342
3300
4761
1780
1962
12353
7475
3338
10657
4928
3886
3238
2251
2249
3992
1808
1598
1534
1745
3043
3496
3367
5478
3530
3808
6071
3522
3736
5076
3072
2503
11555
3398
3163
5698
10470
5729
6829
3260
6469
7156
6490
2460
3334
4783
2816
3164
4913
2815
5514
3158
4599
4676
3796
2607
4540
3090
6765
5876
8768
2955
4604
4185
6050
1668
4455
3068
5409
2439
2616
8578
4697
4881
6780
3233
2656
10615
2321
6350
2633
1749
2237
2376
2409
2451
5755
6583
4249
1338
5381
2874
3338
2323
2169
3313
2483
2767
2746
6998
1999
3564
3265
8000
1931
3839
2911
7114
8133
9716
1806
4219
5094
2506
2133
1404
1695
1383
2001
1380
8077
1389
7817
1287
2325
2524
2232
5928
4217
2251
3058
3300
2077
2441
4779
14339
4911
1307
2800
1427
3682
1348
4072
1256
2839
1245
2955
1296
5747
3138
3512
4371
2009
2429
5862
3278
3565
10894
4679
3071
2353
1352
4014
1956
3929
1301
3399
1277
7166
1618
2654
1298
3905
2218
2797
4004
3890
8324
2445
3914
4654
16038
4434
5961
2389
1257
3230
1203
3599
1215
5368
1195
1931
1180
2438
3272
3945
3429
3535
5104
3946
3611
3205
9540
2928
7819
3481
3964
4516
2604
5116
2151
6341
3568
3289
7888
3331
5865
2515
3059
4816
3482
5517
4764
2109
10494
6475
5335
7701
5410
7745
3618
7628
1743
9186
1737
8816
7292
4993
4134
3292
2990
3860
5403
5071
2266
7993
6854
7924
3088
6142
5420
4875
5121
4056
4283
3027
3283
2821
3259
4137
3420
2507
2488
2871
2306
2636
2471
3128
3355
2695
6263
6900
3742
3811
10043
5809
12492
9498
5741
4206
3488
3245
2632
2632
2047
8850
10979
3603
3262
2122
3227
2142
4657
2627
2443
3730
3385
2472
10216
4257
5488
6757
7868
3187
3752
9450
2243
2289
3272
3798
5335
2748
2225
2406
26877
2997
3792
2809
2319
9647
2868
2545
3839
4986
1776
1930
8376
2725
3708
3018
5213
4111
3417
6670
2591
3282
5845
3131
4609
3692
5479
3535
3732
9880
8046
4217
4575
3381
2898
3541
1808
7817
1680
5844
5219
3703
7189
4383
5566
7437
1891
3611
2338
2985
5574
3314
2729
3999
8998
6869
12082
2450
3863
2905
1781
3338
4217
9988
2638
2167
3319
4908
2806
2409
1998
5712
3026
1749
2797
3754
2506
1618
6408
5412
4437
3808
1713
5453
5463
2686
6164
3908
4926
3552
5364
3301
3825
2820
1928
2891
5026
5071
23835
2604
2617
9602
6688
2541
2990
10313
3536
6882
7535
4609
3073
4174
2429
4379
4270
3903
2708
2120
2773
3858
7459
4223
4358
12674
3585
2647
2569
6476
4160
3854
2687
4796
4408
2275
2313
4082
2604
2813
4872
3085
2338
3795
2995
1885
2524
4101
2468
2841
5311
10410
4474
5848
5230
9281
2986
2676
8522
2739
2218
3943
3884
2815
2484
2705
3661
1747
8124
5655
5771
14480
1515
4155
3890
2666
5878
1868
1581
5707
2073
3520
14360
3976
4423
2232
1991
1830
5718
4432
2400
2140
3869
3287
5320
4320
4002
2117
5209
2958
1686
2583
6879
3191
2598
2361
4570
4748
7429
1575
2416
2241
2953
2220
1813
7167
3158
2979
3901
4541
1858
1981
3941
5564
5787
4334
6315
6109
2304
8099
2975
3240
1727
3876
3877
4909
1405
3163
2495
3855
2569
2021
2726
2222
1925
3682
3206
5687
4933
4227
1698
1638
2894
1912
2134
1909
4604
2642
2987
6047
7959
5947
2393
2082
2880
1809
3946
1983
4820
4785
4272
2972
7556
2280
1633
6209
3711
3494
1757
5514
2976
4108
1525
1431
1481
1878
2745
9141
7350
2555
3432
2904
5162
7424
1520
2749
4821
3982
3378
3443
5615
14699
2374
5055
1601
1601
3467
6399
7274
1948
4079
3508
2704
4149
3652
3429
6177
2920
37076
4240
5475
4098
2830
6526
2833
2159
2311
4269
4940
3233
3295
3976
11052
5347
4475
3504
1909
2318
2109
2338
9605
4282
7539
4600
5414
11477
11489
5615
5712
4721
7240
2924
1716
2307
3852
2860
1930
1956
2248
2268
5818
3592
2784
2174
4774
3274
4803
3851
6832
5349
3638
2125
1755
2351
4259
4103
3457
5806
4008
2263
1356
3524
4340
3590
1784
1939
2448
4552
3682
13579
4538
3530
3179
2459
3777
5596
8280
3556
2483
2744
2122
1773
4593
4380
10490
3646
6125
8428
6448
5944
2933
4166
3688
3142
5631
3774
2109
4771
8728
3499
6683
5548
4204
1823
13385
11139
2099
3162
3624
3679
3772
13210
3864
6216
3668
1875
1561
7047
6881
3437
5512
3022
3269
8830
3146
2812
3494
1715
1513
3845
4142
3498
3247
2524
4543
3260
5301
4273
4265
2703
1329
1803
2159
6100
8368
6120
2858
2950
5462
4482
3190
3297
3327
2156
4825
2849
2814
2874
1716
4360
2023
2118
4307
1563
4886
4837
2161
5194
7834
5649
7297
3711
3173
2984
1940
4061
4257
5046
11297
23675
2690
2475
2188
3111
2806
9429
2970
3719
5125
4595
7509
5407
3304
2540
4146
3684
4323
8732
12774
17083
10106
2053
8206
2481
7184
2669
6684
2422
5060
3139
5435
2165
2995
2036
2050
3097
21639
3323
14736
4158
6159
5397
4860
4810
1913
2297
2596
2958
3244
3827
3985
3923
2740
2356
1911
4785
5661
6175
2312
4911
2446
7530
4735
7217
7215
5833
3740
4751
11454
6625
8590
6741
3207
3233
2641
5152
8573
5006
3693
4017
2904
8093
3094
3125
11837
5549
2591
2051
2391
4069
4062
4177
2268
7319
8431
5245
3930
4331
2210
2485
1681
2597
2216
5136
4663
12021
2492
4233
2323
2046
1922
21957
3312
13883
1912
5095
5399
3009
1994
2708
2823
2649
2578
4003
6924
2243
1885
2502
2704
4983
3264
2963
3477
3677
5431
11654
3404
3376
6921
3841
1211
9011
1719
2068
3034
3418
6175
1945
2992
2713
2582
5464
3491
11830
3030
3747
3104
5811
3121
8751
5714
3564
7055
7946
3036
6126
3803
5449
2835
5713
2675
3148
5457
5017
4094
5523
9164
3301
4170
4508
4097
6718
8415
10585
2293
10795
3528
4831
6412
4381
6875
6494
4874
2997
4136
2591
3247
2683
3463
4605
4406
3373
3920
3156
3062
3751
4675
5751
2865
7920
5479
3719
2618
28918
2750
3949
3137
9635
5500
4509
5730
5140
2680
2275
2435
3453
5050
8037
5197
3343
3558
2625
5242
7151
10306
16143
1255
3282
8857
7311
2817
5825
1819
2058
2680
3889
4752
6925
2053
15033
2336
10508
3766
4285
4312
4794
1869
5204
6688
6975
2502
2537
1646
11590
3203
4165
3627
2937
3377
3081
2425
9229
1567
2397
2093
4187
5607
3955
3148
4499
6499
4707
3487
7431
2043
2151
2296
2942
3470
4613
5499
4756
4068
3135
3284
3676
12486
6946
2543
8061
6773
5495
9516
5682
15103
7124
20573
31118
2416
2828
4132
6662
4522
5451
6936
3265
4124
11635
15952
2167
2591
3671
6135
3549
4363
7360
11907
7966
5203
4338
4660
1717
1294
4493
4559
5856
3714
2585
5959
5127
2286
3764
4166
2986
3653
3325
5466
6010
2302
2045
4010
7210
4765
5679
5797
9671
5604
3812
2295
4932
4238
4598
3185
2459
9199
3025
5321
5632
3652
3356
3191
9315
7319
3187
2562
2123
2839
2728
3855
4313
5367
6512
4970
2114
2092
4170
2743
4567
3873
3495
4414
4353
7530
6009
2339
16505
3733
11452
2694
3853
3634
3975
3877
3998
3604
3828
2073
4565
3528
2939
5947
1997
1692
2023
5565
2947
2480
4552
2176
2393
2224
12682
4010
3211
4556
15790
6067
7581
1304
2605
3163
7825
3002
2672
4194
4045
7172
2960
8012
11535
4051
2632
5483
2509
4913
4934
6004
2892
1412
6065
3393
3492
4528
6288
4936
2301
10984
4225
17840
2923
6256
10658
16519
4050
3145
5383
4245
4303
8610
12959
5330
3305
5724
3951
1952
2713
2529
3662
7519
2374
11687
6273
3517
7117
3499
4130
5681
5939
4546
5388
3931
3360
2327
4886
3571
6317
4038
2764
2550
2617
2595
4035
3669
3188
4813
3991
2066
3220
5595
2790
3594
5099
11587
24351
5218
3522
3108
4002
4036
2806
8135
11360
15608
16719
1375
3154
4218
3058
7728
11287
20684
2511
2155
3615
3329
3827
4460
6103
3915
2302
2082
2494
2474
4899
2070
2851
1929
1911
1540
5536
3736
6350
6240
5023
3745
5022
1597
4123
7545
2378
2904
6311
2362
3814
1959
1685
2252
5526
3565
4784
3795
9175
3556
4041
3569
3910
3898
9344
3568
6144
12038
12873
1665
3101
2623
4573
2631
3343
1596
6047
10080
6350
2181
2405
1694
4680
15870
3523
2568
2484
13717
3236
3270
6370
4512
4091
6240
3976
6888
3520
16949
5816
6179
7484
7256
2967
4003
5029
3910
2364
1373
5922
4064
4439
4244
2520
5000
14093
14063
4397
4210
6395
3513
5309
2612
3649
2920
4316
6040
9128
4402
8260
3808
2634
2797
5379
7708
3532
3567
4173
2424
6200
6203
5433
5102
2058
4458
3259
5410
5071
1777
15742
15522
3197
2039
3835
5256
4146
5181
4988
4344
4087
8946
5646
2848
3097
2146
4653
5308
4078
3079
5469
4670
4427
2117
5462
22839
3544
13022
2132
11907
2475
3345
2213
16486
2411
3283
3836
3402
3566
4776
5399
10991
3624
2906
6457
3775
1996
1809
2193
1534
2353
1418
2293
2828
3959
1155
3625
2235
4132
2247
2948
2327
5461
6562
6624
9448
2556
4495
6939
3633
4087
5030
4466
5674
4607
1842
5815
4558
9563
1787
4205
3682
6578
2074
3661
2634
12081
5070
5002
2931
5613
2848
5414
2842
4423
6058
4214
5149
10586
2217
6952
5221
6989
24583
6269
2964
4502
1737
2416
2270
2167
2312
2680
4345
1604
3118
2079
2955
4214
2449
7705
5272
5120
6089
2759
5080
4637
4099
3023
1961
3121
3742
5361
2142
5729
5372
14763
4313
19371
2818
2495
8821
2839
3042
3703
2859
5660
2795
3833
3778
3746
1288
2898
2298
1779
2815
1402
2317
5262
2460
3429
3267
4846
3123
2921
3538
2587
4867
2652
3896
2539
2943
3732
2108
2614
2029
2614
3240
2973
2286
2824
2528
3450
2275
7429
6341
8221
1366
2338
3128
3460
10908
3204
1823
1960
5233
4227
1814
1617
1710
9326
7607
2799
3978
1892
6702
2479
2039
2231
2263
2587
3414
2392
1854
2721
4647
6392
3297
8162
6262
1904
10484
3248
3395
9075
2869
6233
3870
4354
3319
8968
9906
1478
10369
1478
5145
7201
2268
5395
3794
5192
8575
8592
2359
3678
7082
6410
1131
4889
3410
9831
2884
3097
4685
2513
1503
1669
1530
4417
2943
4991
4248
7850
2340
3623
2411
4993
2119
8946
5826
4974
3575
2484
3145
3817
3692
2585
3818
3920
5623
5080
3327
8421
5872
2423
2849
6730
3435
3068
6725
7182
3151
4073
2235
4320
1927
4795
2283
3080
2426
4170
7438
10003
3533
1958
11311
3410
2029
3989
4092
3169
6827
7756
5325
4826
2514
4804
3536
5331
3368
5995
4592
3622
12102
3784
2145
3084
5031
8751
3605
3340
4145
17272
3700
2848
1906
1920
3824
5067
9702
7591
2113
4441
1470
1867
3746
3358
2494
1946
2271
1941
2861
2944
3096
3228
4564
3697
8060
7424
3783
2748
2293
6244
5040
4522
7561
5535
6615
2737
6168
4272
5822
2869
3268
3074
2391
2644
3264
3581
2552
2248
10358
3250
8878
3864
4271
2561
4308
3750
2260
5488
11925
3522
3282
2309
12248
2498
1752
4511
3707
2480
2119
2927
7336
6360
4323
4712
2043
3228
3278
4564
14013
3314
4952
3164
2917
4398
6734
4751
7042
16562
6177
3509
2419
8243
4680
2719
4177
5253
1721
3308
4826
6070
3094
4982
5547
6427
8525
3244
1232
2960
3867
4006
9288
2569
2538
1969
3711
4636
5494
3466
2731
3943
6671
4920
2769
5506
5895
5091
2508
10569
6344
2104
6009
3542
1750
5838
2208
5785
3690
5636
3482
3074
3282
3956
2757
5681
2099
3687
6908
3309
14648
6348
2473
17686
4946
1779
8190
4666
6402
1735
1994
2070
9098
4562
3334
2171
3342
3385
3853
7995
4062
5937
6601
9968
2214
3827
3704
4842
3050
3832
11020
7268
4609
3177
8035
5631
13382
5072
2452
5947
10604
2231
4570
3743
2008
5312
1765
8787
2647
4238
2310
4570
2167
2757
1322
2227
1434
6755
1664
3592
3848
2548
4177
4635
3931
2437
4977
6986
2132
11666
7924
2665
4160
6917
6114
3553
7493
3681
2272
2513
2203
4020
1805
6944
2793
5934
2947
3250
8197
6385
3015
4909
4492
6751
5498
3316
2703
4030
7316
5659
1842
3672
3036
1758
1480
5105
3619
2677
1683
4994
3221
2370
6552
2136
2354
4683
9887
7556
3703
2442
6936
5220
3009
2237
9372
8183
2378
2403
3174
3708
2027
5159
2297
3125
1758
2979
2164
2331
2742
3521
3065
3177
2660
2792
2708
4187
3315
5495
5425
2626
1177
1919
1785
3136
1759
3527
5019
3314
4088
2850
2947
15711
2076
4537
1387
3474
6159
4079
7073
4872
6489
4003
1776
2633
3644
2836
6379
2674
3892
3488
2737
3161
2400
3223
2208
4161
5805
2252
1916
4943
9580
3126
2250
3378
2321
3500
1952
2589
6173
4313
2404
7401
2584
1678
2947
3045
4835
3993
6123
8332
4211
2920
5861
7271
4146
1656
5452
9865
2587
6611
3018
2107
3566
6173
2840
2955
3060
3624
3390
2223
2649
3156
2192
2279
4623
2299
4786
2064
5052
4104
1656
3347
2569
2642
6333
2191
1209
2756
2583
4454
3348
3862
4142
3845
5456
5305
5398
2699
4951
5714
6381
6675
3804
2378
3968
3323
8385
11757
5759
7906
3386
7620
4760
8334
2860
10958
7071
2948
4292
4984
11651
4078
3391
5717
2348
2859
2880
2816
5107
3342
4437
7292
5443
5055
5640
3880
3195
2569
4518
4712
2431
2818
4848
8333
7779
3586
2061
3183
4098
6656
4768
4087
3000
1876
2693
3859
4884
1603
1951
4871
7906
4139
3804
2665
2470
2602
6215
1979
2085
3603
4051
3602
5640
4813
5576
2406
5239
3127
4624
4475
3125
9465
1162
5491
2371
3190
3178
2371
5163
6560
10712
3340
4518
6133
2244
3763
8183
2956
8058
2580
6507
2120
4613
4489
4188
4323
1536
3234
2907
3516
3314
2529
3421
2862
5670
2685
3462
3320
2684
2668
11382
4111
6767
4095
2400
7596
5283
7607
4671
3110
5248
3830
5417
5004
2034
3857
2962
2863
3174
5371
2976
6361
5174
3724
7206
4013
7169
5356
16827
2269
4358
2638
4132
2963
4686
2112
2629
2211
1912
4056
4117
4010
3827
9108
4444
5152
3488
8741
8922
2819
3478
1696
1996
3851
3018
1576
2351
1492
1156
3689
5519
2581
2367
7164
2258
4929
7238
2492
3431
11741
7124
4006
4611
2352
2876
2293
5232
4209
4317
3960
2446
5177
8329
5404
4918
4414
5917
10363
3202
9256
3886
2988
2927
2522
3524
5848
2578
2327
7747
7070
2664
19558
3856
3495
6386
3198
3242
2056
3752
4811
2985
3757
3303
1949
1788
2931
2730
5616
21701
2310
2972
4237
4861
2946
7294
3413
5119
2549
2926
6443
3421
3213
3682
5657
2830
2322
5313
4426
3652
3054
3486
1407
3985
2177
2435
2776
3630
2553
5544
1535
7637
2715
5850
4025
1286
4007
6598
4281
3544
4585
4282
4568
3078
3194
7459
3480
5835
3891
3342
2310
2233
4298
3134
2576
6189
4011
7872
3974
2328
2721
8217
4326
2744
6791
6194
2549
2112
4915
1748
3526
5274
2554
2663
3867
2416
3582
8411
3070
4298
2725
1877
2991
3573
4730
2845
3272
5754
3726
2496
10337
6226
6811
2337
1892
6722
5851
4455
9341
2271
3310
2899
2723
7042
3822
4679
2609
3544
1629
1634
2477
3661
7393
3842
2478
2965
2594
3074
1982
2575
4794
4643
1471
6346
3071
3052
4634
5335
2112
3548
1643
3666
3458
2015
3995
8108
3550
2865
1582
3360
2947
2699
3630
2007
4256
3209
4630
11247
3485
3066
4171
4515
3059
4166
3760
3512
3469
3103
4159
3575
3387
3605
7161
5139
3029
7184
2765
3274
2416
3128
2948
3693
4742
3191
4491
3601
6967
2373
2461
2549
4480
5694
5823
3130
2904
4365
1777
1674
4671
3192
2249
2163
1886
2831
3852
3716
2215
1522
2552
1352
1888
3066
3854
2429
2311
5583
4534
3239
3012
2776
4305
3686
4831
2490
2306
3361
3735
4110
2739
4118
1682
1501
10097
3820
3263
3679
2960
1345
3178
2520
4462
1951
4849
11144
6444
10382
3865
9457
3752
8214
2519
2887
2687
3128
10336
5163
5490
4224
2490
3503
3600
2600
4545
2694
2635
2892
3849
3828
2303
3545
3379
3272
2502
2237
1608
2335
2336
3905
1840
2151
5947
4656
4779
3290
2011
2770
6185
6481
3883
4283
3856
3635
3507
3083
3488
3483
3004
2586
1674
4786
3968
2179
2175
2834
4004
2298
2409
2998
1971
3124
5474
8660
6292
4587
9540
7829
4140
3078
3559
9858
1905
1875
2237
7501
7412
4073
4037
6732
2887
3662
1686
3268
3765
2887
3336
2424
2803
4410
5906
5544
5501
2421
2648
2774
3111
2696
4832
8564
1694
1464
3224
3075
2673
1881
2262
4724
4096
2472
1908
3193
4811
3531
6333
2859
3698
5159
2752
4200
4875
2033
5914
4600
8477
4547
4168
13645
1882
1467
3137
1382
1225
1256
3625
1837
4582
3483
2409
4854
3489
4263
5437
5412
2179
2192
2618
2485
1878
8678
4116
2076
2442
3730
2693
8266
3238
4520
4063
2325
3619
2692
12368
5330
2219
2945
2592
2337
2224
3322
5191
10891
2855
3744
3095
4150
5612
12187
2504
2681
3131
1086
4755
2889
1827
3463
3722
5036
3525
3603
6253
2950
4803
3009
2927
4242
7296
3217
5042
11922
8175
3204
2638
3979
3808
4743
2569
1865
3502
5286
7876
6668
3944
4598
3696
3564
5741
2185
5392
3885
13648
5366
5667
5042
3666
3227
3608
2927
3981
5946
3653
4651
10834
6035
3447
3121
3510
2980
5067
2924
2872
2792
5345
6698
4787
7515
2144
19260
4585
2423
4617
3376
1742
2724
3573
2685
2054
4193
4258
4507
3910
4653
2661
2856
4216
1610
2806
10430
1905
4084
7704
2891
5673
3885
3396
2015
2774
1192
2823
2009
4620
4472
5564
5354
2170
5399
6480
2756
13159
3024
2948
2369
4219
5076
2921
4059
3276
3900
3942
3552
4450
2891
5544
9580
4883
4650
4649
4178
3253
4393
3103
4450
2668
18061
2594
2381
2387
4566
1716
8297
7537
2090
5608
2976
3077
3374
6027
2132
2619
9490
4746
5527
8475
15384
3766
3155
2482
2799
2474
4397
3110
10974
6086
16724
5322
4960
2453
3047
3231
1656
13289
2962
4042
3045
4708
9646
5800
2215
2375
3911
2198
2944
3524
4595
3628
6470
2098
4884
2821
5657
2289
1954
1689
2988
8942
4225
3105
1439
5902
1903
4164
2384
3187
2529
2426
3528
4731
3717
3943
7888
1827
4747
4789
2918
5584
3528
5038
3614
3121
1692
2579
2783
6489
2129
1867
3154
3632
4744
2373
4465
5270
6389
3945
3113
2845
3630
3654
2850
2892
1919
4596
4562
3378
3485
5859
5615
2381
3149
4706
6153
2142
2914
2076
3523
4901
4314
2135
3024
5273
8220
3958
10308
2345
3290
13453
12843
2792
8028
1519
1830
1859
3736
5563
2223
2861
2740
3737
4875
2781
4539
3248
7263
7411
10046
4076
5129
6671
8450
2103
2739
5866
7905
4698
11550
2230
4981
6094
4604
3318
9930
3637
3115
4992
4990
3602
3568
1882
3345
3152
4195
4137
6331
4169
2989
2976
3920
6581
4933
4043
2552
1991
1595
3387
3126
6611
7678
4157
2812
3680
9226
2958
2154
2599
2148
2532
3086
4324
6733
8691
2752
10986
2352
1986
5088
12476
1756
3133
2261
7078
4931
2171
3592
2508
8441
2920
3850
2979
4259
5600
4962
4687
4753
8270
1996
4976
2056
3522
3190
5536
8298
1734
5818
7092
4508
1997
4318
1976
8167
1887
3698
3701
4488
1753
2017
2254
9011
7420
3863
2601
4162
1808
3448
7710
3028
3670
3442
2358
13725
4111
3471
2260
2509
3479
4145
3942
2314
7636
4307
3422
2416
7078
1818
9549
5598
2656
2427
2963
2125
2773
5066
2999
2906
2388
3578
4134
2897
2981
23914
4083
2138
4579
11765
3194
4180
3415
4860
6061
7928
8056
12857
6722
3785
7535
8846
3447
4478
3448
5290
3676
3944
2240
2091
2951
5012
6897
19877
3460
2487
4591
5691
2976
3429
2842
3196
3885
3808
6122
7461
3480
3718
1884
3122
1686
2218
2898
4584
3698
2110
1990
1504
7381
4193
3782
10363
3995
3215
5238
8442
4454
7809
3815
9846
6255
2840
5061
9775
7170
5134
3923
3305
2825
3543
7053
8035
2952
4916
2825
5330
5811
2905
2144
1971
4819
3880
4735
2972
2756
3922
3786
7165
2737
2570
4851
4271
2995
6317
5110
4355
7662
5919
4821
6813
3006
1843
3453
6124
1789
2989
2046
8808
3012
4781
5621
2748
6868
3948
3422
6891
3184
3300
3309
8401
6099
3265
4802
3104
6336
2089
1927
5684
3580
2475
4660
9022
3577
4170
6682
4475
3741
13659
4401
5378
4278
8129
5455
11579
1616
1198
5381
2167
2766
6579
4153
4254
5021
4154
8399
7755
2901
16632
2963
3337
4257
3578
3049
5126
5648
3628
3739
3491
3251
2289
2076
2353
2011
2740
3221
5159
5339
10298
4340
9623
3466
2188
5253
4429
2794
3643
2594
9287
4896
2223
2825
3372
3393
3984
9780
8902
2163
2964
4632
5532
3384
4464
3401
3058
4733
3986
2767
2373
5995
3284
7162
2751
4166
6390
3301
2827
4018
3051
3139
3843
8262
2970
4851
3037
5350
3038
4665
1971
4658
2800
6262
2583
3756
6053
3554
6359
5735
6469
3700
4406
4678
1148
2484
3327
3102
2946
1582
3354
3085
9016
2742
6179
4386
5290
1498
11070
2374
3878
3062
3192
3141
6077
7591
6033
2004
2947
2815
3346
4563
2616
2322
2413
7601
5074
16627
7906
4637
2186
2323
2689
17262
7061
4971
8645
4279
3757
6424
6892
8135
3440
4751
1919
2048
6822
3822
2920
3192
6558
5605
5662
5032
3345
10765
5140
3714
2967
3247
3718
5196
3669
5419
3544
7998
3785
3804
8702
3406
6907
3029
2010
3052
5188
2177
5887
9875
7666
3329
6027
4657
7438
4415
6461
7164
8193
3808
2535
4290
1136
3090
3570
3323
3748
5069
8116
4214
9970
3499
4127
16730
7877
14710
12446
2050
2679
5254
5343
7802
1923
3157
8967
2676
5016
3187
16004
4456
11892
3677
2164
3697
6893
3307
5484
6157
10845
2387
2996
2611
2613
2969
4094
4626
8896
2885
10879
8253
4876
2506
6014
3236
3037
5040
3613
7387
9699
4470
3426
2867
3479
1646
1592
1998
1435
4502
6063
6605
