1818
1650
1641
1644
1684
2027
1943
2018
1398
1964
1315
2039
1427
2236
1742
1752
1946
1858
1937
1690
1758
1613
1764
1648
1585
1593
1565
1929
1581
1671
1391
2017
1502
1803
1572
2033
1558
1965
1676
1548
1656
2023
1724
1811
1763
1933
1662
1702
1705
1772
1652
1755
1703
1910
1671
2048
1636
2246
1745
1791
1667
1957
1588
1759
1591
1716
1646
1630
1747
1873
1615
1982
1688
2146
1594
1606
1452
1892
1660
1766
1753
1728
1612
1554
1696
1740
1313
1656
1311
1672
1328
1553
1395
1470
1318
1303
1379
1431
1912
1628
1826
1620
1799
1604
1679
1692
1794
1667
1705
1649
1321
1622
1261
1579
1319
1440
1243
1586
1305
1793
1427
1843
1621
1482
1644
1481
1655
1528
1771
1517
1872
1582
1792
1644
1367
1869
1401
2206
1313
1835
1419
1847
1365
1844
1315
1739
1835
1664
1866
1616
1645
1554
2044
1608
1723
1528
1905
1633
1425
1675
1365
1608
1439
1589
1477
1832
1467
1641
1542
1826
1930
1694
1979
1616
1866
1704
1628
1563
1815
1770
1581
1574
1574
1810
1398
2110
1464
1689
1665
1567
1521
2285
1621
1909
1559
1440
1530
1658
1515
1791
1549
1696
1486
1774
1429
1809
1817
2105
1735
2371
1810
1973
1576
1911
1613
2029
1565
2012
1441
1852
1423
1904
1465
1792
1520
1822
1533
2364
1483
1916
1499
2151
1839
2547
1640
2565
2042
2006
1721
2133
1793
2504
1388
1596
1295
1588
1509
1796
1538
1740
1500
1658
1551
1739
1372
2156
1362
1735
1280
1518
1347
1707
1342
1614
1302
1625
1485
1744
1459
1628
1415
1622
1420
1592
1355
1553
1406
1678
1369
1465
1381
1523
1353
1582
1279
1567
1211
1503
1315
1835
1915
1575
1543
1466
1616
1583
1745
1482
1583
1491
1519
1690
1408
1816
1527
1853
1921
1809
1908
1653
1363
1884
1331
1711
1534
1666
1910
1533
1755
1534
1726
1604
1816
1606
1885
1576
1401
2144
1413
1796
1385
1837
1441
1525
1391
1823
1405
1787
1666
1526
1778
1568
1666
1466
1636
1346
1474
1484
1459
1554
1410
1985
1598
1744
1599
1795
1368
1547
1510
1592
1494
2057
1575
1498
1527
1710
1565
1626
1568
1678
1494
1647
1553
1581
1479
2234
1542
1995
1491
2181
1638
1783
1510
1881
1397
1981
1534
1502
1487
1594
1388
1566
1357
1506
1501
1528
1471
2152
1469
2046
1530
1981
1519
2258
1479
2102
1695
1631
2656
2057
1441
1520
1378
1604
1525
1720
1559
1622
1507
1668
1559
1666
1238
1562
1256
1497
1306
1550
1337
1449
1254
1384
1274
1389
1495
1554
1473
1478
1571
1500
1486
1522
1562
1485
1582
1513
1254
1487
1290
1644
1284
1478
1254
1393
1416
1451
1382
1691
1621
1596
1595
1593
1627
1484
1617
1441
1691
1444
1797
1464
1266
1463
1314
1498
1404
1414
1404
1457
1378
1583
1440
1657
1649
1536
1736
1535
1841
1488
1785
1610
1874
1602
1700
1492
1403
1593
1538
1570
1466
1479
1604
1541
1481
1611
1514
1477
1893
1509
1649
1382
1605
1545
1657
1486
1551
1442
1681
1556
1471
1567
1970
1497
1870
1576
1700
1636
1662
1655
1725
1742
1579
1374
1499
1418
1523
1602
1684
1607
1563
1644
1510
1386
1628
1641
1506
1771
1727
2789
3070
2367
1569
1435
1544
1916
1461
1558
1642
1678
1416
1786
1398
1760
1411
2230
1451
1610
1589
2702
2165
2465
2308
2382
1588
2169
1584
2189
1773
3207
1561
1559
1532
1610
1753
1561
1713
1691
1639
1724
1765
1658
1314
1403
1447
1498
1363
1500
1360
1400
1457
1332
1294
1316
1847
1608
1817
1604
1943
1505
1798
1534
1868
1532
1946
1438
1286
1296
1369
1448
1636
1398
2045
1396
1426
1473
1541
1508
1943
1671
1627
1506
1731
1514
1733
1524
1782
1488
1837
1506
1446
1534
1532
1502
1821
1596
1562
1539
1654
1671
1984
1782
1858
1580
1815
1620
1765
1540
1729
1569
1797
1572
1718
1632
1654
1746
1392
1618
1487
1643
1652
1716
1546
1664
1442
1438
1597
1471
1635
1383
1629
1382
1601
1390
1602
1480
1651
1326
1584
1598
2060
1586
1710
1588
1703
1708
2018
1652
1797
1740
1625
1568
1629
1499
1652
1668
1849
1520
1595
1602
1739
1544
1846
1772
1604
1774
1575
1872
1855
1842
1722
1720
1748
1824
1613
1670
1667
1830
1503
1766
1477
1680
1424
1814
1399
1488
1756
1892
2512
1902
1948
1821
1936
1886
1544
1813
2174
1996
1805
1558
1725
1855
1869
1774
1877
1573
1792
1668
1786
1942
3252
1510
1940
1492
1979
1446
2544
1362
2756
1508
1458
1403
1598
1696
1767
1782
1792
1724
1698
1565
1729
1658
1806
1531
1370
1370
1542
1422
1386
1452
1288
1426
2404
1570
2166
1462
1794
1604
1823
1619
1766
1676
1787
1572
1878
1488
1875
1494
1524
1620
1614
1681
2330
1976
1768
1791
2805
1672
2144
1951
1873
1491
1832
1504
1903
1650
1794
1675
1959
1623
1827
1658
2908
1837
1562
1812
1632
1904
1746
1852
1632
1923
1850
1795
1863
1538
1719
1420
1602
1468
1590
1388
1515
1407
1738
1476
1492
1741
1621
1664
1648
1836
1722
1908
1534
1972
1500
2332
1625
1414
1799
1500
1897
1502
1716
1488
1751
1541
1716
1610
1721
1842
1897
2013
1502
1743
1595
1904
1522
1956
1383
2001
1705
1534
1593
1477
1539
1642
1391
1646
1513
1778
1517
1992
1816
1926
1646
2102
1520
1926
1583
1980
1751
1976
1647
1922
1741
1602
1790
1799
1861
1602
1811
1626
1697
1588
1537
1788
1572
1562
1366
1579
1450
1428
1312
1462
1340
1616
1398
1386
1686
1706
1652
1566
1784
1588
1666
1560
1742
1656
1833
1478
1290
1400
1400
1396
1330
1422
1324
1480
1279
1480
1382
1479
1567
1582
1863
1678
1710
1590
1727
1644
1783
1564
1908
1604
1478
1411
1432
1822
2048
1588
1514
1552
1530
1546
1438
1706
1768
1531
1864
1492
1807
1630
1846
1689
1739
1631
1683
1592
2043
1886
1500
1750
1484
2563
2429
1664
1494
1918
1482
2134
1689
1572
1649
1394
1653
1576
1549
1538
1787
1508
1693
1564
1538
1752
1806
1900
1460
2082
1531
1870
1494
1799
1511
2006
1634
1528
1764
1516
1753
1656
1859
1556
2026
1490
1627
1472
1478
1906
1944
1773
1534
1732
1531
1942
1497
1808
1614
1544
1624
1586
1647
1605
1575
1780
1601
1818
1631
1772
1493
2164
1407
1656
1429
1738
1574
1919
1518
2346
1788
2067
1742
1778
1701
1454
1701
1766
1778
1672
1612
1842
1710
1837
1718
1727
1331
1424
1292
1410
1283
1404
1305
1544
1301
1642
1310
1474
1563
1616
1587
1578
1677
1398
1651
1535
1666
1576
1598
1635
1318
1538
1457
1836
1480
1398
1483
2742
1808
1590
1412
1530
1675
1526
1647
1580
1561
1486
1693
1609
1834
1434
1925
1578
1492
1580
1840
1702
2453
1722
1442
2314
1416
1718
1432
1744
1675
1554
1602
1635
1795
1668
1785
1543
1851
1655
1922
1476
1766
1580
1420
1848
1478
1781
1527
2270
1440
1800
1413
1924
1705
1536
1793
1496
1647
1461
1526
1466
1602
1497
1615
1470
1456
2070
1414
2094
1608
1973
1486
1745
1444
2318
1448
2894
1682
1370
1774
1513
1685
1674
1735
1595
1610
1657
1678
1597
1468
2753
1808
2385
1688
2207
1604
1946
1548
2070
1468
2574
1509
1479
1543
1624
1541
1644
1647
1835
1662
1593
1623
2074
1402
1657
1478
2070
1487
1758
1618
2071
1516
2011
1775
2340
1555
1461
1681
1494
1945
1532
1870
1690
1926
1894
1827
1712
1361
1456
1268
1509
1382
1801
1333
1828
1282
1634
1377
1733
1670
1558
1713
1566
1754
1582
1486
1628
1647
1601
1668
1714
1518
1630
1366
1706
1382
1616
1330
2093
1307
1908
1307
1770
1806
1574
1638
1538
1737
1544
1925
1524
1921
1528
1863
1412
1390
1730
1720
1548
1442
1582
1396
1672
1466
1938
1542
2473
1760
1502
1618
1561
1638
1538
1623
1552
1659
1488
1771
1559
1706
3096
1422
1706
1657
1977
1881
1888
1629
2558
1464
3346
1543
1519
1718
1496
1631
1463
1488
1516
1566
1494
1481
1546
2748
1613
1588
1848
1415
1695
1752
1974
1446
1906
1447
3557
1619
1442
1687
1572
1699
1494
1744
1792
1683
1564
1810
1608
1364
2734
1500
1819
1514
1854
1660
2360
1609
1694
1594
1592
1499
1518
1572
1694
1618
1638
1523
1752
1476
1762
1409
1801
1386
1636
1504
1784
2036
1680
1504
1798
1668
1868
1592
2520
1690
1556
1761
1549
1867
1594
2087
1670
1819
1675
1720
1656
1312
1644
1317
1650
1258
1657
1318
1715
1288
2632
1312
1785
1664
1598
1720
1638
1735
1578
1599
1612
1632
1582
1558
1519
1294
1566
1288
1621
1292
1692
1346
1742
1318
2144
1322
2312
1606
1542
1637
1570
1605
1590
1852
1590
1787
1636
1733
1612
1408
1560
1280
1592
1556
1688
1712
1535
1558
1656
1592
1748
1696
1526
1846
1464
1775
1460
1641
1550
1558
1540
1678
1544
1634
1898
1608
1709
1658
1468
1812
1554
1450
1874
1418
1905
1566
1590
1563
1590
1576
1558
1541
1560
1505
1425
1589
1454
1594
1650
1438
1590
1394
1517
1376
1856
1588
1788
1498
2226
1529
1448
1467
1477
1517
1474
1759
1502
1931
1558
2030
1642
1608
1705
1510
1674
1493
1756
1472
1681
1616
1764
1565
1658
1704
1656
1589
1615
1454
1480
1502
1636
1490
1830
1565
1688
1573
1660
1603
1795
1730
1552
1679
1620
1744
1822
1878
1988
1843
1473
1811
1579
1986
1468
2090
1582
1861
1505
1871
1572
3815
1566
1485
1428
1390
1738
1604
1472
1441
1489
1415
2076
1665
1518
1708
1482
1742
1704
1643
1608
1575
1584
1609
1620
1341
1503
1318
1471
1322
1542
1438
1552
1872
1442
1650
1466
1654
1533
1806
1604
1610
1633
1627
1556
1769
1526
1605
1535
1820
2082
1458
1554
1458
1679
1947
1564
1541
1508
1442
1541
1647
1649
1660
1593
1779
1572
1739
1470
1580
1510
1603
1440
1510
1468
1418
1759
1523
1718
1460
1586
1557
1939
2058
2538
1551
1722
1539
1618
1521
1582
1499
1542
1617
1540
1578
1398
1432
1497
1512
1569
1848
1622
1510
1670
1482
1526
1580
1664
1645
1446
1659
1583
1729
1520
1698
1488
1495
1538
1541
1560
1710
1649
1762
2069
2736
1831
2073
1755
1652
1584
2086
1596
1391
1572
1451
1517
1490
1528
1620
1406
1514
1444
1496
1934
1600
1552
1860
1735
2067
1872
1808
2044
2071
2338
2466
2058
1802
1558
1811
1548
1838
1472
1992
1503
1965
1492
2097
1527
1314
1731
1298
1831
1420
1521
1244
1602
1286
1429
1379
2145
1811
1520
1934
1418
1754
1415
1831
1407
1646
1404
1633
1429
1248
1490
1238
1552
1548
1786
1534
2043
1322
1515
1312
1660
1448
1454
1506
1468
1502
1356
1530
1521
1563
1527
1611
1530
1342
2096
1660
1652
1418
1438
1400
2204
1681
1409
1681
2225
1542
1434
1536
1478
1583
1506
1574
1503
1533
1428
1594
1380
1487
1448
1738
1505
2872
2076
1836
1456
1563
1710
1944
1840
1617
1472
1480
1520
1493
1546
1528
1534
1433
1454
1506
1508
1847
1853
1638
1628
1460
1746
1680
1988
1354
2355
1601
1540
1530
1412
1545
1534
1795
1606
1833
1642
1569
1544
1759
1578
1634
3090
4240
2574
1738
3110
1572
2076
2216
8444
1792
1950
1488
1518
1507
1706
1605
1576
1572
1694
1484
1573
1462
1776
1510
3104
1812
2106
2246
2182
1674
1988
1670
2055
1786
2761
1635
1373
1739
1445
2034
1403
2053
1376
2152
1412
2142
1347
2094
1508
1924
1508
1239
1588
1312
1756
1282
1478
1538
1448
2002
1343
1813
1384
1690
1380
1597
1350
1555
1356
1550
1364
1421
1376
1269
1463
1348
1468
1481
1492
1389
1541
1598
3524
1518
1334
1379
1438
1531
1400
1566
1325
1438
1255
1521
1332
1472
1652
1502
1492
1560
1509
1468
1496
1438
1700
1530
4326
1726
1376
1605
1362
1490
1354
1589
1322
1482
1334
1449
1367
1758
1572
1452
1628
1478
2064
1606
1563
1812
1878
1565
1764
1650
1404
1505
1400
1492
1415
1494
1332
1425
1270
1434
1365
1386
1591
1495
1798
1518
1602
1349
1692
1609
1702
1692
1946
1438
1368
1544
1448
1666
1486
1688
1400
1625
1440
1577
1496
1460
1702
1416
1622
1844
1880
2327
1778
1558
1514
1714
1864
1575
1406
1580
1540
1651
1528
1694
1487
1661
1612
1511
1693
1558
1708
1488
1664
1694
2104
1583
1926
1660
1772
2350
1586
1822
1379
1769
1296
2132
1406
1903
1342
1990
1312
1852
1301
1536
1728
1398
1468
1239
1440
1314
1623
1355
1502
1362
1470
1533
1297
1614
1384
1482
1252
1517
1218
1531
1271
1593
1253
1468
1562
1305
1728
1356
1471
1309
1612
1561
1616
1374
1533
1542
1262
1561
1226
1491
1309
1576
1292
1531
1278
1423
1218
1302
1514
1378
1486
1373
1418
1446
1375
1396
1526
1370
1703
1486
1290
1510
1354
1418
1338
1457
1313
1605
1357
1581
1276
1492
1341
1432
1630
1374
1776
1586
1578
1716
2299
1582
1563
1506
1308
1396
1282
1476
1402
1454
1384
1402
1367
1372
1390
1482
1772
1412
1499
1539
1640
1540
1754
1887
1580
1686
2018
1412
1328
1495
1284
1493
1356
1504
1354
1414
1355
1512
1444
1691
1634
2060
1796
1598
1724
1809
1848
1572
1694
1456
1866
1492
1418
1517
1427
1566
1452
1439
1566
1425
1503
1505
1492
1502
1990
1469
2053
1519
1842
1513
2226
1538
2056
1547
1720
1794
1322
1741
1424
2146
1307
1953
1353
2093
1270
2086
1323
1461
1700
1361
1434
1236
1524
1720
1511
1340
1446
1396
1508
1756
1361
1787
1283
1725
1290
1644
1281
1573
1338
1521
1454
1334
1538
1389
1544
1686
1867
1401
2116
1421
1576
1505
1646
1430
1374
1446
1412
1404
1400
1524
1450
1586
1338
1548
1380
1378
1614
1564
1534
1496
1486
1398
1712
1456
1444
1436
1604
1494
1441
1467
1515
1406
1360
1697
1492
1646
1371
1683
1324
1586
1992
1518
1584
1495
1744
1642
1690
1550
1565
1486
1797
1716
1328
1640
1338
1539
1323
1653
1328
1509
1513
1439
1375
1506
1714
2082
1638
1542
1750
1508
1618
1747
1868
2100
1680
1435
1260
1454
1329
1539
1434
1536
1404
1391
1458
1417
1393
1674
1921
1437
7212
1510
2214
1560
1631
1494
1850
1570
1924
1490
1484
1415
1600
1390
1659
1543
1606
1462
1648
1388
1648
1492
2096
1629
1924
1636
2122
1612
2072
1458
1960
1732
1566
1765
1375
1636
1448
2021
1386
1969
1340
1777
1446
2021
1433
1550
1492
1387
1638
1448
1555
1524
1757
1364
1492
1294
1721
1900
1524
1728
1399
1581
1392
1498
1482
1530
1434
1427
1390
1405
1520
1336
1524
1374
1794
1528
1612
1335
1539
1362
1743
1472
1385
1499
1413
1594
1340
1643
1452
1478
1416
1514
1384
2154
1511
2174
1437
1338
1502
1395
1422
1463
1836
1688
1705
1508
1478
1713
1433
1706
1366
1734
1438
1729
1520
1707
1430
1367
1638
1871
1614
1510
1570
1932
1722
2382
1464
1408
1695
1598
1384
1527
1413
1414
1424
1414
1648
1382
1521
1331
1462
1438
1644
1513
1701
1508
1844
1419
1634
1521
1620
2222
1662
1330
1305
1328
1388
1336
1473
1351
1478
1274
1382
1346
1542
1516
1576
1627
1606
1470
1706
1519
1842
1970
1867
1578
1668
1340
1462
1235
1505
1283
1770
1250
1746
1297
1780
1350
1842
1489
1836
1708
2121
2050
1932
1644
2150
2466
2352
1680
1862
1671
1382
1494
1442
1694
1481
1654
1456
1641
1450
1818
1417
1310
1495
1427
1695
1527
1827
1532
1548
1553
1488
1261
1498
1669
1434
1511
1343
1456
1291
1484
1369
1419
1420
1375
1350
1294
1662
1339
1543
1527
1552
1418
1487
1320
1424
1514
1452
1372
1421
1406
1469
1496
1485
1623
1491
1718
1639
1645
1584
1407
2379
1483
1556
1420
1764
1474
1763
1486
1532
1432
1632
1685
1430
1589
1520
1495
1476
1578
1420
1508
1434
1514
1490
1409
1505
1468
1698
1508
1759
2105
1891
1778
2351
1447
1634
1488
1539
1469
1470
1376
1452
1397
1514
1354
1508
1434
1479
1530
1652
1488
1906
1730
1857
1795
1872
1475
2266
2190
1813
1362
1540
1375
1500
1378
1392
1451
1519
1360
1626
1526
1452
1421
1684
1352
1777
1534
1757
1529
1833
1463
1628
1636
1772
1310
1504
1410
1626
1406
1896
1409
1600
1418
1611
1293
1844
1582
1897
1538
2040
1580
2252
1534
1982
1454
2255
1420
2078
1630
1426
1531
1404
1782
1464
1877
1544
1671
1398
1669
1316
1332
1601
1578
1472
1615
1716
1526
1508
1366
1512
1250
1612
1655
1348
1581
1326
1401
1422
1275
1320
1317
1484
1415
1440
1324
1740
1352
1500
1496
1700
1380
1518
1322
1556
1348
1451
1407
1455
1450
1478
1577
1449
1618
1446
1514
1370
1521
1358
1576
1570
1395
1790
1505
1542
1391
1812
1371
1967
1496
1761
1384
1308
1389
1458
1498
1442
1486
1434
1429
1430
1408
1536
1502
2617
1520
1600
1456
2424
1460
1982
1486
1945
1526
1620
1439
1604
1321
1508
1369
1350
1335
1465
1346
1448
1273
1608
1462
1685
1627
1824
1546
1722
1760
1779
1414
1784
1656
1694
1424
1545
1410
1462
1389
1516
1329
1522
1473
1500
1457
1446
1372
1880
1402
1610
1500
1683
1300
2324
1460
1758
1970
1706
1418
1550
1355
1490
1546
1632
1399
1586
1458
1512
1503
1653
1436
1738
1551
1825
1462
1880
1568
1944
1424
1638
1672
1812
1785
1384
1563
1416
1649
1387
1573
1376
1565
1380
1533
1396
1294
1446
1371
1814
1471
1546
1440
1596
1305
1720
1248
1686
1448
1376
1378
1416
1211
1344
1283
1411
1320
1250
1330
1384
1278
1640
1391
1536
1350
1600
1348
1395
1390
1538
1394
1524
1502
1376
1424
1462
1677
1480
1476
1392
1444
1427
1413
1421
1513
1628
1446
1662
1539
1604
1336
1875
1510
1560
1474
1886
1314
1490
1314
1360
1373
1385
1462
1498
1496
1366
1399
1347
1527
2050
1371
1686
1458
1648
1529
1975
1568
2868
1602
1742
1373
1485
1369
1844
1438
1576
1359
1482
1306
1536
1387
1564
1731
1762
2804
1618
1492
1676
1484
1803
1432
1696
1456
1688
1427
1434
1482
1636
1615
1563
1419
1434
1269
1656
1427
1396
1462
1718
1608
1696
1660
2738
1852
2299
1468
2010
1793
1598
1441
1686
1492
1553
1449
1552
1402
1890
1450
1446
1439
1566
1409
1857
1554
2003
1730
2366
1570
1894
1580
1955
1654
2184
1678
1452
1659
1384
1465
1370
1626
1432
1443
1326
1491
1382
1495
2262
1396
1728
1342
1458
1392
1834
1551
1520
1294
1521
1433
1353
1513
1456
1469
1425
1295
1489
1391
1494
1393
1616
1310
1562
1428
1677
1336
1514
1922
1884
1636
1856
1382
1493
1550
1589
1436
1382
1451
1401
1349
1590
1406
1624
1452
1372
1451
1916
1682
1673
1540
1620
1477
1929
1413
1593
1616
1652
1354
1325
1570
1393
1473
1470
1529
1470
1598
1454
1420
1469
1297
1603
1342
1978
1536
1915
1456
1936
1480
1836
1550
1725
1445
1558
1391
1592
1363
1606
1339
1886
1327
1417
1372
1505
1397
1934
1485
2305
1980
1942
2392
1728
1510
1626
1370
1809
1462
1562
1486
1677
1361
1550
1354
1643
1431
1790
1422
1504
1538
1630
1578
1782
1508
1662
1608
2036
1546
2108
2638
3897
1610
1430
1782
1668
1730
1514
1703
1456
1706
1674
1683
1582
1460
1594
1446
1926
2050
1610
1576
1786
1588
2572
1532
3082
1577
1426
1879
1370
1591
1340
1589
1327
1433
1386
1413
1374
1613
1512
1378
1615
1256
1540
1447
1651
1581
1661
1370
1682
1645
1349
1542
1343
1595
1384
1565
1352
1441
1338
1331
1480
1316
1661
1252
1469
1375
1781
1908
1474
1334
1624
1330
1659
1334
1375
1491
1322
1417
1419
1398
1439
1349
1462
1338
1438
1460
1907
1302
1666
1321
1461
1435
2430
1503
2304
1422
2014
1518
1443
1365
1404
1477
1442
1500
1447
1537
1458
1459
1465
1450
2350
1392
1656
1525
1694
1581
2589
1622
1684
2010
1990
1359
1513
1388
1612
1330
1688
1466
1607
1391
1804
1381
1650
1414
1750
1438
1614
1653
1762
1498
2414
1530
1812
1648
1968
1445
1654
1489
1662
1462
1518
1363
1616
1406
1652
1510
1644
1536
1642
1372
1606
1442
1818
1402
2509
1349
2347
1468
1914
1571
1428
1493
1670
1602
1744
1577
1651
1738
1980
1635
1718
1518
1890
1472
1826
1605
1983
1576
2624
1530
2732
1606
2964
1662
1593
1523
1300
1540
1362
1484
1396
1459
1361
1365
1315
1333
1838
1467
1871
1352
1660
1274
1519
1297
1543
1396
1915
1326
1322
1562
1424
1514
1490
1316
1312
1367
1392
1435
1462
1210
1644
1238
1632
1292
1586
1398
1558
1353
1632
1396
1591
1391
1377
1247
1526
1365
1468
1294
1497
1328
1472
1337
1656
1342
1494
1368
1745
1433
1806
1448
1888
1587
1918
1505
2019
1294
1457
1380
1456
1450
1468
1448
1620
1469
1674
1446
1536
1678
2084
1406
2496
1536
2133
1607
2164
1876
2062
1879
3227
1479
1470
1483
1642
1536
1718
1589
1714
1764
1642
1818
1656
1503
1996
1529
1756
1476
2333
1422
2780
1530
2166
1402
1612
1377
1660
1404
1614
1389
1497
1439
1458
1345
1520
1405
1651
1466
1690
1507
1940
1344
1505
1524
2238
1473
2268
1436
2054
1437
1670
1451
1682
1515
1418
1507
1482
1571
1541
1433
1646
1479
2128
1570
3520
1728
1816
1396
1681
1340
2252
1450
2232
1526
1420
1507
1392
1493
1394
1387
1440
1549
1412
1521
1406
1448
1541
1276
1676
1368
1530
1261
1538
1333
1524
1386
1542
1441
1366
1307
1468
1399
1410
1394
1372
1290
1395
1420
1422
1238
1544
1255
1479
1238
1931
1333
1670
1396
2128
1313
1498
1204
1365
1297
1488
1327
1383
1348
1443
1381
1346
1451
1542
1462
1690
1594
1766
1409
1842
1597
1783
1403
2018
1458
1744
1366
1600
1411
1624
1639
1612
1738
1526
1566
1548
1582
1572
1514
1997
1525
2062
1564
2860
1586
1992
1570
1862
1446
1682
1406
1434
1714
1520
1736
1650
1503
1819
1501
1588
1507
1572
1574
2359
1509
1840
1477
2108
1494
2702
1600
2020
1428
2170
1461
1609
1541
1557
1585
1564
1397
1526
1436
1384
1446
1454
1558
3882
1526
2096
1366
1836
1482
1862
1628
4644
1671
3740
1364
1484
1481
1484
1623
1488
1697
1779
1498
1724
1478
1796
1546
1899
1520
1884
1543
2122
1475
2704
1408
1857
1540
1887
1448
1406
1523
1512
1551
1339
1528
1422
1407
1382
1503
1473
1468
1758
1345
1433
1251
1412
1248
1773
1287
1440
1246
1942
1505
1421
1406
1454
1305
1451
1396
1474
1642
1498
1273
1392
1235
1476
1304
1485
1311
1639
1350
1616
1464
1610
1244
1838
1405
1402
1397
1418
1512
1411
1333
1452
1382
1416
1468
1462
1530
1924
1584
1752
1407
1931
1379
1698
1608
2559
1442
1821
1281
1562
1335
1472
1459
1502
1439
1560
1783
1589
1588
1704
1389
1607
1430
1808
1400
1732
1462
2434
1394
2160
1520
1902
1471
1597
1649
1447
1453
1566
1327
1708
1622
1723
1472
1640
1580
1988
1452
2166
1509
3782
1832
2138
1526
2182
1604
2306
1608
1634
1549
1832
1562
1674
1509
1623
1373
1504
1575
1731
1519
2015
1476
2063
1442
1928
2428
2036
1858
2034
1782
1960
1458
1942
1885
1688
1545
1602
1543
1654
1674
1852
1933
1928
1470
4334
1456
1759
1380
1781
1388
2010
1447
1848
1554
2910
1412
1520
1493
1477
1641
1490
1547
1540
1567
1498
1478
1454
1545
1526
1329
1590
1342
1580
1498
1626
1277
1707
1370
1744
1369
1472
1361
1467
1274
1462
1359
1548
1422
1354
1405
1414
1228
1487
1251
1648
1401
1725
1390
1634
1298
2282
1425
2717
2248
1425
1464
1368
1267
1304
1341
1380
1346
1352
1439
1387
1336
1608
1313
1802
1290
1976
1432
1716
1439
1864
1420
1760
1508
1443
1449
1426
1449
1462
1430
1452
1487
1713
1557
1904
1482
1612
1650
1872
1389
1836
1439
2109
1594
2214
1606
1748
1375
1690
1450
1459
1494
1458
1390
1580
1502
1680
1579
1900
1510
1633
1448
1901
1420
1763
1518
2227
1442
2006
1484
1713
1456
1725
1422
1688
1425
1722
1396
1866
1513
1789
1495
1976
1450
1953
1660
2340
2053
2172
1452
1796
1976
1998
1433
1976
1466
1806
1446
1966
1473
1918
1515
1835
1523
1700
1469
1742
1565
1946
1467
1936
1626
2888
1612
3677
1760
1867
1628
2768
1551
1539
1437
1450
1449
1478
1477
1502
1556
1367
1377
1452
1723
1545
1533
1712
1503
1514
1681
1612
1542
1521
1591
2672
1263
1478
1304
1371
1375
1417
1318
1349
1296
1342
1301
1418
1294
1762
1352
1611
1284
1618
1338
1749
1273
2028
1524
1842
1332
1391
1297
1393
1382
1326
1400
1364
1474
1370
1408
1426
1408
1711
1354
1774
1344
1598
1440
2068
1374
1762
1350
1790
1382
1393
1340
1422
1406
1502
1540
1458
1569
1539
1704
1641
1371
1716
1546
1892
1682
2549
1546
2034
1361
2196
1540
2308
1509
1698
1426
1710
1545
1460
1369
1530
1402
1682
1430
1783
1378
3344
1526
1635
1377
1522
1404
2664
1787
1849
1432
1996
1355
1810
1398
1898
1412
1656
1362
1720
1344
1850
1441
1870
1610
1870
2736
2815
1530
1984
1458
2103
1666
2057
1805
2450
1448
1950
1466
1854
1419
1664
1481
1560
1372
1505
1463
1850
1536
1685
2166
1822
1630
2036
1578
2036
1544
2224
1532
2462
1646
1396
1572
1409
1551
1346
1481
1437
1439
1366
1295
1482
1644
1683
1432
2004
1360
1638
1469
1832
2385
1522
1301
1664
1315
1505
1312
1438
1333
1522
1304
1424
1445
1422
1396
1450
1377
1691
1234
1602
1434
1531
1353
1596
1458
1847
1348
1524
1207
1368
1318
1386
1460
1362
1350
1392
1410
1408
1407
1405
1422
1630
1470
1720
1306
2074
1376
1900
1353
2393
1572
1652
1451
1400
1371
1433
1454
1526
1459
1499
1527
1550
1698
1562
1374
1790
1445
1658
1584
1655
1802
2180
1564
2355
1500
1535
1542
1638
1498
1562
1472
1636
1469
1446
1432
1466
1403
1519
1628
2122
1527
2006
1820
3172
1600
1950
1548
2252
1650
1786
1501
1678
1360
1770
1384
1828
1437
1700
1400
1724
1546
1890
1676
1672
1456
2252
1402
2832
1398
2074
1473
2099
1456
1836
1402
1990
1349
1876
1329
1716
1370
1562
1354
1482
1380
1484
1607
2062
1597
3580
1776
2040
1580
2712
1972
2318
1755
2180
1500
1374
1485
1378
1405
1334
1396
1385
1486
1421
1571
1620
1386
2475
1611
2623
1692
1839
1492
1711
1394
1801
1278
1829
1288
1355
1253
1529
1370
1455
1270
1511
1417
1493
1365
1386
1341
2091
1454
1747
1346
1666
1518
1826
1315
1495
2039
2011
1264
1369
1335
1451
1339
1402
1352
1396
1334
1411
1346
1358
1329
1803
1330
1699
1320
1831
1310
1809
1233
1895
1412
1677
1282
1348
1371
1493
1341
1528
1354
1532
1523
1606
1494
1786
1315
1803
1385
1914
1704
1846
1624
2270
1524
1775
1293
1989
1676
1662
1580
1563
1364
1724
1274
1516
1466
1465
1395
1491
1583
1645
1458
2086
1685
2187
1486
2061
1524
2025
1518
1909
1606
1578
1383
1706
1352
1826
1349
1950
1371
1680
1385
1820
1576
1984
1565
2442
1580
1554
1538
2194
1447
1854
1523
1517
1331
1882
1316
1689
1416
1603
1379
1527
1414
1742
1345
1858
1651
1509
1698
1685
1559
1992
1486
2052
1668
1860
1700
1712
1341
1380
1413
1364
1497
1350
1410
1336
1293
1420
1318
1408
1590
1927
1534
1879
1536
1617
1451
1535
1575
4486
1398
1993
1280
1500
1290
1508
1280
1585
1343
1388
1382
1443
1395
1410
1352
1812
1190
1663
1182
1716
1350
1649
1406
2055
1557
1815
1387
1373
1364
1344
1394
1466
1273
1408
1345
1511
1396
1346
1270
1708
1340
2157
1454
1771
1284
1601
1357
1774
1472
1410
1375
1364
1454
1395
1360
1405
1351
1577
1487
1419
1291
1600
1364
1897
1518
2080
1536
1691
1486
1774
1510
1632
1351
1706
1365
1751
1287
1609
1487
1669
1333
1635
1404
1476
1318
1492
1440
1707
1686
1879
1474
1761
1548
1890
1472
1938
1593
2147
1300
1636
1305
1706
1358
1684
1315
1782
1351
1838
1275
1772
1572
1771
1839
1775
1812
1913
1407
2287
1554
2373
1616
1567
1406
1547
1333
1666
1384
1680
1389
1744
1357
1956
1370
1933
1563
1677
1658
1657
3366
2324
2623
1703
1640
2101
1714
2275
1446
1269
1492
1304
1350
1354
1334
1334
1360
1404
1336
1448
1549
3042
2364
1676
1376
1538
1516
1769
1342
1715
1353
1464
1179
1364
1323
1374
1287
1370
1310
1366
1422
1361
1346
1491
1472
1938
1208
1626
1234
1701
1346
1681
1374
1840
1301
1575
1374
1438
1378
1330
1345
1410
1316
1396
1382
1348
1321
1351
1311
1845
1362
1847
1580
1966
1375
2058
1316
1775
1618
1808
1320
1336
1356
1424
1312
1516
1406
1537
1329
1512
1360
1678
2250
1905
1446
1993
1560
1960
1506
1917
1657
1736
1360
2238
1299
1552
1380
1720
1373
1632
1367
1522
1376
1624
1349
1404
1464
1757
1364
1959
1394
2155
1863
1897
1720
1804
1715
1948
1257
1670
1412
1630
1359
1828
1471
1718
1414
1540
1444
1788
1525
2117
1540
1734
1556
2067
1606
1821
1539
1906
1700
1941
1383
1480
1391
1581
1404
1831
1441
1810
1325
1975
1369
1888
1591
1481
1563
1671
1502
1851
1786
2421
1714
1992
1556
2313
1444
1440
1419
1390
1467
1383
1390
1356
1447
1341
1370
1360
1463
1847
1916
1771
1408
1730
1510
1693
1504
1718
1440
2020
1265
1282
1330
1394
1399
1330
1318
1380
1286
1386
1306
1370
1284
1731
1424
1782
1386
2010
1412
1873
1435
1783
1435
1581
1370
1360
1392
1443
1436
1424
1379
1362
1469
1400
1368
1384
1358
1577
1211
1666
1521
1723
1366
1961
1396
1703
1359
1687
1405
1443
1409
1420
1380
1468
1332
1485
1344
1403
1438
1455
1426
1879
1360
1833
1420
1814
1402
2113
1482
1730
1431
1681
1339
1608
1487
1766
1370
1669
1418
1394
1404
1592
1374
1626
1340
1729
1382
1964
1451
2037
1324
1863
1392
1647
1468
1715
1451
1465
1402
1528
1464
1518
1953
1514
1453
1854
1432
1590
1556
2022
1580
2035
1692
1891
1439
2238
1393
2045
1783
1903
1386
1872
1350
1742
1524
1652
1582
1691
1492
1796
1426
2014
1674
2253
1508
2205
1634
2117
1647
2038
1862
2162
1651
2727
1366
1350
1543
1370
1442
1309
1372
1320
1426
1358
1430
1305
1478
1679
1320
1794
1483
1735
1382
1836
1510
1739
1435
2030
1286
1396
1458
1362
1490
1412
1498
1440
1359
1308
1381
1360
1320
1912
1466
1749
1312
1723
1336
1979
1310
1827
1256
1727
1365
1362
1532
1379
1452
1374
1447
1398
1531
1354
1612
1322
1359
1819
1742
1839
1654
1712
1810
1683
1412
1696
1377
1865
1375
1386
1404
1338
1425
1406
1527
1428
1448
1478
1410
1572
1440
2255
1490
1602
1404
1875
1424
1969
1482
1636
1553
1948
1490
1568
1489
1610
1350
1741
1454
1770
1501
1678
1408
1562
1342
2187
1609
2171
1426
2467
1618
1771
1333
1893
1440
1694
1302
1710
1429
1481
1459
1528
1549
1523
1470
1492
1518
1462
1485
2561
1496
2276
1702
2371
1402
1982
1516
2803
1534
2439
1511
1699
1447
1786
1498
1952
1558
1549
1469
1628
1564
1852
1454
2043
1460
2270
1519
1841
1671
2094
2136
2167
1766
2029
1290
1278
1462
1288
1411
1338
1241
1311
1382
1362
1399
1423
1408
1877
1414
2181
1424
2043
1664
1982
1374
1856
1350
2011
1360
1327
1307
1350
1458
1458
1405
1348
1349
1426
1437
1404
1250
1928
1452
2099
1297
1900
1376
1877
1417
1875
1265
1930
1442
1434
1412
1417
1432
1412
1368
1402
1400
1978
1347
1598
1376
1931
1608
2277
1616
1386
4610
1829
1338
1884
1434
1691
1409
1382
1391
1340
1409
1380
1408
1356
1466
1390
1394
1476
1333
2125
1355
1555
1468
2036
1408
2007
1467
1782
1336
1617
1237
1447
1354
1614
1443
1628
1434
1574
1444
1746
1356
1580
1436
2042
1389
2338
1540
2320
1400
2091
1442
1956
1570
2239
1426
1396
1575
1564
1494
1476
1570
1304
1513
1438
1440
1751
1861
1961
1440
1905
1510
1969
1723
2613
1444
2490
1428
2416
1507
1599
1338
1686
1551
1763
1568
2048
1588
1697
1444
1729
1583
1961
1549
2431
1681
2260
1807
2323
2117
2323
1918
2563
1493
1568
1384
1423
1288
1362
1522
1395
1370
1362
1375
1432
1589
1886
1503
2127
1539
1685
1392
1927
1577
1729
1342
1728
1325
1434
1352
1426
1231
1456
1246
1552
1333
1488
1321
1366
1328
1804
1379
1875
1436
1731
1394
2092
1307
1876
1300
2034
1397
1396
1201
1416
1357
1454
1289
1394
1362
1327
1387
1326
1459
1793
1436
1941
1430
1731
1338
1913
1327
1975
1310
2190
1354
1342
1512
1394
1522
1254
1382
1362
1458
1294
1452
1378
1381
2157
1456
1467
1578
2425
1592
2053
1344
1679
1356
2491
1698
1458
1609
1434
1409
1460
1517
1536
1409
1500
1487
1741
1354
2233
1510
2376
1400
3005
1474
1922
1552
2098
1615
1890
1414
1511
1472
1528
1497
1532
1456
1412
1405
1492
1530
1580
1698
2423
1452
2111
1411
1853
1594
2218
1516
2534
1690
2333
1448
1612
1528
1780
1471
1865
1457
1785
1328
1926
1466
2018
1728
2147
1675
2454
2705
1871
1440
2207
1443
2049
1690
2408
1462
1612
1372
1389
1255
1248
1380
1431
1301
1349
1284
1430
1568
1789
1598
1847
2122
1799
1430
1805
1433
1726
1449
1955
1303
1443
1214
1496
1291
1610
1300
1432
1543
1407
1452
1555
1699
1719
1340
1664
1417
1759
1284
1787
1368
1684
1318
1681
1501
1525
1372
1452
1352
1404
1321
1450
1332
1451
1417
1413
1424
1574
1441
1697
1334
1695
1502
2035
1320
1942
1406
2037
1300
1499
1300
1549
1517
1434
1297
1438
1320
1430
1409
1518
1466
1801
1379
1528
1651
1710
1611
1844
1382
1885
1592
2035
1331
1572
1414
1524
1726
1502
1766
1512
1603
1468
1686
1594
1484
2125
1510
2261
1456
2207
1403
1736
1446
1937
1880
2330
1500
1676
1504
1782
1427
1518
1528
1576
1504
1556
1414
1538
1512
1929
1554
2107
1405
1919
1376
2196
1360
2083
1540
2449
1473
1658
1770
1724
1469
1905
1572
1824
1664
1673
1851
1886
1590
2641
1634
2054
1582
2582
1679
2184
1554
2663
1981
2324
1509
1291
1408
1322
1325
1352
1313
1360
1416
1329
1420
1391
1748
1565
2525
1734
1404
1837
1498
1855
1489
1859
1453
1988
1367
1439
1372
1408
1188
1488
1496
1394
1421
1426
1558
1529
1389
1873
1224
1818
1363
1815
1376
1692
1333
1747
1322
1660
1262
1481
1265
1466
1310
1398
1553
1464
1334
1423
1521
1462
1232
1635
1432
1778
1680
1839
1458
1829
2295
1929
1794
1829
1250
1590
1216
1360
1490
1601
1454
1457
1468
1347
1389
1474
2566
1920
1463
1833
1338
2025
1504
1900
1362
1847
1460
2331
1263
1528
1379
1428
1362
1440
1654
1482
1844
1478
1808
1518
1445
2874
1363
2261
1410
1961
1534
2211
1362
1939
1414
2847
1519
1677
1682
1780
1448
1790
1523
1578
1560
1642
1403
1508
1519
2058
1596
2305
1682
2332
1524
2402
1641
2484
1491
2666
1458
1418
1495
1704
1380
1972
1296
2078
1510
1922
1484
2198
1536
2526
1496
2677
1702
2571
1908
3251
1794
2688
1879
2164
1249
1342
1407
1378
1301
1378
1306
1345
1308
1441
1339
1426
1718
1511
1897
1439
1470
1434
1558
1885
1498
1535
1460
1611
1288
1430
1430
1518
1348
1457
1308
1669
1401
1502
1409
1552
1442
1718
1298
1817
1355
1855
1286
1871
1303
1840
1320
1640
1346
1533
1245
1434
1460
1562
1388
1378
1409
1530
1437
1500
1395
1753
1462
1578
1348
1867
1322
1836
1479
1928
1403
2273
1392
1478
1554
1502
1464
1482
1357
1604
1551
1494
1468
1536
1783
2061
1511
1729
1554
2205
1510
1703
1592
1875
1340
2351
1210
1472
1456
1548
1498
1530
1863
1620
1760
1559
1426
1851
1434
3065
1626
1917
1422
2341
1432
2457
1294
1897
1512
2007
1440
1568
1733
1656
2072
1986
1460
2032
1678
1955
1472
1641
1706
1996
1606
1897
1606
2368
1616
2002
1681
2599
1557
2742
1469
1580
1598
1504
1333
1690
1462
1898
1616
1880
1462
1865
1608
1549
1486
1851
1418
2882
1740
3631
