5855
7268
2868
2568
2751
10487
5658
6044
5342
2727
4192
2384
8765
19900
2217
2450
11864
14765
15285
3246
5009
4336
3365
3968
4529
2526
4954
4670
14008
4162
2541
5013
3209
8110
2615
4705
2639
4708
3352
2456
2896
8145
3864
3666
5994
3573
2136
2039
8331
9696
6662
2435
11909
3945
6376
5531
2940
4774
13124
4095
3868
2979
2527
4943
4039
6633
11883
2673
8146
2579
8063
2893
2775
9376
2866
11009
3491
5385
2416
3629
5020
5021
2037
1956
2439
3625
2898
2800
2155
4090
3899
8142
1845
9369
3873
4285
1980
2949
3754
2455
7644
1957
2269
3963
4099
3468
8042
18977
9816
3994
19296
28015
4115
4675
16700
2841
2907
2748
5557
3698
2489
4242
10958
2193
4765
2291
3347
2060
2377
5753
3545
3274
2464
2739
13670
4199
12498
21689
2544
5008
8115
3985
3704
4059
3739
4911
3240
3458
6927
2661
2794
2350
6458
2506
2892
3294
3197
4480
6491
3401
3699
5454
7912
4865
5251
8943
4085
3939
12774
6003
3459
7956
3644
4814
9834
4561
2682
2299
2930
15959
2239
1912
12574
6496
7240
8069
4731
2656
9017
2537
3400
3641
3044
3941
1484
2264
1464
3620
1415
7580
1544
3311
1471
4296
1521
4245
24831
9962
12001
16024
19368
5096
4133
6095
9612
6860
6328
8990
1441
4742
1449
10000
1378
2614
1385
3424
1498
9478
1482
2894
4351
8874
20191
14853
3241
21619
33055
2781
4737
5098
17868
9441
1320
2329
1370
2096
1441
5716
1424
7740
1387
4592
1409
4256
5230
35391
10002
11075
15921
7112
10319
5129
2799
18967
1928
5633
1430
3815
1485
4855
1458
3558
1427
3275
1497
3976
1487
5703
13474
3867
14586
5262
5715
9019
3799
3491
4348
1893
2463
3282
5410
11555
4249
3916
2056
5234
16862
2616
1650
2441
1740
2717
14391
13824
8505
6622
9057
4073
14552
3921
6125
7064
2973
3213
2122
6359
5834
2324
1800
3867
1661
3701
1771
3695
2710
2658
3592
13330
8799
4424
4300
6991
13756
2870
3401
8274
5304
7448
1874
7379
1924
3618
1592
6526
1580
2429
1660
7698
1618
3115
2977
3759
22693
11275
5129
4204
10580
2555
6055
3218
5711
8749
1584
3322
1539
4888
1476
2276
1541
7327
1496
7063
1516
2663
2950
16436
6915
5013
3832
4023
10420
3847
10652
3113
3012
2657
1576
2345
1442
3596
1524
1867
1435
1896
1508
1944
1502
3334
4724
6275
7710
3297
3482
4016
18475
4554
4716
2736
20710
3615
1314
2309
1470
2406
1409
2979
1475
2644
1459
2973
1488
2941
3749
4916
2975
4203
5266
5175
4121
3088
6724
3958
4285
3618
1484
3516
1446
2435
1433
8135
1462
8112
3450
3277
2030
4572
3555
2455
15196
10560
4195
4214
6692
3941
5009
2742
3370
5531
2456
2534
2130
6275
2850
5925
3913
2389
3923
2662
4552
3675
2873
2550
4359
3573
6368
3809
4949
2702
4483
2239
4041
2840
2939
3896
3772
2544
4415
3040
2702
4081
10125
3851
4697
3030
6360
3377
10405
2466
3425
2985
12207
3086
2347
3479
2794
2363
12132
5056
3387
3192
5368
4093
7100
8842
10293
2714
6538
4675
4006
2746
7929
2878
13011
11377
6130
3979
4381
2657
4355
5073
3991
2287
2942
2549
2874
2776
2842
3428
8235
3680
3758
1985
2748
2952
2698
6820
6152
24058
21289
10283
2362
2188
2915
4254
2320
3523
7606
2828
4329
5226
6481
5137
5171
7095
2829
2759
3707
9554
16069
6497
8569
12221
6718
4607
3299
3596
6535
5155
1528
3432
6667
3761
7346
2588
4270
5003
5080
3963
2665
2760
2860
2325
11235
2949
2242
7573
3374
2429
8722
1829
1827
1923
3398
3337
2567
3553
3794
5385
1660
2315
3353
5082
6821
2126
3409
3197
4255
10401
9561
2626
11594
5622
3438
6418
7556
33387
35341
2825
2137
3710
3366
3646
2812
2444
2886
3524
3035
2477
4194
5072
2659
2712
6430
3776
4705
2934
12363
6630
9486
13927
3024
2992
5497
4267
2812
4927
1945
2508
6253
2479
2698
3244
5716
2559
2999
1905
3106
2405
7522
7690
3471
2864
3520
2509
3799
2579
2636
2032
2553
2316
2477
2420
3002
3540
3134
3258
8749
4069
6737
3611
4042
2480
4680
3531
5171
2306
5259
4335
4667
7295
1968
2696
4543
6441
6742
2327
8581
2878
6183
2683
4910
5438
2958
4158
2518
3051
3707
3496
3829
2433
3629
2983
2659
3582
3121
6454
2375
3058
3340
2594
2107
2435
2083
2276
3561
3412
8457
3216
3853
4243
8904
2674
2409
3017
7005
3851
5673
2268
20395
6874
3728
6503
3847
3043
3212
3696
5179
5935
15051
5552
8795
4501
8738
8255
24151
9718
31179
16525
4277
5723
1406
4192
2328
6243
3281
5701
2728
2611
3427
4962
4222
5214
4013
5849
4665
2908
3032
2834
3127
4333
14848
6135
17183
3132
5305
5513
2940
5400
3108
9145
5066
3151
7486
2813
4992
6327
4701
3029
4315
3890
14546
5284
4796
3008
22110
3249
13183
2992
3847
6796
4742
3740
9923
5798
2348
7302
13492
6063
8870
6309
17022
3792
5642
3232
4271
4378
7943
3063
3609
4972
5820
8560
4476
4879
5461
2620
4212
2569
4573
2165
6531
3213
4175
3643
3636
5132
2997
5963
3540
3524
5914
3517
2700
4080
2632
3532
2199
4690
6600
4005
12522
2423
3119
2253
8321
5322
5129
3074
12135
4280
10764
6989
2740
4271
6550
2922
4298
6097
1990
4671
3846
7224
3835
3630
4605
2731
3194
4200
2411
2545
2080
2756
7218
4313
6699
7446
2912
2921
4272
3907
5104
3396
6771
5524
2752
2617
13229
11398
9308
2811
2730
2434
3644
2343
2466
5195
14224
4094
15296
14981
4737
2265
10364
3298
6951
11385
11308
3062
5168
10660
2144
3592
3806
3173
4987
4866
4110
3577
11178
2120
3797
3657
10439
2723
2686
2373
7736
4609
4012
8183
3558
3122
1626
2378
4381
4426
5483
7119
4537
4925
4540
4161
12535
9702
4579
2598
3406
5781
37444
2790
7183
3424
4583
2062
3202
3105
2371
3886
6710
2723
4261
3299
7039
11208
10128
4411
3513
3667
15128
5062
6823
2994
2567
10141
37824
2389
4036
2565
3611
5651
3969
7301
3066
2479
3767
8159
3058
9092
6611
4457
8986
3453
4113
3540
14341
6192
4054
4710
7800
5650
4927
3335
7164
3158
3529
4131
4044
2387
3146
3971
3165
3634
42022
2679
4474
2784
8306
15002
11196
3430
3219
4557
4699
3573
5282
4073
8369
2478
3689
4577
5547
2802
7024
5079
5727
6124
20172
2183
2961
35540
3319
2854
2134
3720
3401
4350
3559
9478
7664
4183
6160
3327
2894
3206
4130
5796
2051
4030
2845
3750
4273
12471
2874
4238
2362
2999
4116
3205
3003
2701
3623
3840
4515
5312
4980
2837
2448
3255
4562
2676
2170
2445
3616
3428
5986
4739
2915
2916
3509
3560
8251
18509
5149
2408
4898
19951
18582
4144
2478
3828
5398
3240
3882
4471
3195
2634
1979
10714
2444
2434
5984
4642
6412
2746
11829
8077
38261
15319
5616
13124
8356
4697
4618
3485
5384
4388
5427
3331
3479
3184
8918
4237
9527
19415
15071
3330
14071
3269
10291
4022
6896
2614
4737
5412
4471
3039
5721
3083
8815
2441
5682
3856
6099
1869
3246
2349
7081
3137
5378
3004
3500
5176
8055
4087
7500
4253
6324
2717
4298
5849
5372
7481
5609
3216
5614
3168
6929
5600
14541
2872
2508
3431
2142
2677
3078
7812
28060
12534
16436
4218
6348
3688
9478
6487
2422
10182
2588
2441
2706
7052
3167
2141
4372
3205
7597
2818
10061
7114
2557
3253
5351
4376
2621
2811
4801
4504
4902
4435
6697
5685
1668
2490
2941
2606
4393
3821
7849
6360
7425
7192
9946
6614
3902
3633
2313
3549
6245
5618
8238
6594
2592
4595
8144
5357
3320
3748
3496
2581
3614
3511
4214
4294
3272
4818
5899
10397
10966
4121
6136
5225
18469
7338
4871
5368
3786
4157
8192
3190
5237
2239
4165
2186
5754
3556
7149
4177
4225
2694
7185
2530
5792
4191
14273
2752
5252
2420
5180
2473
4778
6411
8776
7628
6296
2644
3603
2944
7237
5978
3244
3461
3916
3584
5207
4741
19693
13586
2439
7099
14608
4861
8197
4094
12028
6839
4797
15455
2090
2252
5746
3282
9333
4235
3068
2567
3845
3454
3856
4074
12709
2599
9320
3419
2168
3165
7798
5113
3388
3475
5213
12799
4227
4393
19332
8359
15406
2957
9513
22641
3644
3042
10254
4633
4012
7865
5262
3140
8974
4001
11324
7786
5892
6977
5580
2879
2251
2366
2993
2819
6422
2637
3506
2598
2718
3774
4890
3524
2561
3221
4169
10665
17957
2461
3164
6018
5628
7461
5438
5643
5132
6578
3444
5536
5615
2994
14959
10329
5175
4816
5396
2280
3282
3098
3062
5193
3681
3849
4596
3643
3968
12181
4231
4426
1592
1997
11534
4708
5277
4000
4995
5638
8092
2325
4120
2759
4693
9624
8083
4108
9594
4725
8564
3726
6766
8230
4891
8069
7726
4223
6333
5409
4236
4160
3897
5037
4198
6636
3643
4399
11407
4616
2641
2677
10053
5359
13519
3040
13338
3654
11790
12657
4098
2891
7760
3253
17289
2450
3736
4698
2303
3546
4384
2382
13315
6196
7656
11097
9660
2978
7584
5829
3786
4452
4602
3232
3177
2366
3428
2053
5163
3801
2750
7531
6232
2863
6109
2465
17111
2666
3502
2511
3166
2516
4648
3159
7673
3722
7135
7057
3019
3557
3755
2245
3761
3013
8270
2536
17459
1961
25171
3751
5936
2783
7243
2369
5561
2697
3825
2448
10719
4445
4203
2853
5076
2571
9511
4776
1919
2440
6708
3759
4231
6967
15593
2440
5668
2761
4254
2929
13513
2872
4304
4152
6755
2934
7840
5955
2567
4169
5562
7412
6175
2335
14719
3975
5389
3466
4367
2939
42001
3080
4771
4645
3865
28267
7862
3763
4801
3238
4313
8872
2148
2182
3828
3394
5058
16422
6237
4866
3764
5913
3387
9069
5625
9012
8267
5374
3378
7388
7842
3389
22068
2832
10079
2488
2062
2216
17969
5684
4094
5564
6424
5049
9832
3151
2258
4516
17839
6252
5754
4414
5554
4254
24434
4343
7366
2363
5362
2611
4698
14078
1999
4581
5071
2869
5938
5603
4798
2772
2930
2423
6853
2127
3840
8188
6854
5472
3340
2472
6124
5063
19353
8193
6008
21690
3378
15391
3737
3299
3793
2491
6211
3970
9481
2421
3900
3524
4641
6141
14946
7165
9490
3492
2990
2748
5692
2559
3855
8207
3669
3343
9357
2852
8316
4500
2362
2374
2436
3328
6936
4090
5686
18905
37684
3149
8847
2540
4862
2803
11506
4696
1757
2864
2605
3906
3247
2770
6696
2479
2672
5901
7120
5660
4195
3690
7840
4703
7833
2829
4791
4829
14944
5562
12200
4752
2223
11081
2573
14403
3182
2542
5583
5541
3512
7125
7782
3331
3188
7801
5836
22347
14669
4129
2398
4687
3586
3041
5626
11920
7197
19043
7038
5282
4085
3597
9343
2194
7842
3291
4663
2505
4061
12338
5020
3011
14316
7406
33864
19663
3282
3231
2545
3473
2176
3395
2018
3451
2525
1596
3161
7540
9641
23788
11786
4607
2877
12375
8878
4894
10076
5928
6751
4938
6922
3340
10259
9231
8176
2116
3433
3508
17226
3046
5571
3894
5614
3068
3122
1980
3915
2386
6288
3014
19220
11957
6895
2087
9377
2404
9027
3721
7448
16595
3225
4549
8966
3683
6362
5326
3668
2426
4889
3113
8833
4807
6120
3203
3823
2520
8222
3039
6994
5493
6303
3373
9793
2860
4135
3529
14411
10202
10326
5207
4664
5204
8384
2195
5897
3258
32818
5226
23983
7454
2646
3368
15951
23074
11476
3436
1972
5636
3690
3706
3695
2707
8965
2880
2819
2390
2674
2963
2802
16248
9192
3507
11760
6298
4212
4049
4549
3254
5480
5776
1660
2519
3173
5709
3401
2978
5147
3710
9911
8747
4439
6269
44454
2089
29661
8276
4671
5210
5675
5725
7837
4714
27928
3488
16407
3087
7167
7209
4386
4206
4919
2606
3059
3861
4783
5194
7743
3219
8722
3897
3244
5919
15964
4446
3932
5339
9263
21229
2117
2008
2160
5126
10317
10447
6930
3619
4743
3448
4791
3445
5073
7469
10752
4365
17322
11158
5451
3734
4500
4927
7551
46532
8009
2511
8512
2721
3207
2103
6766
2169
2506
2726
2707
2750
7135
3906
5729
3938
12294
5200
4770
1991
16265
5739
10678
3346
13963
3043
5683
2405
4503
2574
6933
3226
2581
2221
4910
3460
3056
3146
4778
4402
7942
4738
5569
3298
8112
2920
22197
10812
3606
7186
4885
3162
4866
4170
6201
5614
5727
2558
3380
3477
3384
2260
2491
2688
11597
8525
17408
14547
5427
3073
9455
3820
3819
3213
4252
4417
2645
5003
4281
11043
5453
6392
2151
2968
3349
2546
3562
3039
4327
2851
4011
6768
6046
2981
13581
3975
6189
4753
3921
2069
16834
2423
2452
2696
3501
4678
3188
3015
8425
7298
6475
7462
5600
4466
2884
5557
7605
7709
5432
3097
1599
2418
4289
2813
3217
2334
1879
2182
3461
3136
6327
6912
19920
19138
13586
18884
4526
2565
6285
3760
12216
10884
6031
3923
4263
2549
6150
3640
2877
5990
5908
6692
8794
3451
3762
2682
4452
4036
4868
6353
4402
2153
9018
6940
8669
5757
5028
2781
3397
2480
3655
4908
6632
1960
4076
4032
4733
4253
10390
2167
4344
5027
8514
3457
3719
2762
4354
2907
10173
14041
7070
2850
7973
1939
3906
2009
5913
13448
2796
5819
3604
2807
1974
2358
3341
4259
2014
1909
5807
5722
6547
3100
11743
2921
9138
15922
9746
3422
4340
2495
4845
3092
3292
2211
2844
3301
9159
3963
5948
4111
17550
3333
3513
3003
19524
5657
4549
3565
3387
7081
5619
4474
2878
2657
6132
2723
2220
2666
2362
3275
7814
2567
2703
4771
5655
6054
4623
3239
3708
6856
3624
3307
4928
5057
5636
2505
2775
5603
10862
2886
5567
3503
5069
3149
6991
2069
3389
9994
8190
6786
3744
4004
12591
6978
5781
3498
11962
5814
4623
3620
9312
2736
17071
22415
15125
1833
3560
6164
3887
3064
4953
9656
8613
2788
8057
6740
3679
9528
7703
6661
15805
3188
3580
3854
2085
2270
2026
2957
4620
3708
3798
3225
3728
4244
3304
13147
11574
3252
7658
4824
5461
13621
8212
3291
8588
3617
2930
16707
2400
5015
3025
2802
5991
11085
7168
4700
4092
2582
5632
34442
9078
2724
8753
22048
11022
17415
9238
5140
8507
4699
3681
2701
7647
2231
6033
2598
6908
4797
10341
5944
3172
2100
4864
5251
24962
3336
2859
4343
4579
3091
7493
5687
17480
2423
2004
4303
2638
7566
3680
6191
5133
3724
4226
8304
5106
2151
27802
3753
7092
50831
9167
6568
5352
3334
4926
4412
4086
3416
5084
4273
1909
8452
3732
3695
7004
4536
9239
3609
10397
2412
2998
12308
6608
3700
13137
6015
5534
3841
3031
2746
6134
2247
2214
2230
2577
3469
4274
3343
7978
3516
5051
4484
5062
8134
16111
4087
4783
26994
8982
4736
8988
26073
10974
6670
8080
6707
10697
11783
3210
2973
8016
3072
4229
4086
4403
5490
4806
5272
8371
3895
4806
5915
5619
5443
10834
7631
3452
4169
3917
5306
2475
4672
4116
4246
3611
2686
13212
4187
6064
15075
4700
4835
24258
2375
15444
2234
2354
2358
2981
2596
2992
5085
15539
4429
1746
5774
3032
2704
2475
2294
3571
2427
3062
2617
6582
2481
6166
2832
18519
1967
7303
2938
14137
14869
33784
1887
6461
5482
2843
2442
1997
1988
1650
2218
1674
12234
1648
7731
1529
2367
3116
2103
7080
4086
3189
3242
4850
2225
3115
5273
20316
7350
1584
2850
1540
3723
1610
4240
1535
3326
1546
3795
1507
5350
4038
3524
4843
2348
2581
5550
6682
5627
12815
4489
5285
2292
1534
4160
1553
3632
1555
4247
1556
13461
1459
2678
1504
2887
3489
2759
5299
4333
15664
2744
3032
4585
18770
4489
7016
2954
1514
2786
1546
4920
1642
6073
1602
4304
1655
4865
3380
3973
3651
4302
7274
5226
5259
6174
21294
3211
13499
4302
6545
4381
2713
6072
2343
5064
5563
3211
6956
3341
4999
2539
3775
3384
4645
6618
8717
2896
11393
6383
7235
6523
5926
7170
7828
4166
1851
4309
2000
5719
8377
4092
4059
2819
2922
3399
5560
5270
4820
12139
13169
8821
4167
7448
8430
5729
11206
4524
8574
3858
3465
2427
2960
3268
3534
2362
2722
2681
2244
2708
2762
2706
4610
2666
8639
10296
5472
4425
17382
10303
21855
13826
5178
3582
4783
3506
3460
2429
2199
5497
10833
3379
3062
2000
3027
2249
6572
2791
3437
4235
5733
2548
13680
4400
10860
7371
15590
3342
3736
8937
2391
2203
2659
3320
5011
3145
2458
2331
36337
3410
4942
2565
2661
13054
3802
2905
4218
4104
2579
2490
9658
2983
2564
2402
8431
3814
3234
8330
2298
4435
5312
3169
3745
5650
10323
3850
4071
14318
9191
4736
5656
4408
4340
8085
2280
9299
1930
4527
7466
4185
9018
4114
8220
13167
2669
3274
3165
2798
11175
4938
4606
5288
21316
10047
25922
2958
5040
3510
2534
3852
5958
10021
3205
2083
4341
3805
3524
2586
2166
5307
4252
2121
4623
4411
4692
1996
18426
8850
8527
4940
2321
5308
7881
4003
11871
3284
7440
3062
4384
3499
3455
2736
2161
3813
6908
5205
29670
2784
3130
7103
6656
2698
3433
9327
5533
10647
17041
4102
3001
2997
3182
3935
4445
3098
3652
2304
3246
4118
9518
4482
6216
14630
4753
3235
2684
6152
6009
4067
2887
5406
8336
2449
3042
3142
2785
2210
4927
2660
2612
3674
3688
2198
3338
4540
2806
3059
6577
14295
6508
7322
9457
7719
4099
2593
5767
3264
2960
2733
5155
2647
3137
2399
3475
1994
8543
4345
7773
12083
1883
3674
5609
2575
8191
2002
2513
6856
2582
3459
40481
3511
7085
2467
2239
2013
8391
4925
2980
3008
4501
3274
6849
3480
4151
2253
7446
2961
2088
3007
9004
4288
3125
2878
14184
4069
9828
1862
3410
2444
3279
2224
2510
11803
4184
2582
8484
4044
2431
3458
9484
9203
11609
6724
15036
7677
4236
12549
6818
3783
2266
4198
5462
4234
2516
2830
3833
4627
2756
2462
2788
2430
2727
4763
4266
6042
8092
4516
2483
2122
5439
2467
6860
2262
10698
2946
2914
5036
12269
5219
2436
2175
2214
2201
6101
2620
10602
5280
7520
3648
7634
3128
2221
7535
7422
3661
2968
10305
3723
4732
2115
1725
1977
2367
3853
10035
10250
2675
4521
2787
6157
14601
2010
2835
5794
4397
6720
4243
7567
28729
4379
7599
2818
2122
3249
5529
9309
1972
4086
3920
3074
3412
7076
3159
6653
3201
44742
4160
7808
4453
4480
8005
4706
2281
6032
3744
4880
2053
3828
3702
14584
5121
5271
3565
2296
2159
2623
2397
6507
3988
10558
3570
7198
9049
16084
5954
11377
5254
6610
3147
2030
2299
4929
3393
2146
2506
2298
3066
5476
2897
3092
2571
6309
4677
4554
4910
8354
6082
4508
3004
2717
5169
6485
4158
6443
6181
7489
2453
1622
3043
4041
4703
1980
2145
2559
3110
10105
15930
11246
5008
5706
2710
9778
7302
10734
3796
4793
4347
2660
1870
7603
3169
19970
3144
7173
11574
14159
5277
6939
3688
6149
3365
11152
6524
2998
6213
16600
14412
22177
7103
6119
2637
23829
22777
3579
2632
4574
3751
4347
14392
5542
7784
4405
1725
2776
12785
19004
4006
10899
3208
4776
11039
4537
3237
6194
2299
1802
4427
3890
2462
3977
2109
7125
3902
7063
4131
4310
2538
2204
2279
3172
6385
10631
4889
4302
3017
6159
4120
5088
3681
4016
2315
4808
2452
3040
2262
1995
5694
1974
2159
3735
1641
7866
4785
2549
7489
10818
5858
12632
3728
3344
2788
3484
5463
4998
5228
18811
35330
3518
2481
3041
2954
2962
6549
3487
3239
4182
2641
13758
6134
4134
3006
5373
4376
4208
9657
25701
26296
12087
2060
10955
2841
7658
2652
7567
2848
5329
3485
6717
2795
3387
2299
2885
4327
44463
4767
26595
4500
7299
4803
6636
6210
3683
2962
5305
2836
3835
3197
5922
3619
2640
2462
2670
4271
14677
6833
4577
7157
3861
8199
7781
7032
25397
9784
8405
5174
17220
5438
11592
5390
4320
3033
4161
5743
10879
3260
4242
3385
4078
11419
6304
4043
25656
17573
10366
2191
5850
3195
4898
5373
3317
6583
19723
5657
3942
4071
2109
3955
2174
2361
2377
2362
2856
27559
4233
4651
3522
2165
2386
40235
6851
30419
3161
8894
5407
2353
1964
2155
3618
2340
2992
4199
7256
2059
2779
2284
2770
8993
4033
3756
5150
2947
7509
18736
4246
4398
17003
4582
1542
8085
3004
2273
2710
3893
6094
1919
3064
3028
2655
6413
4039
13066
6233
4475
4792
6804
4129
11472
10757
3259
14113
9096
3399
5231
5405
4115
3717
5297
2662
2716
6063
4424
4419
4103
12079
3754
7181
5772
6932
6514
5003
7529
2881
19259
3786
4629
9454
3928
8940
5648
4455
3398
4577
2765
4433
3630
4628
4649
5194
3681
4752
4162
7148
3741
6161
7082
3298
15659
8480
4866
3513
37119
4786
3439
3899
7381
8466
3660
9530
3725
4359
2181
3294
4962
8731
12688
7017
3609
7685
3135
11979
9674
19358
13302
1726
2647
8383
6487
3279
4318
2781
2105
4841
2849
7023
6026
3936
5294
3540
11782
6922
4420
7954
7684
2427
10749
6048
9153
5129
2498
2570
6204
4025
3189
3747
2481
4574
2841
4248
8453
2473
2816
3815
5115
8489
5685
6173
11017
15326
9568
8999
10885
2627
1992
2936
3428
3875
4139
6982
4517
5726
2848
3763
3845
12593
7173
5122
13856
7524
4729
21718
6196
32356
10793
36551
44209
3214
2400
5329
5595
4327
5220
8162
3330
5332
16832
37922
2461
3349
4503
8590
4880
6779
8484
14688
6781
6909
5843
5716
2323
1633
3698
6060
5664
3968
1989
5271
3865
4208
3844
5846
2557
5978
3860
7292
9404
2792
2416
6382
8972
3589
4368
5980
6864
4390
3827
2252
4294
4658
4448
3104
2845
12297
2730
4925
5303
4882
3997
4783
31436
16406
4735
3076
2662
3543
3130
5522
3387
8216
5034
3990
2460
2440
3559
3551
4072
10452
3288
7687
4337
14987
11208
2272
25598
7072
18587
3981
5592
7798
5324
8272
4581
3542
2791
1751
4647
3639
2660
3932
1960
1879
2053
7596
2649
4211
4518
2419
1813
2315
11405
5738
3691
8345
28829
12225
6968
1632
2242
3362
10753
4565
2752
3959
3233
8675
2636
10841
7494
8046
2993
20699
3378
22482
7348
15546
3429
1955
7659
5503
3625
3266
4919
4889
2152
9883
3502
25585
2311
5700
8073
14946
3084
7010
6263
7111
6513
11756
23770
7181
3520
10806
3837
2833
2866
2292
2742
5364
2177
18978
8103
3372
6481
2949
3188
3942
3767
8094
10518
5762
3347
4577
5774
5805
8720
7837
3473
2383
3300
2030
4150
3567
3088
4379
3935
2091
3092
4930
2652
3316
4996
22683
36788
10427
4494
4821
4345
6499
3170
8742
26321
39332
27681
1522
3268
3610
2960
5862
11713
16153
2175
1997
3547
2468
5308
6660
7218
4963
2913
3243
3362
4447
6030
2756
3489
2938
2281
1764
4501
3136
8840
10730
4994
4040
4451
2155
3769
10949
2111
4858
10907
4630
4236
3017
2717
3619
6816
6425
5509
6298
15275
4001
3462
4732
3547
2830
8447
4862
8405
16518
12260
2059
2961
2918
6473
6811
3682
2998
5831
24147
7494
4207
3034
2619
5858
17876
2534
2686
2285
12657
2698
2986
4884
5863
4429
5942
2928
17249
3566
40808
5443
11593
9722
10119
3178
9277
6390
8628
2511
1727
4610
5308
3301
3472
2344
5707
18880
21470
3026
4429
5813
5439
2728
4492
3564
3962
5288
8261
9306
5324
12009
6766
3321
3132
4840
7466
3568
2923
3474
2398
3678
6193
4959
4670
2080
8191
4077
6579
8890
3853
31931
21097
3506
2825
4038
7691
4479
6160
5561
4175
3618
5646
6176
2921
3093
2149
2475
5895
3813
4586
5365
6590
4784
3548
7609
36979
4040
26905
3394
13082
2675
2685
2616
19606
2591
3840
3830
3051
3481
3738
6735
13358
3850
4370
15158
4138
2546
2105
2898
1921
3377
1709
2782
3436
5526
1531
3758
3066
5575
3716
3780
3009
5167
7712
8026
15705
2559
14113
8573
5949
5452
9154
4249
15093
7137
3416
8811
9642
20766
2069
4080
4659
5350
2384
3208
3472
15348
5546
3587
3288
4283
4533
5885
5306
5769
7111
5793
18951
11846
2923
7627
5910
10950
33937
3580
2978
3499
1983
2174
2902
2170
2547
2331
4212
1792
5140
2629
3519
4712
3736
7502
9134
7337
12055
3699
7503
5838
3779
2689
2239
3017
5506
7041
2374
3610
7168
24173
3522
33433
5010
2543
11644
3135
4184
4121
3265
5584
4457
5105
7127
4151
1773
3768
3042
1914
3055
1696
2161
4436
2429
3396
4167
5384
4054
2923
5008
3466
8830
3385
4671
3914
3855
4345
2561
3149
2987
2758
2476
2591
2108
2528
2127
3213
2399
7873
6318
7648
1925
6969
8356
6375
31664
4509
2303
3374
17604
4399
2504
2780
2437
8004
6281
2662
3168
2431
3553
2478
2098
2380
2299
2769
4121
3225
2676
4840
8238
15792
3431
12341
10389
2707
16146
5188
6999
10290
2730
5536
4865
5548
3511
13000
16114
1842
8306
2046
9335
11640
7551
9440
10140
7931
20925
9673
6933
4527
19206
22714
1658
4247
4821
12642
3957
3187
5963
2519
2099
1791
1661
4963
4302
9171
13149
7712
3948
4953
3004
5398
3799
25928
8609
4567
4380
2066
4728
3102
2564
2199
4070
3349
7469
3999
3797
12512
17214
3102
4969
9189
6082
3755
9029
11822
4836
4458
3179
5900
2116
2426
2042
2542
3037
2859
10745
6041
4152
2087
20427
2498
2341
6050
8035
3295
16274
13485
6855
4957
3817
6992
4458
8510
4284
6887
3214
3191
9336
2300
2097
2561
3591
10221
3623
2714
5760
30090
6672
4148
3986
2443
6781
7243
17147
9088
2388
4474
1603
2234
2922
3690
2472
2217
2321
2066
2790
2902
3475
3114
6741
4741
18509
12882
4641
4417
2849
13542
7005
5978
15943
18757
4815
2728
6167
4661
4505
3169
3043
2852
2586
2726
3096
4300
3470
2783
25567
2990
8462
5581
6120
4021
4647
5187
3275
11870
21532
3821
7598
2730
12237
2160
2083
7940
4353
2275
2527
2608
25193
5843
12165
8931
2614
2934
4206
5466
37903
3713
4423
3425
3658
4971
9788
3596
5792
14671
6188
2782
2902
6182
5565
2360
4944
7062
2300
3220
5852
11356
4644
4684
7353
11530
10563
4470
1638
2825
3123
3212
13539
2138
2008
2157
3212
3742
5917
2837
4430
5258
13768
6466
4854
9450
10494
7403
4589
18619
13394
3105
6426
2854
2212
15448
2944
8222
4664
6856
4489
3805
4322
4647
3087
5345
3500
6056
12040
3315
24678
9565
6902
24323
6034
2067
5368
3541
5020
2294
4284
2981
6966
4222
4001
2227
3484
2878
8054
16598
7883
9085
12838
27196
3926
3653
5068
12303
4777
4531
13068
5347
5050
2238
10888
4748
17280
4709
2470
3883
13694
2618
7969
5558
2994
4477
2305
19143
3506
5127
3083
6470
2770
3341
1562
2221
1653
8239
2020
3481
2848
3136
3430
3064
3828
2680
6132
7274
4498
25119
10099
3922
6591
8593
11913
5460
13548
5831
2489
2754
4826
5024
2210
7129
3814
5537
2871
3288
14673
15440
4668
11809
17326
9192
20863
5660
6317
4312
8821
7853
3480
6575
3913
2117
1940
6354
3069
2873
2229
2932
2926
2491
8712
1789
2611
6462
17520
19426
5365
3002
14820
10045
7958
2548
24967
9851
2434
2084
4134
2903
2207
5606
2735
2780
2151
3268
2308
2150
4472
4574
6808
3709
4566
3694
3192
5185
5578
9074
10716
2550
1631
2119
2166
3148
2215
5486
4074
3954
4666
2747
3117
17571
4557
3767
1883
3579
19340
5892
9268
7551
16027
6154
2457
2954
5205
3522
6886
3004
3966
3484
1859
3196
2932
3276
2460
3633
13840
2680
3302
8230
18044
3845
2529
4592
3143
3962
3355
2921
12079
3501
2685
3883
2512
2036
2845
2793
4431
3985
5461
10879
6015
3418
10622
9967
4973
2429
9774
25292
2875
10474
3670
4807
3162
6004
2934
3842
2884
3512
3108
2644
2758
3349
2317
2741
6804
3061
4180
2712
7822
3537
2287
5528
2815
3854
12201
2526
1543
3322
3343
3956
3339
3374
4326
3307
3963
3684
6596
2664
7221
14623
6985
16439
7347
4528
14587
3945
8866
44416
9457
17528
2933
8573
4921
6345
2964
10885
6821
2385
6411
6154
15507
3255
4952
6181
2895
5112
3974
3775
5916
3128
7168
12084
9966
7424
6269
3446
6081
2600
12330
5429
3097
3196
3144
6887
19316
4117
2609
3804
3938
9686
7243
6236
3885
2503
4569
3884
9345
1780
1986
6608
13295
3126
3120
2377
2419
11175
14948
2318
2357
3206
5449
5700
8375
7994
11346
3110
8835
4015
6903
5980
5650
13733
1656
4669
4228
2895
3404
2426
5066
4799
8004
2699
5019
5806
4154
4326
17522
4277
13591
3610
7265
3247
9216
11005
6864
8396
1652
3414
6475
2587
3819
2196
3210
3197
4949
2261
2562
2936
3996
3796
20544
6231
12179
8215
3361
13513
5010
16345
6496
6111
4965
2712
4857
1720
2538
3778
2980
3636
3135
5622
4054
3277
8352
6622
10037
4547
44733
10854
19128
2994
3548
3668
6023
4150
5669
2336
6444
2426
2210
4020
6539
2760
3804
9885
6614
4787
6968
18910
12376
3589
6244
2769
2163
5494
2354
2548
2683
1858
1514
3685
5312
2235
3030
5339
3211
5444
11637
2471
4411
9422
9862
7204
6207
4553
7225
4460
10539
10807
10399
6238
3780
5126
16516
3555
5182
4057
6334
11385
2613
5475
3711
2554
4050
2199
5776
11083
3618
3763
18040
14650
6162
19730
9156
8901
16598
3528
3886
2223
5055
5538
3130
4709
4463
2228
2646
2610
2636
5111
42505
4240
4346
7888
12458
5786
16297
3996
10498
3676
4248
14572
3095
3371
3847
5318
2683
2215
4909
3495
3652
2448
17129
1717
6074
2659
3808
4222
6004
3734
17639
2628
10885
3627
7609
6254
1526
3069
4542
3489
3489
3796
5357
3984
2660
3207
7896
2965
7791
5346
4998
3752
3880
5492
4231
3790
8807
5653
10631
5975
2350
2682
6243
4067
2488
8243
8564
2854
2422
3612
1931
4007
9854
3574
3693
6252
2769
5814
15360
5332
4423
3891
2649
3822
8496
6108
4354
2752
4976
3107
3265
9769
8886
6184
2712
1945
9389
13830
11609
15316
3968
4968
6041
4023
7147
6312
8985
4558
4638
2065
2735
2710
4108
6792
4611
2205
3470
2203
4703
2344
4190
8369
10802
5503
12010
6322
8297
12612
7304
2926
4197
2257
5566
2945
2849
3084
9768
3448
4261
2028
5085
2900
2924
2395
3222
5303
4093
4616
15053
7127
4772
6276
8358
5265
5278
4403
2763
2999
2953
3393
3396
2724
4214
5769
3961
3454
6751
2869
5078
3143
3347
7080
7939
16360
4952
7308
5654
11874
3771
3906
3153
2922
8496
3405
2993
2742
5129
1950
2057
3492
3536
2504
2994
2470
5843
5119
6521
3096
1933
3273
1818
2559
3821
3401
3655
2460
4773
3431
3362
3826
2940
3262
3712
5190
2167
2383
5624
6178
5179
3595
7495
2922
2155
20185
4192
5911
6357
3585
1704
3189
2739
4053
2108
3466
17892
6441
10133
3785
6574
3693
10948
4303
5461
3901
3984
26042
5978
6524
7548
4089
5924
7738
3734
5210
2420
2312
3177
3284
3650
2013
6072
4529
6210
2131
3058
2383
2853
4226
4454
2949
3434
12878
8449
8626
6334
2275
3469
5198
10051
3313
4922
4155
8045
3048
4270
3639
5616
3572
5356
3978
12806
6680
3921
4496
4358
7062
4534
4012
5039
6883
3318
3836
14057
6445
6812
6497
8145
3471
5148
4145
25585
1973
3623
5332
20313
26709
12826
12448
27114
5088
7247
2024
4797
8676
3929
3393
3827
2964
5764
5692
6830
3743
3360
2658
8433
4173
4240
8192
15801
2342
2709
5142
5385
3668
3879
2899
8608
8850
3476
1869
4073
4100
3681
4258
2816
4719
5204
2692
4221
3377
2695
17895
6980
20345
5303
9683
27260
3125
1822
4905
1806
2062
1577
3629
2003
3781
3135
3489
3783
4084
4153
8605
6467
2243
2653
3885
3205
3635
17078
8042
2537
3631
9013
6731
13943
4900
4125
4533
2384
2844
2914
15253
6268
2200
2803
2986
2478
2755
3215
12412
27441
3824
5453
7334
7983
11045
23387
4275
5511
4010
1565
4012
4412
2315
3754
3586
2913
3076
4444
7000
5607
5084
3904
4398
7012
19556
4105
11527
19083
20459
2873
5293
6900
7768
6076
2793
2737
3150
6159
7337
5968
2688
7707
3379
4445
5034
3559
9005
15270
31291
8441
8435
12585
5228
5970
6196
5252
3541
5031
3533
4540
7305
5613
2983
3338
3152
3903
4037
2547
2981
4738
7030
23146
8868
8309
2688
45181
6929
5164
8290
5123
2259
2674
2836
2743
2096
4662
3797
4988
3302
4531
2480
3056
3438
2657
4162
5542
3451
7860
13958
3372
7575
5542
10823
3341
5264
1517
3111
2120
4082
4869
4124
4711
2112
7212
4585
2812
6301
5988
6879
3241
8873
11729
4498
6891
5049
7487
5736
5983
6134
2504
4404
9244
4114
3963
4678
3595
3001
4581
2865
4212
3085
35935
3502
3950
3182
8679
2750
16922
14874
2510
8366
3795
4836
3200
4728
2116
2836
8535
4059
3990
8185
20117
3237
3044
2751
4368
3331
2607
3613
13575
10396
34021
9319
7941
2855
4429
4116
2797
14721
3547
3486
3707
3949
16506
5617
2680
2186
5527
2822
4408
6758
11018
6326
17618
2605
9269
4229
8771
2955
4770
2351
4579
6050
7673
2997
1882
3898
3328
3876
3609
3083
3634
2186
6136
5503
6310
7318
13080
2593
10260
8760
5511
14778
7319
8158
3727
2492
1950
2758
3272
6787
2124
2030
3141
3013
4609
3624
9384
9879
12140
8824
5004
4551
5343
6576
5192
5595
3478
12376
4778
2846
4749
6393
4334
2169
3881
5415
6169
2074
2523
2440
3830
11358
10275
2236
7430
22750
9124
5160
19094
3274
5384
20741
12668
2663
8606
3219
2004
2118
4808
8952
2274
2988
3145
2842
8850
5702
10049
6221
5837
15969
6950
7684
6408
17798
25791
3300
2664
4326
7018
3908
8686
3529
4958
4293
3583
2691
8154
3792
4719
9607
3751
3958
5083
2784
6080
4755
5427
4598
6078
6858
3301
2949
4324
5897
7309
4081
2838
2133
1951
3471
2790
7417
11315
4533
5195
4376
40430
8619
2903
4571
2843
2864
4094
5905
11040
15471
4612
13939
2720
2086
13522
11904
2287
2294
2185
6060
4027
5478
6938
4402
27826
4460
3080
4369
4070
7018
12547
9901
4376
5456
2746
4365
2127
2949
4904
7617
11837
2635
8414
5983
6105
2438
5802
2326
22000
4333
4587
6081
4302
2514
3066
2696
6164
7591
5153
2399
4052
1930
4637
4807
4056
3021
5414
3018
24456
4344
7887
4277
5078
3178
8246
5294
3228
18099
3940
4244
3190
11040
2047
5473
6776
2476
2619
3057
3017
2859
7922
3146
4549
3237
3769
6291
5159
2773
45497
7890
3226
6559
11249
4445
5576
3299
3941
6571
10069
8315
16067
6353
5134
5360
9551
3128
8694
5610
8245
6492
4567
3193
2886
4004
8629
13441
41688
8881
2848
3140
7504
3865
3018
2837
3574
3870
4161
5984
6924
2922
4966
2354
4491
2499
5234
4982
6762
5417
3450
2456
3204
21104
3695
3364
15488
9345
3278
5083
5604
5194
7041
4219
10251
7848
3398
7995
14305
15500
5827
6928
3979
3697
6614
6973
13435
4396
13710
3039
5847
5276
2164
2292
2269
4507
3538
3918
4906
2479
8961
5887
9571
3539
4092
9506
5879
4342
9838
12455
5397
16500
6355
5622
9804
2461
2158
3785
11920
1910
4384
2263
12247
2887
5454
11134
4399
10422
8569
7268
13021
4093
5851
9330
12905
12957
3380
3460
3752
5043
2465
1909
8083
2933
2431
3186
8848
3459
7534
7761
7168
5993
30527
9897
6367
6843
15475
12353
14235
2322
1683
7020
2829
4887
8314
3449
5120
4495
4598
6144
8863
3028
21330
2736
4032
7438
5455
4240
9233
10531
4015
4742
8513
3567
2496
2390
3820
2250
2440
2662
5775
4257
12276
3324
22382
2770
3459
15186
6386
3403
3909
3745
12474
7402
3567
4270
3938
7494
8237
8820
8558
2183
2491
3973
3922
3437
10156
5591
4098
4127
10069
9592
2820
7960
10892
5896
4219
7167
8510
3946
3452
5623
3073
3787
4227
6848
2821
4007
4486
4821
3833
4992
2712
5814
3816
10018
3570
5025
8378
4426
12128
12825
7719
4353
5962
7368
1514
2533
4634
4146
4811
2136
4552
2762
9511
2541
5454
8844
6408
1843
17084
4107
5149
5001
3522
5047
7837
9057
8670
2358
2806
3016
4403
4646
2407
2333
2279
6628
8586
15925
12107
3957
3804
3334
4217
31491
11160
6594
11412
7163
7917
11489
9590
7100
4147
4222
2292
2092
7907
3147
3235
2743
7284
5149
6584
4578
5560
21353
11922
4251
5041
4471
7022
8453
7467
7134
5676
8045
3637
3380
10248
3179
5991
2925
2736
2849
5108
2152
5164
6618
13679
4605
11260
4797
14976
7808
10429
14978
17991
5893
2714
5767
1872
2359
3894
2750
3169
3194
6548
2986
12435
3676
3532
14325
11539
23493
21170
2915
4476
11278
6522
9224
3016
7983
10819
4372
4462
2725
14268
3775
13270
3452
2705
3371
6630
3291
4719
5669
20749
3436
5850
3554
4537
4234
6046
6785
13543
4053
12576
11212
4507
2734
6070
3441
2446
4897
4009
4089
5936
3893
3459
2549
3596
1757
1887
1985
1792
5906
7297
14066
