3570
7534
1441
2145
1894
7927
5208
8258
2374
2131
2183
1702
4848
10550
1530
2302
6897
10306
9570
3041
3649
2067
2596
3971
3394
2812
2500
3010
4777
2534
1411
2845
2127
3492
1739
3085
2089
3297
2428
2187
2313
6421
2619
3458
4840
3513
1637
1864
5824
9575
3227
1861
4427
4266
3300
3558
3072
3072
6752
2832
2365
2146
2069
3881
3329
4961
12911
2089
4675
1829
4373
2040
2058
2913
1884
6696
2277
3596
1747
2674
3075
3244
1365
1603
1531
2747
2117
2204
1645
2936
1932
4721
1613
5375
2111
2905
1445
1884
2434
2038
4390
1815
1632
3441
2429
2860
4919
18526
5945
2894
6305
12618
1778
3032
4457
2115
1682
2052
2123
2493
1535
2748
8832
2004
2828
1949
2350
1797
1777
5398
2409
2983
2076
2495
4140
2916
4049
11822
1524
3022
3322
2447
1924
2542
2000
3081
3397
3289
5396
2426
2405
1889
4656
2888
1620
3828
2400
4178
2684
2247
2126
3436
3208
3000
2418
4801
2132
2639
4484
4070
2355
8347
2879
3836
5961
4343
2075
1901
2220
11042
1842
1589
5118
3871
2964
6905
2554
1932
5086
2023
2087
2996
2104
2835
1033
2029
1093
3066
1153
5728
1191
2708
1157
3212
1192
4253
9620
5130
5926
8960
9624
3498
2435
3576
4786
3957
3345
3829
1171
4146
1218
7625
1118
2073
1257
2749
1201
6588
1279
2308
2719
6125
13014
6639
2386
11522
17487
2105
2923
3017
8192
4457
1211
1793
1194
1677
1182
4416
1157
5450
1118
2669
1183
2892
1664
13322
3018
5116
3105
3983
2461
3055
1875
6708
1411
3435
1143
3092
1086
3532
1120
2875
1047
2998
1166
3368
1192
4197
3806
2232
3053
3382
2084
4244
1725
2263
2047
1526
1565
2600
2893
6744
3363
3642
1817
5199
6297
2238
1254
2042
1198
2319
3654
6889
3044
4039
3103
2630
4430
2357
2945
3863
1816
2358
1279
8433
3543
1717
1227
3238
1226
3796
1206
2348
1426
2295
1945
6490
2017
2739
2141
4162
4939
1836
2222
4914
2381
4341
1222
7225
1179
3047
1192
4577
1189
2297
1180
6263
1103
2772
1895
2602
8099
5949
2596
3042
4480
1965
2941
2411
4161
6551
1056
3156
1125
4464
1155
2112
1144
5843
1179
4807
1185
2550
2265
7462
3663
3476
2471
2984
4641
2904
5465
2258
2065
2085
1223
1976
1162
3401
1062
1337
1179
1458
1213
1550
1228
3128
2688
5286
4658
2270
2398
2666
7627
2740
3439
2011
8940
2306
1239
1742
1169
1970
1205
2601
1149
1912
1129
2386
1149
2541
1927
2485
1710
2861
2163
3556
1777
2259
2445
2932
1870
2698
1145
2364
1129
2140
1118
6521
1104
9541
2551
2976
2144
3721
1748
1786
4558
6585
1817
2894
2619
2704
2134
2132
1820
3822
3746
2294
2775
5008
2229
4525
4174
1876
2629
2403
3507
3528
1567
2046
2551
2755
2553
2953
2237
1590
2234
1843
2113
2165
1152
3845
2762
2393
2768
2614
2256
3833
6455
3562
3573
2883
2955
2896
4363
2001
2081
2393
4948
2652
1887
2857
2091
2010
6888
4880
2266
2934
4003
3434
7887
7861
6725
2500
4723
4473
2204
2176
4771
2156
6229
6928
3249
3445
3045
2339
2775
4523
2548
1956
2083
2202
1978
2457
2375
3338
6042
3262
2946
1782
2026
2578
1942
5403
3909
17336
14951
11375
1956
1936
2089
3421
1830
2860
5133
2183
3284
4270
4821
4384
4816
5408
2467
2387
2650
5715
13105
4505
7005
9074
4475
3338
2443
2736
4402
3496
1174
2481
3613
2992
4017
1972
2741
3379
2833
2973
1708
2107
1577
1805
2172
2164
1547
5335
1733
1840
3279
1443
1406
1620
2325
2753
1784
2833
3644
4103
1435
1881
2556
4239
4165
1607
1644
3285
1822
6221
5521
2098
3562
4054
2241
7955
2780
13863
13981
2270
1593
3440
1915
2540
2056
2312
2074
2963
2041
2068
1869
3427
1744
2030
3668
2449
2444
2490
3956
4167
4631
9133
1837
2685
3511
3698
2057
4979
1519
2354
3775
2242
1983
2650
2736
2358
1933
1654
1959
2176
3605
5692
1874
2451
1817
1923
1159
2785
2142
1969
2107
1980
1976
2070
2527
2705
2864
3288
4412
3199
3579
2867
3191
1950
2930
3591
3717
2102
3156
3416
3208
7166
1450
2041
3002
5887
3627
2147
5552
2288
3868
2432
2741
4466
2341
3718
1846
2678
2372
2864
2614
2213
3049
2552
1962
3048
2298
6096
1862
2736
2416
1868
1920
2030
1629
1893
2978
2832
6477
2744
3417
3352
6108
2212
2790
2386
4233
2746
3160
1790
7713
5143
2208
4510
2590
2186
1971
2658
3433
4244
4427
3919
2557
2881
2382
5146
4902
5202
6619
8672
1846
3952
1142
2848
1915
3860
2434
3219
2158
2014
2247
2931
3063
3451
2542
3580
2251
2214
1749
2210
1823
3287
5276
4414
5404
2373
3907
4245
2250
4612
2403
7640
3205
2450
3991
2004
3178
4837
2217
2561
2065
3350
4614
4765
2357
2600
8186
2654
4587
1982
2431
4684
3533
2048
5302
5086
1975
6672
6262
4528
5850
5543
6153
2012
2755
2388
2108
3334
3495
1940
2089
4047
2778
7257
3047
4017
3821
1997
2543
2971
2854
1924
4194
2759
2724
2750
2524
3418
2055
3686
1666
3063
3230
2791
1883
2656
1894
2704
1400
4197
3777
3453
7051
3263
2115
2057
4858
4439
3326
2591
6011
2695
6330
5641
2382
3190
4087
2509
3091
5212
1920
3606
2493
6861
2653
2847
3386
2219
2355
3744
1764
2294
1573
2202
4964
3704
4313
6834
2354
2340
3069
3350
3379
2640
4405
3725
1798
1905
6388
7144
4370
2058
2059
1676
2593
1765
2242
3814
3037
2756
2769
7463
1761
1747
2983
2337
2416
6832
3774
2652
3299
6427
1703
2601
2460
2517
3054
3634
2760
2665
5522
1689
2026
2661
3344
2040
1763
1691
2942
3137
2350
5997
2046
2574
1172
2091
3354
3594
4442
4842
2970
4140
3021
2255
7174
6642
2088
2135
2311
6282
11872
2446
2967
2903
2313
1732
1789
2692
1926
1948
4065
2125
2840
2750
4686
9065
6686
3846
2258
3440
5922
4116
3006
2426
1674
6611
13943
2044
2226
2144
2294
4666
3029
5887
2127
2313
2638
6867
2248
5877
4109
3657
5384
3461
2478
2961
6149
4486
2458
3996
3868
4566
3186
2910
3839
3082
1424
3490
2478
1835
2288
3339
2112
2986
15724
2451
3039
2594
5218
9611
6265
3000
2417
4898
3183
3229
3594
3515
4454
2323
2229
3973
3581
2078
4597
4014
3539
6253
9270
1729
2157
14072
2397
2435
1883
3135
2569
3798
2824
7504
5901
3244
4278
2453
2124
2149
2814
5503
1972
2814
1982
2797
2682
8950
1880
2977
1580
2199
1936
2334
1507
1983
1578
2815
1702
4055
1877
2083
1640
2544
2908
2056
1619
1860
2377
2751
3650
3711
1901
2030
2031
2580
2570
9372
2178
1916
2080
24023
12141
2927
1687
3079
3164
2757
2693
3263
2118
2103
1718
7661
1731
1959
6276
3973
3446
2349
3718
6051
19208
9377
2957
11122
3210
3874
2333
3073
2520
4114
3293
2886
2380
2627
6474
3713
4956
12465
8507
2570
4827
2850
4084
4392
3969
2411
3037
4694
2377
2698
2738
2787
4728
3808
5669
3341
3536
1581
2349
2099
4290
2915
3937
2651
2020
4841
3947
3774
3825
3615
3890
2408
2561
5036
3346
6307
3503
2765
3250
2846
3971
4237
6900
3612
1558
3163
1555
2233
2222
6972
17180
11280
7253
3764
5056
4242
5995
5869
2473
8814
1915
1969
1925
5717
2278
1736
2612
2918
5049
2202
4731
5542
2419
2857
3992
3871
2420
2378
3744
3700
3403
3471
4892
4540
1206
1658
1875
2295
2451
2763
4416
3882
4297
4583
4950
4656
2075
3437
1712
3108
2172
3873
3108
4094
1737
3162
2308
4069
2122
2370
2198
2011
2511
2815
2560
3507
2258
3215
3204
6270
2976
2846
2559
3943
4825
5449
2087
3809
1970
3182
3088
2727
3472
1740
2833
1776
3274
2892
4112
3397
2721
2164
3766
1678
2297
3512
3921
2415
2314
2148
2152
2196
2965
5807
4352
6366
3840
2196
2457
2480
3879
3704
2313
2809
2609
3177
3917
4068
7135
9933
1686
5009
5574
4167
3451
3731
4174
5614
2478
10731
1310
1792
3707
3039
5185
3630
2256
2184
2545
2984
2722
3217
12120
2107
3782
2924
1592
2049
4063
3960
1881
3169
3094
9982
2670
3650
11062
7726
7255
2547
5330
13229
2296
2482
7679
3795
2461
5645
2958
2626
5298
3293
6158
6085
3701
5113
3592
2445
1511
1732
2021
3356
3744
1887
2271
2004
1820
2837
3069
2717
2035
2790
3140
6392
9123
2171
2401
4611
4242
5611
3859
4305
3010
3782
2030
4207
2984
1939
6357
5725
2818
3334
3288
1688
1570
2129
1455
3334
1663
2679
1785
2493
1462
7042
1769
3009
1221
1539
5567
3179
3579
2740
2710
3560
4347
1673
2633
1916
1809
4704
3456
3141
2872
3751
2753
2774
2382
5085
2065
6048
3759
2896
4006
3806
2753
3204
2351
3764
7197
4707
2461
3477
3462
3785
1833
2425
4488
3774
4165
2236
3865
2799
4147
6874
2587
2303
4009
2264
7895
1891
2794
4491
1686
2888
3235
1848
5228
5324
3523
7693
3843
2656
7358
5474
2090
3936
2380
2670
1809
1450
2528
1590
3325
3084
1944
6730
3904
2530
3679
2127
7245
2177
2104
1938
2011
2111
2769
2733
3671
3189
5247
6015
1869
3090
2492
2056
2553
2565
4703
1923
8980
1601
10201
3572
3405
2464
3804
1928
3677
2313
2487
2099
5247
4844
2640
1853
3080
2045
5134
3713
1349
1769
3290
2850
2660
4712
10075
1828
4793
4217
3317
2799
7865
2313
3385
3404
3913
2470
4840
4134
1720
2514
2638
4022
3002
1633
5541
2703
2944
2674
4032
2412
11168
2204
1573
3050
1426
12906
2057
2693
1916
2540
1790
6118
1771
1682
2629
2511
3176
11037
3277
3683
2413
4200
2255
5920
1849
6142
2889
4257
2174
5817
2630
2824
4248
2208
3512
3120
1296
2069
7423
4351
2367
4471
4995
3887
4456
2581
1555
4032
3949
5190
2512
3669
2268
4260
5965
4122
2798
2017
2210
2232
2384
9250
1455
3941
3042
2522
3296
4751
2817
2447
1952
1934
2645
1922
2050
5624
3215
4266
1868
2242
2990
4514
7909
6776
3116
13946
2224
10071
2445
2947
2290
2219
3983
3273
4402
2010
1818
2928
2289
5373
6316
5711
3973
3301
1858
1859
2883
2498
2482
6821
2277
2967
4341
2628
4549
3953
2173
2047
1607
2868
3390
4215
2926
10838
17934
2813
5212
2274
3216
2735
7949
3481
1164
2420
1663
3219
1831
2179
3556
1931
1777
5191
4053
4393
2964
2999
4535
4037
4540
2616
2975
3860
8333
4016
9861
3633
1636
5959
1800
7942
1872
1689
2898
3322
3303
4189
3715
2511
1768
4678
1694
9615
2603
4197
1607
3542
2361
2279
1929
7082
3764
10700
4047
3504
2378
2554
5530
1757
3936
2517
2684
2034
1823
8891
1838
2372
3197
5234
10641
13217
1907
2836
1737
3138
2081
2554
1652
2526
1787
1359
2237
5178
5162
14774
6272
3432
1657
9276
3484
3977
4370
4687
2623
4817
3006
1841
1997
7762
1623
1659
2602
3153
8700
2291
3626
3606
3642
2680
2229
1627
2048
2040
2482
2463
6525
12324
3631
2107
3751
2704
3669
4926
5876
9761
1822
4982
4497
3482
3431
4359
2210
2144
2684
2970
3598
4987
2825
3077
2111
2348
3501
2453
3228
5186
3241
3228
5713
2837
2346
3345
7612
10455
6214
4846
2522
4695
5223
1770
3181
4261
21368
4318
10719
6579
1940
3317
7185
17720
6297
4037
2309
2726
2318
2934
2383
1587
4840
2455
1845
1773
1814
2401
1898
10730
4720
2917
9620
4961
3408
3012
4799
2756
3916
4890
1298
1713
1921
3267
2163
1970
2723
2393
4792
5402
2729
4163
5664
1707
3344
4395
2215
3676
1787
4103
2146
3240
6012
2578
6640
2279
4119
5243
2661
2983
2746
1631
2009
2851
2732
3680
2170
2366
2265
3460
2126
4154
3153
3316
1790
3945
3263
12930
1596
1340
1890
3735
5316
6921
3659
2870
2776
3055
3061
2833
2178
5095
2965
3589
5317
7336
2349
3379
2248
3520
2510
25324
4536
2046
5284
2248
2183
1755
4509
1922
1794
2390
1656
2320
2789
3557
2216
3279
4405
5119
2446
2116
5492
6201
4431
3034
7282
2804
3154
2036
2609
2305
3923
2667
1893
1815
2764
3042
1844
3232
2518
4162
3602
4591
2812
3460
3679
2659
8493
7438
1993
6041
2959
2774
2825
3099
3365
4370
3087
2185
2052
3034
2345
2090
1670
2475
5434
7215
9876
9195
2928
2745
5542
4602
2269
3270
2317
3570
1605
3673
2498
6416
2893
4805
1309
2230
2179
2162
2451
2598
3046
2799
2947
4640
4135
2826
8250
3246
2864
2894
2270
1472
6875
1922
1870
1849
2032
3283
1760
2143
2048
4570
1949
4183
1957
2835
1345
3710
3186
4892
1644
2387
1160
1844
2407
1945
2381
2193
1532
1551
2158
2548
3532
4655
3139
9170
2925
13870
1882
2255
2206
2798
3045
6414
2346
3158
2592
1829
3289
2410
1986
5465
3490
4825
4845
2428
2461
2240
1904
3524
2377
5335
1917
2021
2863
5448
2623
4539
2144
2560
2188
1957
2576
3912
3761
1579
1682
3800
2976
3475
6628
1756
2227
4299
3333
3198
1834
2613
2259
2812
3848
11010
2887
2513
4520
1632
2576
1767
3268
7608
1812
4507
1917
2294
1467
1888
1971
5239
1523
1668
2950
5400
2759
2854
5406
2927
3919
10505
5036
3143
2734
2016
3242
2573
1837
1806
1674
2901
4344
3458
3385
4611
9354
3145
2472
2794
9627
4972
3173
3624
3412
7143
2939
3446
1942
2038
5327
2155
1583
2058
1624
2666
4905
1908
2046
4097
3383
4910
3277
2753
2938
5016
2639
4062
3240
4193
2584
1870
1568
3294
4804
1769
2579
2397
2491
2239
3515
1479
1912
4304
1985
4083
1788
2727
3771
4355
1881
2592
3290
3960
2355
2559
4230
2158
6194
11917
5581
1300
2282
3419
2315
2159
1906
6138
2448
2297
3527
4296
1814
6097
2616
4838
3891
2541
2381
2988
1647
1795
1497
2339
2894
2949
2332
2560
1875
2587
1658
7740
3583
2712
2977
3710
2298
9114
2848
2906
2947
3143
1836
9930
1761
3669
1991
2309
3660
7118
3175
3646
2353
2056
2568
18914
3556
2372
3212
13474
3925
11820
3385
4194
3419
4326
2349
2314
3835
1958
3362
2271
4004
4403
6022
4777
2033
1783
2409
4837
8731
3203
1904
4206
2357
2857
3996
5248
6906
2273
1342
5573
1751
5895
2351
6089
3269
2663
3021
5805
2916
1769
10251
3502
3651
27601
5354
6597
3298
3369
3599
4455
2585
3296
2728
3978
1667
7846
2161
2996
3902
4673
5441
2682
4864
1934
2179
7726
4422
3399
7744
4781
3763
3366
2238
2555
4252
2064
1507
1368
1720
2429
2638
2296
3586
2348
2754
2915
2713
5496
2598
2826
1680
10557
1951
2880
3452
14052
2630
4430
2102
4161
4088
6829
1904
2243
4261
1820
2380
3192
2244
3642
2547
3643
2342
3025
1849
4064
1868
4839
2995
9031
2016
4242
2372
4363
1583
3358
2694
3745
2061
2174
5560
3454
3382
8684
2854
2012
5344
2206
4763
1972
1556
2049
1867
2497
1961
5566
6306
3398
1235
4387
1999
2244
1656
1842
2059
2117
1833
2392
3473
2035
2663
2472
4743
1789
2721
4534
4845
11792
8247
1761
2774
9224
2041
2015
2979
1674
1186
1882
1155
8822
1148
8994
1130
2120
2190
2181
3147
3457
2123
3217
2856
2128
2190
5276
8597
6756
1133
2147
1148
3149
1193
3467
1164
1678
1167
2194
1153
3926
2380
3537
2928
2004
2068
5521
3800
5364
6593
4522
3702
2017
1183
3346
1150
2731
1165
3181
1168
7310
1171
1978
1140
2611
2536
2764
3392
3743
8915
2478
3349
3814
14349
4282
4888
2666
1271
1973
1222
3230
1298
4467
1265
3802
1229
3811
1898
3128
2088
2797
2022
3508
1913
3971
3450
2736
3433
3166
1841
3187
1713
4209
1526
3290
2929
1962
5311
2280
3209
1770
2100
2386
2133
4780
2448
2283
6135
4791
3627
5163
3112
6193
2581
3592
1532
3251
1429
4393
4618
2748
2441
2291
2163
2668
3150
3937
2049
8867
4134
6755
2021
6869
4335
4892
3612
4132
3519
3680
2135
1980
2046
2548
2156
2017
1964
2400
1746
1891
1842
2139
2364
2471
4086
8352
2832
3878
8642
8656
8884
10566
2771
3180
2507
2863
2101
2020
1560
5366
6948
2740
1990
1620
2181
1901
4592
2258
2179
3828
3096
2110
6715
4641
5437
9644
9900
3776
2260
6301
1608
1818
2020
2973
2545
2685
1424
1840
14135
2728
3092
2911
2004
12144
2635
2686
2785
3948
1880
2029
5854
3151
1897
2164
4267
3556
2019
5421
1614
3369
2934
2662
2517
4252
7344
4231
2707
9832
6110
4700
3936
4223
4089
6565
1859
8174
1603
3175
3684
2717
3843
3820
4266
8628
1597
2234
1796
2032
2514
3169
1966
3794
3946
6789
6112
2371
2103
2636
1525
3012
2909
5096
1959
1552
2379
3056
2218
2191
1738
3711
2628
1596
2117
3579
2591
1895
4596
5781
2487
3999
1632
5073
3291
3421
5242
2787
3675
2558
3028
4044
2413
2398
1678
2993
3581
3676
9679
2413
2171
5532
5748
2345
2029
9666
2773
8794
5439
3914
2620
2384
2305
2650
2514
2570
2414
1648
2375
3442
5736
3415
2848
11651
2462
2886
1789
5584
2757
3808
2225
4987
3772
2391
2228
2642
2021
1912
3142
2093
2050
3016
2378
1848
2204
3922
1945
3074
4033
13864
3593
5737
4632
9955
2538
2623
6010
3939
1853
2185
2706
2312
1938
2199
2129
1774
4220
4051
4009
11736
1702
3970
3075
2424
5046
2086
1846
5586
2029
4100
22401
3620
3973
2245
1668
1627
4286
3383
2514
2130
3079
2463
4381
2440
3049
2194
6708
4118
2007
2620
6354
4520
2376
2694
12009
4636
3441
1446
2056
1844
1941
1719
1587
6144
2209
1889
3704
2642
1484
2536
2062
8580
2269
4338
3072
6906
1762
10533
1999
3164
1451
3098
3312
3041
1482
2264
2427
3782
1876
1930
2012
1762
1569
4004
2884
4590
2412
3492
1602
2118
2152
2143
3325
2253
4165
2360
2272
4089
5148
4128
1537
1731
1639
1787
3739
2165
3759
4444
3010
3245
3836
3086
1603
6425
2896
3232
1750
9358
2566
3963
1548
1346
1516
1998
2275
7373
5205
2726
2608
2339
3504
9533
1576
2480
2849
4023
3068
3892
3339
20653
2765
7356
1594
1535
2131
4233
6124
1439
2532
2843
1995
2811
2653
2718
3784
2926
27288
3906
3833
4690
2748
8387
2811
2145
3443
3886
2793
2408
2289
3456
6160
4373
3457
4451
1517
1899
1658
2266
4608
4234
5564
3713
4307
9091
7647
6135
5983
5626
5078
3405
1479
1866
2864
2950
1459
1746
1567
2404
3018
2319
2060
2079
4272
4914
3934
4820
6156
6214
3835
2846
2657
4911
4364
3606
3024
3801
2895
1650
1504
2626
2290
3289
1704
1735
1911
2278
2112
11566
2283
3453
1787
2289
2208
4956
3927
3248
1874
3487
1758
1476
3560
2281
7420
2348
3576
7337
5446
3672
3381
2701
2340
2823
2827
5912
1870
6641
7460
15133
5268
7517
2353
2348
8112
9700
2038
2208
3482
2836
2968
8401
2942
5074
2677
1363
1505
8015
4123
3424
3700
3175
2511
6908
2214
3151
2643
2267
1619
2887
2367
1994
2427
1726
3888
2988
3558
2605
2765
1961
1518
2123
2116
4895
4535
4611
2562
2810
3408
3585
2613
3184
2406
1601
2780
2060
1987
1829
1571
4187
1531
1664
2410
1484
3976
4095
2086
7367
4986
6268
8513
3850
2591
2480
2386
5426
2629
4416
7727
11623
2127
2203
2022
2196
1760
5017
2125
2525
5271
5206
7753
6383
3711
3232
4969
4751
3815
10847
17069
24200
6663
1729
4840
2186
3474
2152
3694
2436
2929
2381
2908
2220
2383
2206
2238
4136
21743
4321
15834
4233
5232
4546
4875
6038
1472
2024
2013
2008
2064
2267
2884
2606
1880
1946
1766
3808
3038
5041
1614
4849
1556
5674
2152
4944
4814
6948
2362
4739
6277
3812
4520
3538
2524
2432
2350
4045
7650
2825
2432
2425
2676
8435
2213
3727
9009
10668
3087
2232
2086
4437
2093
4452
1972
4279
7997
4140
2403
4082
1690
2919
1494
1960
1554
3336
2888
25677
2123
4155
1777
2011
1855
21492
2622
14699
1894
6358
2982
1793
1654
1888
1922
1979
1925
3389
3683
1878
1781
1998
1886
6684
2280
3624
2676
2786
3611
9939
2315
4055
9246
3821
1187
7057
2034
3065
1978
3146
3410
1492
1873
2226
1998
5596
2708
10075
3529
3961
2828
6400
2797
8447
5546
3192
6791
7884
2345
4227
3160
2778
2201
4004
1771
2435
2699
4173
2358
3283
7723
3547
4223
5871
4198
6854
6106
11128
2622
22706
2592
4179
6464
2773
4690
3912
3420
2344
3354
1906
3315
2413
4233
3442
3609
3546
3900
3203
5329
4916
6048
7937
2589
10466
5631
4925
2044
17158
2353
2403
2527
4701
4038
2282
4022
2497
2230
1676
1785
3638
2416
8129
2802
2949
2067
2460
3199
6247
4746
10321
1584
2039
4790
4595
1977
3724
1567
1738
2542
2347
3254
4501
1639
11663
2201
11385
2432
4324
3078
4530
1665
7932
4912
7541
2566
2083
1663
5004
2415
2430
2177
1851
2467
2025
2359
9643
1544
2563
1981
5403
2983
4716
2627
8387
5341
6984
3638
8228
4277
1632
1867
2902
2481
3301
3894
3812
3136
2440
2225
3518
13123
5805
2256
12926
4517
5506
11847
5654
11215
8323
13738
24392
2152
2039
3097
5634
2770
4362
4316
2804
2735
9277
12532
1841
2455
4442
4694
4757
3923
8383
7785
6043
4117
5754
3539
2111
1196
2982
2990
4553
2157
1924
2910
3118
2551
3456
3326
2459
4517
3760
5017
7947
2308
2146
5451
8163
4272
4554
4194
7572
3127
2605
1682
3189
2630
3430
2158
2221
6348
2099
2965
4098
3889
3465
3488
19528
10248
4375
2398
2419
3088
3244
4808
3368
4242
3494
2896
1785
1798
2282
2423
2656
6925
2422
3761
2657
3098
7180
1649
13712
2056
12207
1863
4463
2349
4347
2456
3728
2387
2037
1821
3029
2617
2066
3557
1488
2049
1615
4684
2059
2106
4586
1941
2088
1648
14898
2634
3327
4026
17093
5188
12574
1316
1840
2371
7503
2825
1874
2836
2484
4952
2087
5871
5467
2865
2850
5817
5021
6098
7195
5032
2931
1487
5009
2514
3118
2317
4046
2787
1729
6197
2943
11815
1944
3452
5927
8042
2458
3080
5541
3962
5422
5271
17811
5345
3312
5547
3571
1914
2923
1706
2378
3737
1896
10535
5517
2447
5603
2560
3007
2614
3254
4391
9015
3325
3602
2672
6131
3987
7282
4152
3462
3048
2612
1969
3598
2645
2740
3035
3434
1523
2655
3712
2260
2581
3728
11605
24010
6163
4038
3519
4330
4449
3096
6870
20008
21856
17658
1236
2110
3330
2326
4194
6654
9891
1869
1567
2457
1893
4057
4796
5058
3600
2643
2527
2934
3472
5334
2586
3383
2676
2378
1476
3161
1914
5858
5612
3454
2041
3154
1600
2631
4373
1732
1960
6904
1652
3471
1435
1821
1706
5633
2434
4409
2444
10336
2214
2423
2547
2476
2252
6027
2393
6385
6871
7245
1768
2035
1994
5204
2343
3314
1678
5739
5719
6147
2120
2969
1695
5406
6383
2213
1964
1760
5019
2141
2021
3888
3035
3532
3552
2877
4500
3238
12088
4997
3765
6333
3960
2743
3520
5611
3426
2121
1262
3302
3023
2525
2244
1952
3254
10699
7983
2346
2769
4619
2571
2226
2385
3223
2435
4738
4312
6880
2796
9841
3376
2975
2135
4430
4780
2994
2142
3103
1574
3432
3807
4682
2438
1802
5616
3933
4635
7911
2479
20838
20624
2954
2111
5408
5124
4840
3640
4689
2652
3180
5080
4881
2058
2719
1596
2125
4067
3594
3087
4750
4103
3542
2784
7001
13661
3529
12597
3054
9040
2692
1939
1955
9648
2046
2410
2789
2128
2804
2528
5003
7316
2651
3206
12399
3503
2193
1968
2345
2569
2831
2005
2425
4194
5394
1473
2194
1633
3695
1884
2261
1659
3208
3279
4948
5784
1970
2664
6455
3797
3756
2517
4085
3588
5616
1661
7056
2753
16268
1639
2808
2390
3473
1747
2285
2088
8388
2677
2544
2099
3364
2096
5027
2096
4869
3501
5317
4879
11308
1764
7598
3544
9376
13856
2734
1877
3075
1494
1874
1841
1762
1722
1856
2599
1526
2456
2543
2182
4501
1986
7125
3689
7230
4021
4255
5059
4614
2362
2052
1542
2219
2971
5549
1836
3267
3771
13892
2436
15136
3042
2476
7960
2566
2284
3288
2191
5428
2659
5117
3690
3926
1372
2606
1985
1595
1931
1417
1545
4132
1637
2810
2332
4922
2719
3128
3313
3426
4411
3082
2994
2762
2771
3519
1905
2967
1983
2448
1628
2317
1550
2289
1503
2632
1784
5777
3517
4914
6188
3454
4863
6304
15128
3845
1928
3108
16859
3619
2148
2409
1373
6026
3513
2229
2465
1778
4584
1856
1751
1817
1690
2169
3302
3238
2330
4722
7775
13010
3040
15950
7439
2555
12094
5001
2568
5604
1968
3389
2384
3871
2406
6334
4795
1310
4159
1387
2770
9499
2444
6647
2952
7515
4335
6952
2462
3705
3689
19465
1235
2825
2184
6267
3482
2271
2676
1945
1609
1414
1456
3303
2132
6760
3265
7241
1922
4890
2060
6648
1880
13605
3390
4561
2579
1762
2481
2477
1821
1674
2315
2874
3629
2765
2475
7823
4612
3392
2126
7151
2770
3248
5034
13769
2451
4005
2100
5253
1494
1925
1659
2060
1851
2251
4840
4735
2305
1675
6411
2110
1803
5323
3274
2756
5794
11854
3826
4837
2319
6198
2906
7840
2508
5058
2215
2657
4745
1989
1793
2182
2322
9534
3180
2378
3200
18859
3604
4180
2509
2171
4168
7496
8151
8856
2039
4530
1216
1874
1975
3211
1714
1917
1594
1661
1840
2641
2246
2677
5070
4676
15080
12112
4407
4304
2389
11111
5277
5692
10731
13072
3366
2116
3747
3634
3181
2432
2117
2203
1844
2136
2162
2888
2760
2357
18173
3649
7068
4794
5539
3915
5864
4938
2895
9509
8607
2461
3665
1967
4812
1665
1451
4414
2616
1694
1558
2358
3928
5044
2875
8517
1531
3021
2148
5225
7423
3347
2549
3308
1933
3411
3876
2550
3547
8849
3004
2080
1886
4398
2870
1887
2524
5940
1556
3032
3870
9055
2279
5458
4099
10876
3549
4210
1270
2218
2172
2420
5565
1912
1610
1553
1994
3230
3075
2376
2490
4643
3928
5632
2174
9497
4031
6365
2171
14800
4975
2447
3196
2372
1630
8571
1856
5714
2480
4946
2979
3146
2378
3950
2437
8805
2246
4718
5126
3127
11995
8082
3619
17014
3319
2112
3356
2871
2791
1661
2814
2086
4313
3356
2720
1924
2134
2667
3991
11321
4419
7872
7365
19948
2593
4619
3238
9396
3140
4494
6604
4623
2773
2231
7237
3991
10252
3735
1664
3112
8475
2345
5122
5274
2198
5005
1925
13649
2842
5068
2350
6156
2252
3467
1264
1892
1234
8108
1600
3594
1737
2525
2419
2630
2715
2041
4946
6489
2235
16581
8067
3354
5357
8386
10201
5879
9950
5551
3845
2048
2140
3395
1444
4698
2006
3345
2157
2404
6882
9113
1846
11036
3755
8026
4267
4737
2240
3670
4006
7737
1700
5100
1968
1555
1372
3769
2336
2184
1467
4195
1755
1885
3296
1609
1647
5609
6552
13946
2200
2648
4426
8557
2908
2348
7936
8791
1604
1681
2109
2569
1664
4400
1827
2050
1520
2793
1624
1774
2040
4148
2932
2978
2330
3129
2422
4611
2659
8195
4735
2433
1237
1648
1490
2700
1588
4388
3235
3619
2801
2487
1977
13848
2230
5698
1557
2974
10459
5286
4695
6982
8103
6425
1734
3035
3707
3054
3955
2271
2081
3143
1349
2533
1933
2691
1727
2880
6294
3107
2374
7118
8222
3685
2012
4217
2322
3729
2453
2748
5712
3308
1770
3237
1816
1760
2018
2374
2617
3266
3266
6728
3808
3334
7491
6340
3837
1931
6775
18982
2380
7206
4021
2338
2333
5216
2028
3096
2012
2822
2123
2028
2177
2645
1560
1841
5224
2426
4252
2675
5908
3711
2188
5326
4855
3609
9208
2705
1197
2509
1699
2693
2000
2459
2248
2295
1854
2618
2832
1940
2605
6787
3516
10252
2474
2961
3713
2914
3671
20293
4129
8203
2152
5304
2290
3912
1672
8184
3944
1963
2973
4174
5555
2446
2439
4385
1894
3932
1770
3054
3034
2719
3132
8043
4636
5340
2895
2757
3277
1828
5424
3299
1850
2700
2552
5828
7284
3546
1721
3073
2682
6805
3230
4471
2023
2161
2445
3554
5491
1706
1406
6331
8032
2608
2104
1880
1671
6608
7073
1908
2956
2677
2994
4301
5192
6589
4968
2846
4749
3492
3630
4064
3143
9824
1270
3168
2617
2225
2317
2033
2893
3657
4024
1947
2407
5231
2613
3449
7461
3284
6256
3499
6922
2972
5544
7373
3982
6596
1384
2883
3464
2740
2470
1899
2182
2771
3042
1819
1861
2710
2928
2864
14496
5150
7588
5602
2853
7660
5911
10954
5246
3737
3162
2324
3335
5456
1759
3015
2120
2574
2195
3733
2865
2485
5948
4992
8454
4097
30720
7351
12899
2601
4478
3578
5525
3726
2343
1796
3208
1660
1555
2721
2516
1941
1831
5866
3247
3167
2117
10517
4246
2521
2180
2162
1748
3783
5007
2032
2012
1763
1219
3114
2662
1814
1745
5328
1915
4007
4692
1933
2253
5553
5866
4510
2746
3319
2738
3172
4017
6346
3980
6243
1795
3531
6229
2826
2388
3308
2845
6160
1712
4491
1974
2009
2347
2007
2921
7694
2153
3408
7443
8838
2914
9352
3863
5871
8996
5686
2233
1815
2629
4453
1919
4085
2827
1976
1602
2302
1761
9098
17993
2855
2600
5730
5742
4347
7215
3566
5838
3294
3104
8133
1943
2398
2796
4487
2184
1866
3020
3166
2304
2189
2617
1432
3517
2349
2557
3375
3883
3311
8645
1793
8967
2930
6601
5504
1211
3295
2509
2963
2257
3123
3265
3298
1858
2581
4306
2379
5317
4195
4500
2964
3127
3561
3667
3236
6458
5096
8319
5309
1722
2332
4178
3437
1722
5456
5051
2194
1826
2942
1501
2796
7513
2909
3285
4891
2935
4472
10919
4537
3935
3712
2481
3599
2719
3959
1866
2248
2383
2816
1820
6735
2887
3832
1495
1566
3959
7763
2930
8394
1892
3605
2224
3143
2740
4410
3030
3401
2110
1424
1362
2172
2113
5074
2273
1821
1892
1796
1573
1602
1824
5775
4367
2596
4161
4606
3077
8827
3370
2862
2984
2238
2761
2410
1718
2692
4104
3138
2295
1740
2860
2265
1783
2162
2280
4239
3175
3988
7036
5580
2740
3912
4027
3658
3278
3988
2193
2419
1924
2646
2049
2052
2366
4365
2619
2866
4622
2480
2694
2752
2731
5193
4664
9915
3060
5144
3389
7469
2528
3077
1708
2606
5655
2899
1879
2448
2886
1641
1565
2959
2202
2165
2355
2250
8309
3765
4034
2582
1860
2728
1856
2220
3264
2751
2191
2126
2497
3545
2301
3173
2020
2814
2623
4144
1625
1972
5206
4596
4101
3270
5335
2418
1981
9606
3136
4394
5038
2982
1271
2687
1778
3307
1551
2615
11443
6289
7533
2914
4340
2783
8261
3681
4487
2892
3696
9549
5452
5262
6446
3754
5211
6256
1864
3885
1636
1870
1590
2675
1797
1562
2210
3177
2433
1645
2126
2049
2044
3430
2499
2232
1796
9534
3437
5808
2383
2036
1706
3467
3510
2528
2496
3209
4175
2279
2490
2804
2520
2894
1779
3042
4573
4403
2384
3462
2354
5200
3242
3600
2277
5846
1817
2938
4129
4467
3154
5201
3808
2868
2390
2963
8214
1587
2055
2977
7970
9831
7373
7407
12955
3109
3709
1910
3194
4845
2009
4133
2114
2512
3776
3893
3304
3281
1983
2402
4413
3133
2479
6935
8557
2073
1794
4216
3668
3036
2382
2472
5368
5862
2002
1565
2513
3485
1950
3587
1855
3956
3095
2365
2407
2422
1931
11803
5396
13786
4178
7377
13424
2236
1723
4229
1589
1873
1307
3254
1531
3172
2073
2943
2530
3380
2674
5577
3757
1964
2299
2884
2808
2837
12858
7971
2403
3344
7322
6886
11930
3978
2619
3559
1844
2186
2065
10699
3869
1859
2095
2408
1984
2232
3599
7760
16706
3418
4504
5552
7108
8345
19121
3172
5250
3648
1205
2733
1962
1475
1765
2890
1647
2182
1774
4442
2012
3605
1801
2918
2838
9582
2281
8519
7552
7420
2537
3807
2632
4514
3130
2172
1564
2353
2583
5364
3911
2320
4115
2598
2168
3837
1874
5523
5304
12928
3627
5659
4073
3742
3244
4384
2612
5097
3289
2359
2069
5976
2791
2639
1880
2506
2099
3735
1963
2342
2479
4902
7587
6690
4651
2423
29390
4899
2897
5539
3240
2019
1867
2353
1785
1693
2491
3096
2807
2947
2929
2181
2044
2723
1675
4418
5947
2832
5217
17420
2750
7046
3381
7479
2315
3740
1255
2757
1563
3596
2886
3328
2965
1837
4178
3739
1934
5080
3514
5365
2814
7969
6869
3878
3873
4459
4813
4905
4144
5086
1774
3998
4583
3536
2923
3747
2714
2407
2886
2560
2964
2837
17611
2897
3336
3442
6942
1997
11585
9495
2248
6248
3364
4192
1937
3573
1534
2346
5094
3201
2744
5487
11103
2681
2252
2002
3563
2795
6001
3170
9877
6355
23674
6037
7530
2253
4185
3863
1417
10270
1846
2381
1653
2772
4409
3948
1543
1789
2076
2167
2566
4249
3357
4424
6397
1909
3432
2568
4263
2509
2267
1863
1986
4373
2336
2209
1275
3089
1797
3073
1773
2551
1866
1877
2765
4881
2790
5248
4676
2059
4003
6587
2684
9991
3556
8973
2052
2027
1521
2269
1823
6175
1639
1635
2122
2561
2422
2905
4275
6652
5372
5970
2601
4023
2887
4885
2897
4373
2232
10452
3062
2606
2480
5074
2708
1710
2301
3528
3112
1814
1704
2125
2277
7628
5800
2378
4739
13431
7667
4606
8922
3075
3201
14934
5316
2339
4134
1543
1515
1808
3009
8007
1691
2538
2057
2442
5526
1987
6941
5578
6300
11722
4593
4799
5818
10974
13079
2479
1842
3485
4286
3131
6921
1960
3437
3255
2333
2370
4003
3125
3849
6783
3723
4419
5372
2253
4739
3685
4648
4537
4889
4900
2573
2377
2701
4548
4494
2994
1976
1724
1417
2543
2002
4626
8285
3514
5847
3238
34340
6691
2872
4068
2686
2403
3889
3840
2994
8638
1837
7173
1595
1570
3326
6422
1426
1813
1414
3819
2729
3561
3320
3177
9166
3258
2737
3188
3576
4211
4308
5779
1829
4113
1502
3004
1544
2505
2184
5716
4443
1543
3359
4358
3052
1944
4160
1990
11442
2336
2915
4302
2875
1814
1995
2347
2969
6419
2531
1916
2394
1674
2200
3903
2061
2668
4405
2584
14323
5855
4076
3516
2827
2048
3976
1699
2438
8841
3378
4663
1817
6988
1526
4353
3306
2149
1642
2701
1816
2343
3703
2747
2777
2706
3035
4634
3118
2443
23238
4697
2466
4404
10303
3754
3169
2429
2261
4848
5078
7003
6954
4957
2912
3837
4836
2700
4882
4242
5202
5349
3631
2933
2547
3351
5385
11813
20790
6579
1939
2778
4508
4102
2014
2253
2402
3263
2605
4587
3621
2563
3650
2300
3352
2392
2936
3916
5058
4612
2809
2123
1815
7765
2482
2622
7875
6362
2201
3236
3752
3489
4782
3326
6584
4613
2929
5192
11818
11742
4892
5445
3902
3174
6245
5604
16868
3683
2942
2166
2392
3985
1621
1731
1398
3167
2044
2755
1788
2040
3402
4918
5536
2643
2321
5935
3124
3508
4391
9968
3886
14136
2654
3819
3279
1833
1484
2894
4160
1552
2003
1802
4732
2259
3635
7254
2667
6848
3984
6227
5845
4533
3455
7184
7062
8369
2518
3038
2155
3680
1513
1638
3298
2337
1750
2847
4620
2447
3489
5615
4395
4326
10952
6292
4345
5015
7773
8505
7439
1617
1216
5307
1783
2213
5149
2639
2753
3230
2428
4740
4327
2273
16368
2493
6589
5102
3460
3508
5231
7286
3291
3635
4780
3024
1899
2095
2112
1770
1681
3402
2997
3411
5986
2746
10700
2530
2521
8923
4152
3105
3204
3086
8394
5989
2591
3773
3446
5732
4691
6386
4789
1925
1891
2985
2526
2610
7629
6371
2548
3469
5441
10959
2491
5688
8252
5425
3676
8059
6633
3216
3654
3912
2262
2088
3019
5292
1983
3068
2866
3602
2828
3929
1832
4133
3519
5015
3430
4104
6701
3590
14512
6895
9066
4213
6418
5298
1267
1967
2042
2704
1917
1624
1888
1947
3833
2082
2804
6693
4285
1569
8037
3001
3007
3673
2749
3632
4893
6511
4469
2215
2038
2252
2043
3570
1981
1974
1847
5033
3102
8242
3844
3087
3913
2606
2616
18725
5245
5095
5495
5141
4032
8094
6724
8296
1961
3228
1628
1734
3560
2538
1926
2082
3359
4086
3122
3508
3152
10582
7346
3748
3077
4143
4362
8871
4574
5682
3440
5308
2111
2714
4270
2562
3271
2367
1591
2285
2797
1836
2823
4777
7657
4036
6608
4255
8462
6175
8153
7058
10141
4718
2478
4489
1231
2357
2218
2604
2122
2913
3847
2583
6067
3193
2328
10666
11260
20342
15773
2672
3255
7601
4054
7899
3541
6553
8416
3244
2706
2459
8389
3157
9006
2934
1909
2495
3872
2700
3056
4332
13332
2914
4097
2996
3664
3846
4886
5657
13589
3499
13988
8478
3268
2146
3892
2606
1692
3458
2637
3293
4533
3073
2533
2118
3567
1694
1851
1795
1662
5244
8307
12030
