2801
7396
2384
2963
2109
10281
4591
7168
2893
2930
2351
2773
5839
15510
2428
3268
9145
13756
13330
4244
4661
3875
3181
5198
4118
3182
2977
4323
5543
4062
1981
5208
2731
5841
2113
4331
2545
4590
3148
3008
2843
10684
3430
4222
5444
4698
2248
2498
6489
11598
3718
2632
7835
5273
3700
5167
2799
5207
7170
3549
2892
2672
2415
5678
3601
7086
7600
2839
5343
2313
3885
2560
2362
6044
2438
8634
2486
5250
2290
3498
3528
4703
2064
2161
2083
3170
2552
2745
2004
3324
2653
5455
2039
7166
3041
3064
1816
2283
2881
2683
3862
2559
2457
3900
3088
3845
3333
17215
4860
4645
10791
19264
2327
3903
7000
2755
1926
2452
2955
2959
1873
3456
5549
2431
3208
2458
2299
2068
2269
5176
2843
3230
2343
2827
6017
3198
4383
13987
1716
4479
4109
3546
2175
3348
2154
4133
3686
3712
3767
3062
2227
2691
4089
2825
2620
4363
2828
4770
3212
3121
2214
4536
2766
3944
2720
6946
2548
3465
5549
4651
4301
6590
4102
4727
7549
5456
2560
2819
3203
15336
2518
2361
7532
5580
2818
7184
3163
2466
5680
2392
2246
3792
2449
3642
1816
2768
1761
4183
1720
10083
1805
4034
1729
5252
1714
4753
12235
7560
6732
12508
12279
4796
2560
5104
5447
5917
3394
6095
1695
5426
1695
9778
1730
2900
1745
3951
1795
11381
1795
3216
3091
6937
10004
11426
2377
16972
19451
2472
3183
4241
10524
7315
1635
2491
1597
2155
1734
5576
1841
7117
1883
3363
1836
4527
3068
18580
5555
7605
4668
4536
3807
3962
2681
10053
1700
4755
2190
3878
1761
5506
1722
3431
1643
3504
1567
3632
1626
4919
6190
2966
4516
3579
2641
5520
2018
2616
2160
2008
1836
2812
2901
9224
3330
3853
2181
5067
9186
2713
1854
2310
1793
2531
5430
8993
3791
5409
3900
3358
5795
3112
2825
4950
1898
2598
1900
6211
3774
2439
2039
3736
2027
4195
2100
3990
2584
2928
2333
8759
3647
3497
2464
5150
4953
2811
2604
6084
2587
5283
4549
7390
2050
4084
2078
7325
1857
2759
1872
9257
1903
3889
2198
3198
9656
8522
2923
3634
4913
2369
3143
2993
4304
6878
1833
4200
1776
6231
1812
2583
1812
8914
1739
8018
1742
3183
2497
12156
3904
4162
2461
3944
4897
4664
6654
2673
2142
2896
1779
2552
1738
3605
1674
1828
1614
1855
1765
2468
1708
4552
2830
5512
4353
2780
2597
3461
8167
3799
3565
2410
12892
3375
1699
2233
1627
2496
1793
3189
1775
2843
1892
2934
1793
3177
2162
5105
1944
3661
3425
4382
2535
2700
3511
3244
2356
3130
1777
3381
1749
2286
1816
7187
1729
8799
2671
3160
2270
4176
1969
2215
5060
8593
2113
3738
3252
3592
2444
2863
2100
4339
2304
2757
2207
5090
3174
5039
2683
2336
2967
2650
3219
3536
1884
2539
3053
3417
2897
3696
2467
2499
2337
2480
2355
2724
1904
3339
2709
2585
3556
3065
2803
4577
6112
4096
3467
3217
2886
3668
3768
2502
2088
2942
4514
3117
2003
3613
2316
2427
8400
5628
2906
3341
4024
4744
4789
8733
6518
3123
5535
4912
2477
2969
5042
2778
5138
10698
2764
4789
2991
2948
2599
5449
3392
2397
2378
2696
2336
3141
2920
3849
5220
4016
2882
1967
2059
3311
1950
7447
3726
25302
10238
12171
2029
1930
2246
4929
2151
3794
4754
3091
3235
5054
4294
5265
4106
7576
2615
3225
2514
9601
11959
6459
5819
12218
3764
4386
2264
3488
3849
5034
1795
2915
3262
3162
4386
2378
2858
4114
2924
3141
2114
2677
1808
2021
3139
2345
1799
4969
2081
2070
4110
1639
1630
1795
2344
2928
2306
3019
3169
4069
2133
2192
2842
4650
4090
2087
1856
2540
1982
5745
4041
2160
4096
3998
2688
4621
3221
24989
19065
2680
2040
3342
2696
3421
2306
4621
2444
3108
2663
2227
2216
3262
2136
2233
4780
3204
2718
3395
3972
5344
5544
10024
2395
2922
3076
3890
2636
4801
2255
2555
4959
2492
2397
3259
3123
2667
2086
2042
2170
2547
3259
6285
2145
2968
1928
2132
1916
3058
2865
2162
2938
2394
3430
2531
2923
3682
3213
3541
3761
4023
3561
3522
3516
2502
2729
3756
3240
2368
3325
3835
3874
8461
2718
2866
3519
8147
4982
2612
4455
3224
4693
2864
2761
5168
2424
3952
1990
3017
2426
3132
2408
2391
2763
3072
2460
3945
2890
7209
2413
2997
2605
2497
2089
2765
2039
2414
2587
3004
5569
2976
2928
3487
4756
2589
1922
2616
3928
3254
3664
2196
9789
5624
5604
4760
3357
3179
2239
3488
4059
5812
5449
3615
3472
2867
3035
5595
7602
6294
10287
7893
2290
3757
1849
3782
2941
5167
3186
4728
2639
2432
3011
4050
3647
3666
2962
3664
3233
2362
2129
2319
1857
3185
5273
4446
6017
2573
3972
4420
2951
4418
2914
8773
3708
2775
5853
2494
3999
5552
2505
2723
2417
3114
5443
5105
2854
2957
7953
3173
5158
3334
3583
5640
3830
2860
5847
5688
2914
7893
8414
5450
5382
5712
7058
4254
2909
3238
2304
4200
3604
3173
2411
4709
3021
6879
3961
3950
4240
2407
3878
2998
3934
2237
4862
3160
3572
3432
2515
5074
2486
5634
2323
3596
3625
3990
2153
4603
2006
3830
1942
4778
3700
3593
6235
2484
2648
2444
6426
5312
3754
3125
5362
4168
6239
7381
2598
3769
4033
2895
2684
5733
1842
4340
3891
5699
2664
3462
3621
2580
2496
4501
2180
2889
1891
2950
3782
4266
3854
6927
2498
2814
2777
3724
3832
2920
4268
4188
2339
2343
6106
7981
6525
2534
2592
2330
3084
2250
2427
3913
4114
2733
3924
8322
2458
1840
3930
2386
2960
7641
4727
2225
3483
7789
2280
3083
2847
2824
3178
4130
3163
3173
5020
1951
2397
2762
4214
2115
2013
1948
3050
3343
2431
7436
2191
2733
1848
2263
4016
4322
3642
5355
2978
4310
3205
3588
8515
7317
2411
2432
2487
5227
14898
2636
3137
3042
2380
2139
2014
3003
2579
3000
3864
2482
3321
3159
4987
8205
5747
4097
2627
3310
6638
4613
3131
2972
1882
8724
16434
2355
2394
2848
2442
5182
3264
5971
2582
2526
2928
7481
2959
7579
4079
4270
5587
3604
2614
3357
6325
5128
2486
4292
3708
4975
2815
3135
2964
3283
2891
4196
3376
2231
2931
4151
2844
3960
22881
2722
3058
2725
4389
13046
5964
3302
2423
4141
3054
3502
3203
3902
4617
2257
2710
4120
3499
3231
5015
4433
3474
6251
10772
2408
2281
26404
2351
2634
1937
3479
2401
4189
2519
8555
4257
3687
3623
2808
2482
2409
3224
4637
2461
3697
2711
3140
3206
7836
2413
3265
1728
2171
2463
2280
1743
2097
2011
2768
2140
3395
2175
2153
2134
2944
3032
2338
2070
2180
2343
2736
3423
3726
2442
2459
2250
2805
3222
10755
2339
1937
2182
22154
12426
3426
1778
2804
3354
2625
2423
3891
2266
2616
2456
7900
2352
2225
3890
3907
3707
2448
3833
6153
22615
12776
2965
8804
3225
3966
2361
2877
2733
4478
3300
3096
3162
2981
5201
3772
5762
14602
7040
3018
4730
2949
3960
4073
3340
2291
3440
4523
2287
2685
2522
2870
4221
3333
4417
3604
3084
1936
2498
2463
3932
3488
3702
3275
1992
4479
3390
3877
3431
3746
3147
2801
2579
5412
3427
7610
3207
3151
3039
3174
3790
5094
7636
2815
2510
3554
2182
2618
2102
7834
11726
10108
6831
4197
4011
4115
4010
5973
2083
9302
2315
2290
2266
6236
2494
2156
2601
3278
4383
2795
5872
7940
2041
3081
3057
3939
2261
2452
3159
4038
2809
3795
4007
5206
1906
2016
2401
2235
3008
2935
4977
4633
4630
5060
5009
4885
2503
2980
2126
2839
2741
3424
3768
3738
1989
2936
2710
3852
2336
3207
2774
2371
2830
2917
2705
3797
2552
4010
2955
7867
3610
3027
2926
3475
5326
4586
2312
4004
1944
3009
3056
2714
3392
2295
3162
2264
3901
3105
4038
3583
3062
2484
3802
2087
2280
2977
4188
2280
2247
2165
2343
2309
3011
5119
3465
5890
3792
2446
2979
2893
4417
4468
2431
2979
3115
3356
3516
4329
7679
10110
1858
4565
5212
3987
3364
3362
3844
5710
2421
12131
1774
2178
3910
3095
4567
4227
2395
2592
2734
3748
2818
3984
10816
2361
3571
3064
1714
2478
3353
4601
2322
3331
2804
11308
2953
4462
11147
7180
7266
2664
4924
18408
2588
2972
6065
4414
2243
7333
2541
3130
3517
3835
4752
6774
3171
4791
2867
2316
1907
2170
2344
3202
4595
2445
2624
2632
2197
3787
3161
3953
1928
2812
2586
9194
10080
2410
2451
5110
3602
6102
3544
4630
3686
4244
2542
4123
3805
2427
7002
7810
3379
3625
3735
2305
1825
2213
1782
3155
1916
2884
2162
2522
2297
8354
2053
2979
1946
2042
5718
3745
3372
3270
3011
5104
4364
2180
2491
2550
2377
6005
3584
2956
3119
3367
2721
2919
2507
5979
2152
5312
3910
3374
3452
4069
2886
3670
2947
4028
2757
5165
2703
3976
3876
3719
1945
2481
4863
4173
4364
2669
3496
3047
4064
8598
2697
2773
4453
2688
6790
2317
2699
4317
2013
3365
2870
2432
4333
4865
3613
7910
4048
2619
6022
5176
2057
4007
2369
3008
2405
2067
2666
2300
3062
3864
2206
6863
3981
2731
3435
2627
7093
2504
2133
2236
2057
2450
2698
2940
3322
3439
3998
5358
2287
3317
2815
2293
2373
2875
4481
2227
7844
1894
10427
3544
2866
2578
3313
2260
3217
2586
2211
2245
4321
3926
2587
2069
3059
2506
5178
4359
1717
2143
4014
3257
2840
5052
8875
2369
3634
3093
2781
2804
5853
2688
2945
3779
3268
2570
3525
5131
2396
3204
3279
4872
3522
2007
7690
3216
3255
2781
3742
2931
14389
2213
2092
2731
2061
14427
2581
2696
2244
2509
2076
5038
2208
2123
2816
2730
3046
11337
3210
4049
2498
4739
2332
6415
2019
5837
3084
3646
2187
4587
2964
2346
4902
2048
3906
2208
1855
2252
6638
4010
2518
4020
3476
3561
4114
2647
1926
3235
3569
4092
2750
3472
2248
3691
5807
3296
2553
2052
2216
2257
2487
10424
1923
3888
3091
2752
3143
4591
2667
2614
2120
2185
2502
2097
1997
6230
2904
4592
1920
2243
2904
4174
6667
6593
2904
19592
2187
14078
2372
3073
2367
2492
3247
3793
4611
2396
2003
2923
2358
5286
5338
5915
3608
3228
2037
2347
2585
2369
2635
8410
3265
3319
4066
2784
5852
4112
2039
2418
2027
3440
3182
4095
2469
15747
17095
2953
4134
2371
2509
2785
5766
4283
1650
2671
2079
3631
2072
2621
4154
2310
2275
6121
3736
5746
2439
3286
3381
4387
3737
2989
2737
4596
8139
4815
7058
4499
2171
6704
2532
10253
2401
2154
3864
3966
3084
4733
4300
2879
2044
3946
2174
11676
3751
3290
1763
3061
2549
2158
2314
5951
4074
13624
4067
4115
2588
3046
5308
2148
4362
2840
3062
2300
1888
8232
1966
2271
3715
5141
10508
10621
2186
2449
1775
2840
2351
2981
1980
2952
2229
1716
2281
5236
6209
17194
7466
3986
1914
7723
3240
3405
4513
3936
2641
4361
2955
1927
3110
7042
5056
2045
3244
3284
7579
2776
3929
3699
3791
3009
3027
1912
2065
2126
2459
2695
5664
11195
3364
2168
3459
2451
3308
3576
5177
11975
2198
4683
4374
3915
3100
5318
2191
2569
2698
3312
3449
3474
2538
2364
2084
2296
2969
2790
2903
4762
2803
3239
5048
2904
2630
3246
7012
8987
5105
5456
2823
5069
4646
2053
2641
4290
15899
3728
7348
6345
2001
3155
5564
17519
5114
3158
1898
3674
2572
3572
2698
2132
4682
2917
2233
2235
2168
3231
1960
14086
3945
3264
6489
5525
2814
3290
2878
2972
2854
4610
1916
2050
2544
3681
2826
2246
3411
2705
5484
4695
3403
4388
10708
1847
5724
4123
2514
3237
2190
3417
2463
2802
8068
2502
7759
2363
4125
4746
2902
3237
3390
2043
2525
3071
2856
4115
2405
2205
2574
2705
2007
3721
3547
2892
1987
3739
3672
13944
2084
1882
2284
4075
5300
8664
3778
3146
2618
3006
2875
3272
2320
4979
3151
3216
4952
7054
2467
2916
2403
3115
2501
29579
4854
2434
5033
2622
2390
2004
4009
2033
2208
2439
2155
2609
2826
3124
2220
3130
3243
4550
2320
2056
6234
5451
3667
3026
6923
2780
3557
2351
2712
2648
4708
3101
2021
1998
2842
3283
1956
2931
2482
3927
2831
3443
2390
3262
2849
2754
7040
9473
2659
6761
3310
2968
3202
3429
3985
5145
3681
2404
2507
3366
2128
2430
1776
2753
4217
7181
7910
12690
2614
2802
5354
3533
3001
3164
2867
4206
2088
4506
2780
9665
3067
6887
1821
2842
2012
2625
2145
2831
2498
2814
2263
5898
2923
2588
6041
2828
3496
3345
2918
1724
8870
2220
2382
2079
2690
3122
2378
2377
2579
4199
2563
3830
2323
2666
1759
3158
2494
3986
1832
2173
1806
2053
3177
3035
2487
2097
1985
1787
2486
2623
3594
4830
4064
9867
3430
13646
2066
2142
2373
2793
3379
6384
2472
2884
2682
2116
3440
2995
2485
5062
4096
5635
4677
2827
2796
2334
1922
2862
2327
4304
2064
1967
3093
4126
2593
3905
2094
2292
2467
2472
3281
4572
3471
2376
2064
3719
2910
3905
5997
2135
2480
3981
2958
2892
1901
2374
2249
2494
3325
11158
2750
2512
4200
1993
2404
1959
3183
10326
2258
5471
2240
2862
1774
2273
2006
4026
1721
1824
2619
4786
2484
2762
4058
2943
3425
11941
5805
3339
3082
2292
3524
2813
2407
2088
2280
2919
5010
3636
2852
3467
6418
3377
2368
2939
7480
5251
2585
3288
2200
6245
3271
4318
3315
2369
4364
2667
1947
2640
1983
3180
5075
2217
2093
4097
2641
5161
2502
2774
2457
6098
2094
3799
2587
3930
3576
2051
2429
3945
7132
2463
3800
2997
3576
2515
4162
2037
2075
4485
2691
4015
2044
2661
5542
3916
2138
2396
3753
3259
2860
2987
5686
2390
8149
13502
10201
1808
2863
4263
2587
3034
2108
5185
2659
2194
3625
4763
1919
5083
3133
4100
4470
2343
2457
3580
1998
2465
1885
2645
2978
3223
2696
2854
2512
3250
1818
8025
3643
2363
2969
2977
2327
7859
2920
2464
2800
2879
2223
11954
2152
4061
2249
2521
3366
8082
4341
4838
3015
2300
2641
19882
3356
2393
3100
14259
3448
12320
3126
4337
2746
3713
2846
2529
4361
2113
3647
2584
3972
4415
5751
5478
2414
1933
2327
4216
7443
2967
1926
3706
2211
2705
3336
5121
5201
2609
1821
5081
2177
6643
2577
5406
3407
2911
2942
7491
3351
2001
7990
3384
2768
50296
3324
6165
2600
3212
2869
3955
2256
3016
3172
4006
1756
8939
2680
3386
4020
5536
5597
3591
5825
2425
2023
10347
3146
3423
6343
5152
2900
3737
2016
2538
3066
1996
2270
2063
2343
2373
3471
2635
4333
2625
3437
3186
3271
6298
3710
2500
2062
9632
2546
2551
4295
13309
3148
3556
2653
3804
5931
8197
2373
2530
4258
2787
2802
3525
2580
4412
2824
4133
2872
2685
1979
3165
2040
3542
3385
6037
2059
3397
2474
3509
2074
3732
3001
3724
2505
2363
6371
3940
3996
10753
3182
2801
6419
1963
4790
1932
1668
2051
2049
2297
2048
4176
5486
3671
1805
5233
2598
2726
2258
2196
2697
2425
2446
2748
3912
2135
2481
2500
5279
2022
2736
2499
4610
10294
8960
1837
2589
4359
2402
2390
2229
2032
1678
2382
1719
10321
1596
6621
1582
2452
2036
2102
2719
3260
2099
3218
2388
2212
2071
4122
6796
5801
1557
2471
1554
3538
1552
3710
1598
2559
1496
2931
1534
5168
2113
3523
2511
2328
1985
4994
2667
5110
4482
4342
2803
2166
1546
4139
1460
3319
1642
4142
1673
13336
1958
2928
2142
3297
2162
2741
3439
4018
6593
2330
2329
3752
8549
3979
3253
2546
1911
2529
1923
3744
2013
4223
1962
3961
1953
3933
3164
3298
2238
2779
2792
3339
2379
3351
5243
2687
4445
2776
2359
2635
2505
4780
2054
3896
3411
2688
5680
3089
3691
2314
2621
2900
2391
3652
2983
2101
7250
3379
3941
3350
2860
3956
2824
3278
1985
3541
1947
4020
5833
3477
3749
2758
4409
2913
3372
4316
2173
6653
4283
4859
2062
4628
3011
3718
3656
3167
3006
2982
2602
2182
2354
3021
2428
2240
2332
2507
2160
2544
2102
2498
2255
2100
3889
6233
2642
3270
7534
7112
7243
9657
2520
3195
3141
3217
2628
2275
2043
4941
6493
3460
2470
2153
2470
2267
3419
2605
2165
3162
2722
2437
6146
3674
3667
7150
7923
3208
2920
7329
2000
2111
2670
3259
3184
2921
1996
2194
25881
3217
2418
2731
1872
11550
2239
2686
2444
4011
1923
2264
4712
2747
2476
2557
4729
3580
2441
7485
1936
4609
3205
3052
2883
5618
4402
3531
2347
12755
5065
4235
2703
3567
2373
6321
1892
7262
2023
3491
4539
3150
5111
3356
5360
9049
2303
2619
2601
2347
3439
2524
2506
2818
5919
4209
8149
2158
2348
2149
1647
2405
3676
7645
5081
1744
2886
3367
2556
2177
2006
4106
2780
1967
2137
2678
2320
1840
4959
4668
2677
2943
1564
3708
3627
2567
5018
3119
4297
2723
3635
3725
3048
2518
2218
2734
4725
3864
9276
2265
2134
4070
3920
2294
2223
7309
2575
6714
4695
2975
2836
2353
2483
3012
3807
2809
2764
4052
3175
3918
5614
3941
2660
8148
2381
2467
1862
4024
2472
3125
2321
4104
3141
2282
2550
3110
2516
2403
3411
2877
2324
3641
2921
2308
2779
4360
1977
2481
3586
12046
2809
5339
3672
7296
2092
2523
4065
3254
2393
2627
3165
2493
2416
2408
2553
2015
4881
4516
4073
11640
1678
3504
2396
2398
3222
2047
1639
6449
1773
3484
16190
3480
3709
2490
1849
1742
4600
4558
2204
2768
3474
3181
4940
3069
2308
2271
4014
2874
1758
2841
4191
3696
1896
2394
6345
3328
6761
1710
2651
2149
2480
1960
2181
6886
2815
2200
4485
3243
1644
2161
2921
6628
3154
3520
4155
4859
2018
7643
2318
2417
1931
3323
3492
3337
1708
2429
2580
3553
2117
1682
2238
2200
1620
3095
2491
3384
2487
2635
1642
1913
2272
2078
3848
2154
4363
2661
2394
4624
6029
4186
1997
2019
2230
2143
3264
2320
3601
3292
2908
2633
4000
2519
1701
4434
2491
2613
1862
6558
2965
4010
1987
1706
1757
2140
3043
7677
4760
2437
2980
2493
3608
7992
1648
2447
2645
3331
2538
3131
3082
19396
2425
5067
2163
1924
2799
4956
6657
2213
2704
3449
2150
3595
2683
2903
3691
2654
44789
3437
3295
3300
2381
6485
2518
2166
2686
3276
3409
2423
2804
3382
7084
5140
3531
3444
1838
2246
2006
2387
3288
3606
3931
3313
3106
8272
5322
5629
3769
4727
3784
2800
1824
2430
3268
2760
1926
2229
1888
3015
3411
2694
2378
2274
2938
4165
2814
4170
3905
5344
2686
2613
2173
4380
3137
3670
3960
3926
4309
2196
1813
2571
2909
3426
1994
1963
2292
2512
2970
8476
3354
2542
2266
2036
3027
3591
5182
2414
2230
2692
2046
1772
4313
2526
8319
2532
3440
8287
5360
4003
3447
3465
2650
2247
3139
3499
1759
5575
7471
6392
5992
4655
3268
1940
12648
13593
2499
2378
3678
3090
2988
10746
3540
6356
3135
1746
2026
6505
4358
2779
3655
2386
2488
6590
2181
2611
2750
2051
1974
3369
2953
2323
3005
2006
4544
3417
4924
3465
3026
2453
1582
1981
2043
3879
3824
3368
2219
2566
3116
3250
2465
2948
2698
2449
2717
2533
2537
2618
1803
5396
2121
2146
3064
1775
2952
3512
2047
5671
4632
4061
7608
3021
2544
2454
1998
4304
3020
4536
8354
25711
2491
2572
2296
2868
2284
6500
2404
3164
2603
3024
5417
5425
2510
2633
2664
3787
3006
8313
15880
18261
8030
2093
4872
2692
4127
2401
3894
2569
3295
3052
3256
2633
2129
1877
1897
3407
16796
2764
8850
3158
3499
4368
3137
5665
2360
2438
2966
2213
3093
2547
4144
2860
2584
2150
2277
3740
4190
4099
2038
3027
1853
3605
2843
3612
6841
4854
3019
3024
7464
4099
5718
3646
2915
2530
2794
4465
7178
2788
2641
2801
2612
5196
2331
2499
7632
8465
3718
1913
2290
2884
2228
2864
2082
4671
8258
4445
2771
3440
2032
3326
2168
2146
2139
2759
2022
18371
2069
2815
1812
1837
1975
19117
2428
12296
1792
4689
3769
2159
1967
2136
2394
2289
2312
3658
4105
2149
2083
2266
2019
5640
2086
2716
2453
2353
2753
12003
2368
3217
6358
2922
1605
6070
2317
2288
2213
3925
3522
2309
2396
3016
2434
5047
2359
8473
2818
3449
3070
4283
2696
7710
3882
2745
4775
5687
2593
4886
3645
3676
2611
4701
2156
2763
2678
4018
2883
3732
4774
3062
2964
4924
2982
5376
3204
6638
1868
13640
2164
3575
5288
3343
4242
5286
3214
3429
2741
2342
3036
3455
2875
4366
2784
3131
2464
3039
3583
3686
3621
5050
2121
12647
3489
4703
3002
26414
3273
2376
3309
5423
5777
3114
4927
2790
2852
1889
2085
2929
3283
5741
3927
2319
2648
2144
3789
4063
6252
6268
1572
2316
4613
5334
2492
3761
2011
1936
2756
2816
3461
5402
1720
7639
2423
10952
2799
2752
3267
3111
1770
4779
4057
5177
3040
2327
2157
4895
2793
2834
2565
2188
2654
2671
2547
7654
1699
2141
1995
3459
2865
3208
2512
5820
4546
4852
3306
5981
1969
2022
2110
3144
2626
3651
4249
3943
3163
2780
2375
3407
9499
4312
2042
6321
3591
3716
8204
3827
9360
6265
15185
33760
2345
2391
3276
5219
2783
5059
4250
3290
3097
12248
19818
2379
2746
3553
3685
3339
2922
5543
5466
4630
3066
4424
2623
2149
1609
3663
4380
4991
2687
2077
3140
3599
2799
3598
3730
2708
3172
3020
3851
6767
1947
2105
3489
6404
2351
3836
2745
5183
2900
3400
2120
3879
2967
4144
2409
4196
6792
2636
3065
5014
2741
3186
3383
19460
6052
3347
1976
2233
2287
2817
3178
2843
5432
3778
4108
2085
2357
3157
3029
3075
6582
2591
4972
3265
4778
4726
1843
8725
2714
6911
2204
2711
2876
2824
2929
2496
2952
2336
2026
3558
3157
2123
3962
1750
1867
1892
4837
2376
2174
2806
1919
1831
1597
7777
2646
2503
3760
15012
3885
4881
1449
2180
2488
9244
2924
2637
2859
2951
5028
2307
5406
6312
3017
2790
6395
2737
6636
4587
5182
2437
1669
4886
2414
2606
2759
4500
2903
2190
5895
3270
17741
2226
3661
6866
6068
2896
2759
3829
3303
3780
4006
14197
5106
2769
4693
2850
2095
2391
1955
2628
3771
2356
10208
5937
2846
6030
2597
3480
2970
3464
3335
5731
2551
2769
2214
4373
2865
5810
3173
2968
1894
3288
1997
3850
2838
3063
3252
3949
1921
3067
3455
2581
2545
4124
8624
20284
4152
3495
2646
3346
3077
2619
4906
18284
16080
19946
1566
2932
2893
2393
4196
10450
10783
2307
1960
2885
2279
4692
3170
5054
2766
2580
2071
2811
2483
5091
2076
2910
2099
2266
1831
3455
2841
6292
8233
3683
3079
4754
2259
2739
7307
2509
2453
4272
2180
2288
1650
1828
1909
3457
2623
3067
8005
6216
3218
2852
3281
2823
2521
6064
3116
6387
9898
8153
1932
2571
2043
3262
2586
2535
1677
3493
5520
3729
2058
2386
1666
3837
13747
2374
2386
2006
7637
2176
2694
4312
3589
3895
4879
2943
4969
2507
13686
3149
3557
5198
4118
2330
3200
3652
2998
2394
1461
4099
3627
3073
3025
2358
3419
13853
12709
2952
3070
5338
2493
2384
2156
2558
2443
3312
3508
6903
2398
6297
2723
2675
2683
4538
5541
3074
2481
3272
2083
3565
4188
4400
2833
2259
4035
2918
3878
5336
2139
18063
17165
3105
2140
3583
3626
3603
4287
4750
3195
3630
4855
5315
2596
2949
1999
2378
4727
3777
2290
3976
2846
3727
2179
5075
17601
3140
8508
4532
6144
2549
2229
2552
13693
2585
3030
3439
2583
3330
3165
4371
8831
3371
2496
10707
2624
2315
1872
2276
1724
2693
1681
2344
2799
4996
1984
3191
2526
4131
2941
2902
2467
3829
5099
5420
9230
2314
4316
4177
2710
2578
3408
2951
4619
3365
1888
3787
3317
8352
1948
3164
2745
3775
2120
2682
2742
10439
3299
2882
2460
3323
2129
3629
2179
2946
4083
3137
5001
6830
1826
6383
3549
5677
30058
3148
2458
3096
1800
2193
2731
2087
2198
2100
3107
1822
2265
2030
1975
3014
1923
4147
3288
3527
3523
2711
3364
3808
3364
2390
1953
2719
3904
5410
2150
3149
4101
15802
2927
20715
2480
2116
6125
2566
2086
3217
2144
3626
2583
3342
2900
2776
1665
3229
2481
2175
2568
2354
2036
3879
2204
3116
3100
5033
2380
2663
2494
2711
2994
2588
2469
3268
2606
3893
1908
2680
2787
2878
2134
2783
1913
2752
1956
3299
2251
6672
5392
5728
1681
3331
2880
4533
9792
3287
1838
2817
7239
3107
1867
2507
2098
6433
4814
2635
2655
3046
3709
2781
2042
3317
2512
3667
2463
2838
1873
3804
4147
11944
3267
10354
3728
2471
6926
4276
3327
6736
3644
3834
2948
4210
2860
7872
7516
1754
5092
1850
4673
4528
3287
3469
3984
4014
6326
3674
2785
2428
4799
8854
1485
3272
2445
8113
2278
2437
3361
2256
1788
1705
1648
4013
2108
4268
3500
4427
1931
2895
1892
3879
1848
10276
3218
2998
2553
2105
2465
2714
2052
1921
2453
2894
3319
3406
2341
9387
4146
2301
2131
4172
2602
2453
4554
6026
2077
2614
2054
3434
1767
2248
1772
2343
1927
2652
4641
3782
2521
2034
7563
2609
1777
3327
2585
2677
4358
6915
3494
3178
2044
4219
2741
4720
2363
4889
2536
2866
4236
2347
1758
2592
2620
6920
2820
2922
2357
14913
3045
2898
1952
2077
3016
4685
6647
5594
1914
3532
1588
2479
2554
3372
1959
2492
1849
2308
2034
2938
2261
3011
2984
3642
9820
8273
2855
3110
2164
7412
3546
4361
5344
10674
3434
2788
3538
4169
3271
2923
2493
2711
1880
2509
2176
3580
2140
2172
10826
2596
3634
3761
3286
2971
2824
4510
2101
9424
10610
2943
3879
2261
9847
1893
1955
4718
3174
1974
1911
2272
6558
2888
4021
4626
1724
2366
2506
3197
12042
2510
2770
2555
2302
3621
4347
4599
3862
9946
3481
2392
2211
4866
3078
2151
2713
3629
1565
2345
3787
4618
2177
2819
3414
5276
3289
2380
1422
2383
2311
2728
6459
2040
1753
1819
2320
3257
2991
2386
2053
2840
3569
3316
1974
5998
3416
3513
1983
8182
3727
2142
3219
2450
1769
9066
1964
5814
2475
5256
2622
3232
2418
3821
2041
4538
1940
3911
3681
2395
8818
4950
2782
10415
2896
1825
2972
3063
3083
2278
2764
2751
4116
3432
2594
2308
2092
2679
2736
7768
2977
4804
4634
12597
2201
3029
2346
6615
2388
3166
6478
4551
2687
2509
5505
4042
8927
3725
1846
3368
5723
2996
3628
4344
1966
3479
1832
11025
2116
3597
1927
4535
1862
2665
1621
2592
1611
5989
1906
3469
2186
2804
2430
2631
2801
2419
3118
4429
2086
15701
4497
2739
3246
6097
5083
4368
4868
4505
2649
2222
3268
3526
1937
4813
2252
4620
2546
3222
7625
8794
2214
6590
5445
5248
5995
2883
2630
2555
4411
4236
1857
3228
2603
1959
1564
4496
2556
2472
1741
2709
2151
2236
3525
1888
1763
3668
5969
10396
2118
2278
3891
5113
2627
1970
8096
5576
1738
2044
2147
2657
1755
4330
2013
2427
1775
2871
1829
2029
1996
3119
2865
3008
1936
3103
2107
3483
2099
5767
3419
2236
1517
1913
1758
2884
1787
4819
2522
3515
2785
2717
2059
10321
1962
3813
1600
3267
6843
3890
3184
5384
5432
3870
1641
2801
2528
3201
3436
2500
2854
4161
1647
2966
1955
2850
2116
3207
4182
2358
2017
5542
5203
3147
1863
4464
1977
3355
1931
2906
8463
3365
1903
3645
1919
2395
2021
2896
2484
3654
3013
8660
4065
2945
4219
7221
2538
2008
3987
17552
1955
8057
2389
2914
2295
5527
2139
3915
2152
3366
2272
2445
2073
3386
1876
2697
2842
1935
2561
2336
3324
3164
1846
4878
2271
3402
4466
2294
1601
2615
2354
2919
2803
2605
2824
2480
2389
2792
3572
2288
3408
8885
4419
8239
3083
2408
5144
2510
4279
32886
4684
7817
2612
5632
2785
4375
2109
8257
4741
2194
2951
4425
6980
2663
2447
3244
1802
3047
1728
2987
2881
2386
3090
6180
4114
3681
3183
2873
3347
2294
5700
3554
2082
2734
2503
5469
7921
3291
1631
2588
2135
5175
2858
3048
1838
1976
2127
2928
4247
1742
1753
5124
6904
2668
2069
2119
1831
7574
6760
2166
1864
2823
2459
3490
4844
5441
3465
2587
3689
2758
2747
4048
2558
6713
1585
4020
2838
2745
2534
2456
2912
4092
4166
2672
2453
4503
2116
2920
6598
2966
5129
2875
5143
2948
3427
6212
2659
5251
1583
3431
3827
2966
2513
2445
2124
3161
2896
2448
1877
3125
2176
2664
7721
3661
4548
4668
2032
7964
2788
11149
3084
3762
3124
2631
3001
5923
1842
3197
2117
3009
2216
5108
2752
2850
3373
4255
4605
3436
20540
6985
9956
2591
3523
3222
3130
3285
3385
1925
4377
1926
1949
2848
3161
2207
2481
5736
4114
3529
2729
9089
5422
2489
2577
1977
2016
3228
2416
2116
2085
1800
1382
2891
3078
2008
1909
4532
4079
3762
5299
2106
2366
6357
4576
4657
2451
2511
2322
2531
3625
4701
3397
3884
1864
3862
6886
4648
2604
3365
3019
8352
1896
4192
2223
2247
2346
2209
2509
4946
1954
2733
5604
7091
2430
10053
2870
4522
5035
2934
2164
2162
2573
4380
2054
4134
2671
2120
1934
2525
2028
5593
17981
3014
2335
4445
3952
3418
4243
2867
3774
2662
2200
6528
2149
2912
2554
4683
2130
2314
2938
3346
2430
2576
2457
1756
2605
2450
1987
3123
2484
3079
4859
2680
4742
2869
4611
5004
1476
3127
2617
3323
2337
3478
3572
3799
1926
3122
3287
3151
3354
4008
2620
2757
2126
3593
2278
2825
3341
3974
4229
4278
1880
2597
4222
3625
1958
7422
4131
2573
1860
3460
1749
3772
3310
2390
2196
4406
2087
3953
4881
4046
3466
3343
1909
3230
3879
3942
2554
2215
3422
2678
2256
7136
4067
4421
1961
1775
4596
5688
3699
6775
2157
3015
2476
2625
3088
3516
3045
2770
2498
1791
1827
2256
2303
5257
2521
1964
2043
2043
1811
1834
2001
3906
3577
3716
3512
3202
2684
6373
2748
2645
2931
2399
3084
2551
2011
2850
4090
3147
2567
1953
2970
2463
1966
2429
2165
3414
2401
3310
5658
3970
2133
3836
2929
3138
2374
3248
2026
2722
2145
2876
2192
4566
2466
5186
2677
3421
4490
2709
2179
2992
2466
4252
3039
9239
2361
4638
2499
6349
1956
3000
1904
2901
5321
3521
2075
2766
3066
1958
1725
3164
2192
2569
1998
2515
2444
3843
2808
2781
1618
3472
1647
2224
2389
2572
2200
2438
2854
3113
2297
3647
2462
2994
2688
4456
1871
2349
2668
4419
2841
3570
3131
2968
1699
11635
2318
4351
2667
2912
1587
3074
2008
4023
1873
3251
9392
5579
5566
3525
4008
3747
6116
3828
2360
4681
2741
17496
2813
4744
3227
3556
2705
6209
2560
3579
2246
2046
2247
2558
2492
1820
2766
3194
3350
1843
2067
2174
2018
2796
2516
2292
1850
8984
3491
4999
2449
2593
2193
3661
4299
2575
2887
2942
3609
2648
2360
2883
2501
2520
2055
3074
4513
4334
2098
2775
2043
4296
2014
3105
1931
4532
1980
3064
4683
4532
3295
5334
3753
2893
2287
3357
7470
1753
1851
3784
5323
12667
4179
6118
9589
3556
2472
2153
2318
4481
2145
2956
2151
2712
3195
4793
3148
3001
2002
2559
4803
3630
1989
5923
4697
2108
1762
4064
2423
2988
1917
2389
3791
4920
2132
1989
2274
3802
2402
4191
2077
4109
2822
4070
2046
2799
1688
7713
3540
11088
2663
5858
7741
2447
1597
3365
1693
2394
1529
3446
1841
3516
2122
3276
2420
4168
2435
6397
3206
2181
2060
3867
2353
3044
5856
4783
1968
3080
3307
6337
5913
3893
2513
4358
1959
2596
2036
12996
3592
2066
2070
2729
1992
2543
2176
6893
7799
3640
2611
4326
3167
7298
8243
4231
2782
3668
1487
2563
2697
1729
2424
2737
2197
2312
2617
4345
2645
3618
2038
2856
2996
8550
2220
5808
9349
8911
2276
3087
2490
4256
3614
2083
2025
2356
2969
4710
3860
2357
3747
2818
2263
3844
1724
4370
4093
11141
3253
4446
3062
3091
2455
3412
2036
2778
3236
2786
2398
6033
3576
2952
2072
2755
2308
3370
2095
2288
1911
4709
5280
4125
3350
2068
34132
3816
1992
4464
2447
2018
1925
2497
1881
1934
2354
3216
2378
2661
2686
2380
2064
3058
1726
3348
4026
2321
3078
12599
2559
5023
2586
5825
1839
3330
1445
2853
1748
3613
2550
3793
2632
2423
2965
4159
1836
5520
2313
3974
1773
5001
3644
3387
2477
3536
2472
3648
2319
4149
1849
3898
4424
3616
2718
3937
3041
2484
3250
2769
2748
3173
11169
2725
2260
2922
3992
2840
5803
8760
1837
5697
2266
3815
2238
4209
1778
2745
4597
3611
2597
8015
8388
3054
2080
2570
2418
2942
2122
3376
4524
6363
12656
6015
3674
3465
2617
3704
2502
9073
2334
2571
2095
2890
6319
3892
2060
1869
2862
2345
2840
3493
3712
3762
6351
2551
3829
3027
4044
2338
2027
2224
2358
4412
2718
2365
1528
3164
1999
3264
1925
2696
1950
2033
2266
3235
2178
3199
3674
2146
2852
4315
1998
5468
2352
4870
2085
2288
1652
2361
1918
5530
1763
1912
2470
2533
2316
3073
2832
4077
3585
3085
2027
2599
2044
3305
1953
3134
1716
9272
2643
2517
2287
5138
2800
1896
2196
4069
2793
1934
1819
2274
2396
5430
3254
1909
2877
9009
4673
3293
4488
2291
2072
7860
4460
2493
5118
2052
1770
2134
2615
6145
1826
2618
1959
2785
3009
3878
3542
3698
3260
9470
2856
4406
2950
8194
6860
2346
1950
4136
4270
3417
4608
2600
3154
3325
2211
2494
3904
3705
3152
5504
2301
3815
2569
2541
2486
3473
2404
4095
3736
5428
2722
2608
2480
5318
3479
3694
2041
2183
1619
3276
2068
6611
3723
3376
2816
3858
19716
7771
2161
3878
1767
3478
2369
4460
5262
8741
2467
4584
1985
1698
4463
6944
1783
1992
1822
4370
2703
2750
3369
2835
10417
2806
2713
2577
3208
3901
3564
4442
2446
3915
1766
3134
1793
2607
2208
4838
4304
2013
3448
4447
3182
2192
2561
2269
7358
2670
2287
3525
2140
1974
1670
2206
3296
5770
2443
2200
2456
1942
2253
4109
2144
3010
3586
2659
7840
3082
2585
2626
1912
2439
2456
3483
1851
7317
2561
3271
1889
8349
1659
4680
2871
2244
1868
2842
1844
2560
3063
2954
2090
3072
2360
3247
2313
2170
11719
4582
1844
3869
7235
3218
2426
2860
2089
5464
4228
6839
7022
5604
3251
3774
3834
3031
2791
3770
2925
4374
2475
3483
1851
2735
2810
6932
12909
4986
2078
3087
5605
3305
1986
2594
2957
3742
2569
5124
3225
2773
2299
2401
2246
3463
2198
3480
2524
4968
1888
3186
2215
11085
2427
3137
6925
7100
2187
4198
3689
3936
4415
3894
6132
6158
2353
5498
5262
9710
3128
4998
2776
3423
2800
5584
7010
3997
5170
2169
3600
3816
1966
1960
1902
3249
2470
2705
2267
2208
4137
3533
5966
2775
2294
4036
3037
2739
3618
5518
2808
8317
3634
3964
3535
2100
1649
3084
4000
1864
2188
2141
4664
2581
3017
5134
2169
5072
2704
5121
5203
3588
2347
4388
4284
5879
2394
3233
2341
4127
1770
1903
3401
2777
1915
2959
4733
2969
2370
4398
3062
3928
8485
5119
3596
4491
4467
6164
4083
2489
1504
5617
1970
2690
4673
3207
2852
3763
2530
4920
3974
2652
10763
2628
2468
4558
2586
2967
3447
5799
2651
4500
3288
3456
1767
2388
2055
2162
1879
2485
3056
3693
5613
2748
8130
2888
1881
7844
2538
3314
2311
2991
4477
4984
1977
4058
2648
4839
3079
7497
4468
2285
1936
3439
2918
2843
4554
3968
2580
3548
3267
6010
2138
5616
3916
4788
2334
5483
3459
3605
2444
4906
2184
2107
2713
5156
2039
3720
2862
4317
2527
4332
2087
4738
2634
6741
2063
4132
3459
4808
6913
8747
4268
4438
3557
5628
1477
2152
2928
3145
2460
1909
2473
2196
5126
2226
3656
5419
4554
2051
9841
2486
2935
2675
2564
2968
4047
4433
3564
2015
2484
2698
2507
3643
2133
2600
1833
5180
4449
10778
5242
3337
2141
2428
2089
21775
3262
3335
3200
3608
2453
4982
2754
4663
2200
3332
1792
2107
3751
3096
2298
2527
3350
4357
3008
4397
2220
8860
3768
2534
2651
3092
2449
4330
2890
3733
2250
4419
2240
3013
4399
2921
4163
2624
1810
2713
2991
2274
2583
5606
4761
3136
3991
2780
3939
4033
4009
7618
4725
3380
2146
3449
1451
2694
2124
2817
2091
3055
3280
2868
5509
3042
2259
12135
4786
13648
8166
2382
2069
7006
2308
5901
1674
4163
3887
3770
2427
2560
6234
3150
7478
3322
1980
3123
3672
3217
2685
4885
5630
2783
2391
2654
2165
3211
2791
3916
5404
3826
5544
7121
2881
2335
3326
2872
1854
4154
2650
3678
3312
3429
2689
2533
2553
1958
1710
2634
1679
4486
3280
10312
