1351
1470
1361
1535
1385
1586
1376
1474
1168
1184
1209
1250
1191
1363
1407
1460
1450
1506
1470
1404
1675
1445
1498
1373
1430
1370
1121
1238
1183
1318
1061
1426
1053
1314
1069
1346
1084
1293
1483
1436
1319
1604
1326
1476
1445
1447
1338
1561
1386
1822
1114
1274
1078
1376
1156
1548
1132
1658
1143
1328
1061
1318
1313
1732
1409
1751
1326
1528
1157
1532
1242
1507
1237
1509
1255
1288
1390
1384
1262
1358
1365
1382
1320
1280
1311
1292
1258
1092
1129
1172
1230
1114
1205
1138
1201
1145
1234
1099
1390
1354
1465
1324
1408
1421
1386
1464
1456
1360
1487
1384
1285
1189
1215
1111
1177
1122
1191
1124
1144
1156
1195
1138
1416
1339
1354
1292
1387
1344
1377
1478
1398
1336
1275
1262
1242
1150
1130
1132
1132
1100
1195
1128
1154
1112
1162
1208
1291
1246
1480
1258
1467
1422
1402
1366
1324
1530
1414
1508
1176
1114
1212
1122
1298
1062
1151
1140
1228
1165
1269
1221
1394
1523
1451
1306
1476
1431
1405
1490
1446
1489
1362
1338
1267
1124
1183
1241
1197
1354
1192
1254
1090
1399
1158
1224
1394
1425
1191
1637
1115
1468
1192
1384
1243
1616
1160
1623
1157
1285
1146
1360
1218
1408
1115
1494
1141
1306
1142
1312
1191
1828
1233
1741
1329
1412
1176
1370
1159
1842
1230
1728
1185
1467
1273
1504
1265
1550
1622
1603
1169
1614
1194
1748
1226
1218
1291
1312
1234
1544
1257
1390
1226
1276
1170
1225
1255
1105
1236
1072
1314
1105
1336
1043
1222
1083
1162
1049
1249
1358
1254
1390
1196
1372
1174
1371
1242
1298
1314
1390
1409
1026
1226
1101
1146
1096
1173
1067
1228
1067
1204
1171
1417
1332
1294
1353
1351
1410
1426
1320
1341
1264
1246
1276
1291
1209
1273
1093
1405
1081
1359
1070
1236
1119
1159
1186
1282
1243
1346
1274
1305
1345
1189
1394
1318
1474
1345
1452
1266
1144
1273
1112
1289
1079
1251
1026
1165
1136
1110
1168
1294
1486
1299
1378
1377
1392
1217
1485
1272
1284
1189
1421
1202
1093
1365
1195
1282
1305
1241
1172
1181
1127
1225
1111
1225
1442
1185
1590
1147
1427
1120
1470
1211
1612
1212
1697
1095
1283
1057
1384
1151
1353
1208
1501
1141
1276
1147
1235
1233
1740
1200
1648
1176
1406
1131
1286
1202
1548
1153
1720
1178
1485
1406
1553
1260
1533
1211
1603
1200
1667
1359
1798
1135
1150
1184
1208
1186
1296
1139
1204
1190
1248
1239
1247
1233
1033
1259
1034
1208
1099
1210
1037
1238
1045
1248
1081
1082
1326
1141
1286
1170
1390
1176
1327
1227
1166
1212
1304
1229
1049
1314
1155
1165
1067
1134
1094
1090
1027
1300
1121
1257
1274
1308
1341
1277
1413
1396
1396
1279
1219
1262
1259
1446
1028
1182
1078
1178
1047
1202
1108
1204
1094
1228
1116
1182
1234
1250
1214
1313
1296
1335
1376
1371
1462
1328
1380
1314
1095
1350
1077
1268
1069
1379
1053
1237
1152
1224
1044
1398
1331
1358
1336
1470
1548
1406
1515
1313
1323
1274
1460
1205
1087
1313
1220
1458
1320
1183
1212
1160
1083
1212
1086
1353
1506
1321
1504
1304
1438
1337
1399
1406
1682
1219
1639
1103
1194
1123
1274
1227
1413
1349
1338
1200
1223
1168
1288
1406
1774
1282
1520
1383
1554
1362
1356
1314
1597
1205
2016
1112
1432
1336
1478
1379
1486
1282
1494
1167
1555
1242
1662
1222
1353
1341
1318
1286
1402
1242
1285
1220
1400
1242
1259
1195
1082
1279
1105
1290
1115
1224
1067
1286
1055
1157
1082
1211
1348
1251
1341
1348
1316
1241
1217
1334
1286
1352
1306
1140
1153
1185
1162
1277
1091
1353
1103
1308
1234
1414
1148
1294
1305
1293
1331
1257
1454
1269
1386
1258
1252
1205
1242
1482
1041
1190
1092
1303
1098
1292
1084
1432
1145
1370
1173
1244
1218
1306
1291
1282
1286
1186
1352
1299
1438
1299
1488
1271
1079
1230
1032
1130
1018
1404
1105
1271
1154
1212
983
1216
1412
1255
1237
1393
1382
1321
1343
1310
1380
1373
1486
1309
1024
1340
1139
1274
1228
1228
1129
1329
1147
1326
1161
1280
1502
1291
1572
1345
1402
1519
1404
1377
1630
1350
1708
1257
1202
1212
1238
1135
1330
1239
1352
1208
1247
1208
1268
1362
1850
1294
1652
1224
1427
1265
1445
1374
1681
1160
1750
1229
1283
1418
1308
1306
1405
1474
1446
1172
1589
1347
1609
1337
1474
1353
1532
1263
1387
1267
1257
1348
1254
1978
1394
3232
1104
1733
1080
1670
1090
1444
1151
1401
1183
1202
1127
1138
1477
1251
1337
1231
1305
1294
1274
1330
1338
1381
1402
1127
1124
1215
1133
1203
1132
1184
1215
1851
1170
1955
1156
1352
1384
1253
1524
1272
1624
1343
1404
1358
1296
1341
1239
1444
1128
1275
1165
1336
1171
1366
1133
1619
1192
1564
1125
1291
1217
1266
1351
1287
1330
1334
1522
1431
1540
1382
1490
1596
1095
1193
1105
1256
1100
1270
1117
1221
1109
1334
1075
1345
1284
1333
1313
1408
1409
1434
1355
1595
1350
1554
1633
1183
1053
1156
1172
1138
1243
1220
1209
1118
1168
1078
1183
1323
1412
1464
1548
1540
1383
1514
1338
1485
1612
1373
1722
1158
1189
1164
1305
1130
1356
1118
1386
1128
1291
1052
1314
1503
1941
1286
1562
1344
1488
1293
1474
1493
1696
1225
1978
1235
1394
1214
1454
1129
1605
1145
1598
1172
1617
1123
1591
1335
1334
1386
1348
1361
1352
1322
1309
1397
1374
1228
1464
1325
1150
1322
1164
1376
1052
1244
1061
1180
1184
1127
1067
1351
1540
1260
1324
1284
1275
1366
1240
1243
1384
1300
1275
1145
1091
1190
1121
1195
1125
1195
1167
1383
1152
1224
1131
1160
1322
1306
1502
1318
1672
1421
1398
1397
1259
1306
1226
1261
1093
1310
1164
1484
1141
1228
1134
1177
1246
1237
1158
1279
1191
1357
1194
1338
1334
1384
1624
1375
1604
1362
1522
1435
1116
1242
1084
1161
1215
1386
1136
1202
1117
1156
1132
1281
1332
1319
1406
1382
1576
1432
1310
1564
1346
1562
1468
1184
1165
1222
1248
1178
1255
1217
1235
1107
1172
1144
1180
1333
1373
1524
1562
1453
1414
1463
1412
1812
1474
1442
1722
1136
1297
1183
1332
1084
1395
1131
1339
1125
1318
1273
1247
1403
1915
1351
1557
1302
1500
1366
1502
1592
1686
1373
2319
1106
1355
1088
1423
1108
1548
1160
1633
1184
1637
1183
1494
1230
1220
1313
1370
1373
1381
1295
1519
1298
1570
1233
1502
1257
1041
1237
1097
1226
1027
1224
1112
1246
1153
1193
1120
1274
1360
1297
1257
1272
1200
1261
1178
1249
1388
1214
1260
1126
1177
1235
1245
1245
1185
1162
1299
1240
1144
1135
1127
1279
1333
1317
1374
1319
1466
1282
1547
1281
1245
1422
1322
1181
1169
1278
1164
1397
1188
1281
1349
1288
1257
1395
1195
1217
1184
1326
1260
1301
1316
1443
1498
1517
1671
1457
1444
1516
1075
1313
1123
1292
1131
1329
1262
1242
1235
1200
1191
1339
1390
1393
1362
1385
1392
1391
1312
1431
1380
1377
1416
1157
1230
1234
1287
1207
1283
1190
1184
1157
1256
1144
1293
1393
1387
1594
1515
1674
1266
1529
1378
1241
1509
1266
1676
1189
1369
1343
1355
1272
1421
1289
1277
1226
1324
1134
1391
1379
1700
1284
1488
1253
1336
1369
1408
1542
1592
1376
2207
1158
1303
1187
1401
1166
1369
1159
1457
1202
1509
1233
1710
1263
1192
1321
1274
1247
1326
1320
1354
1323
1518
1353
1455
1321
1080
1233
1099
1296
1113
1257
1127
1224
1172
1190
1188
1271
1306
1251
1212
1239
1264
1237
1334
1252
1440
1237
1400
1316
1122
1217
1223
1255
1160
1181
1210
1139
1151
1198
1189
1226
1347
1209
1499
1325
1549
1357
1388
1290
1251
1294
1134
1234
1171
1304
1167
1252
1189
1317
1146
1418
1247
1470
1180
1238
1165
1323
1270
1431
1376
1264
1366
1371
1345
1394
1366
1302
1184
1272
1153
1401
1184
1589
1262
1432
1228
1378
1173
1190
1243
1374
1414
1369
1422
1306
1297
1457
1412
1501
1460
1472
1143
1267
1277
1146
1213
1316
1220
1172
1207
1260
1289
1687
1368
1965
1426
1649
1243
1528
1420
1433
1526
1433
1772
1246
1313
1267
1252
1305
1361
1307
1232
1218
1243
1226
1370
1251
1612
1286
1386
1299
1350
1317
1436
1327
1691
1285
1730
1143
1465
1203
1455
1322
1399
1143
1424
1198
1537
1176
1884
1403
1306
1382
1252
1399
1278
1550
1333
1369
1343
1377
1266
1262
1166
1170
1065
1180
1106
1175
1180
1142
1205
1180
1152
1244
1180
1426
1266
1301
1316
1194
1342
1270
1340
1240
1336
1171
1141
1171
1121
1164
1122
1174
1155
1204
1135
1250
1230
1255
1448
1281
1493
1261
1426
1326
1396
1262
1264
1319
1241
1264
1135
1276
1164
1406
1188
1502
1139
1458
1169
1439
1167
1263
1305
1349
1433
1373
1372
1280
1448
1224
1367
1308
1330
1465
1156
1235
1190
1289
1117
1473
1151
1264
1161
1259
1162
1254
1296
1289
1343
1325
1344
1317
1251
1429
1406
1457
1312
1310
1144
1160
1157
1188
1190
1308
1207
1316
1207
1454
1244
1298
1512
1367
1402
1519
1192
2038
1302
2084
1438
1903
1741
1506
1159
1210
1241
1223
1311
1189
1196
1328
1235
1379
1323
1495
1604
1465
1478
1299
1323
1479
1375
1513
1667
1460
1499
1334
1332
1281
1411
1346
1502
1218
1499
1353
1594
1253
1871
1260
1186
1298
1252
1347
1271
1415
1378
1391
1407
1326
1266
1704
1097
1312
1172
1298
1207
1329
1105
1266
1124
1213
1264
1248
1186
1283
1238
1329
1352
1277
1359
1231
1332
1190
1376
1219
1154
1301
1140
1132
1191
1250
1151
1328
1121
1340
1108
1165
1440
1378
1458
1337
1434
1358
1392
1530
1238
1264
1222
1457
1195
1295
1132
1492
1165
1589
1160
1420
1127
1376
1104
1245
1386
1270
1372
1319
1402
1323
1444
1249
1502
1262
1402
1301
1050
1228
1157
1262
1112
1262
1104
1306
1156
1390
1172
1266
1339
1322
1480
1297
1251
1355
1230
1413
1442
1526
1286
1234
1119
1354
1149
1632
1182
1394
1170
1364
1145
1450
1168
1527
1512
1506
1398
1483
1236
1526
1254
1281
1486
1301
1651
1460
1170
1580
1300
1606
1250
1424
1305
1436
1287
1520
1299
1231
1582
1184
1415
1282
1348
1433
1359
1381
1546
1307
1758
1354
1200
1388
1351
1425
1389
1288
1461
1454
1621
1358
1762
1342
1384
1296
1293
1413
1282
1418
1424
1379
1338
1339
1255
1258
1129
1224
1206
1315
1127
1238
1111
1161
1060
1159
1194
1342
1301
1397
1205
1335
1240
1326
1276
1270
1320
1232
1300
1194
1145
1170
1140
1236
1169
1278
1174
1132
1107
1116
1091
1205
1342
1220
1408
1255
1294
1306
1298
1290
1310
1342
1176
1187
1188
1302
1165
1328
1145
1268
1208
1338
1156
1120
1159
1251
1235
1418
1358
1338
1436
1348
1482
1215
1506
1252
1384
1156
1037
1424
1071
2064
1160
1405
1084
1403
1141
1658
1133
1366
1375
1291
1390
1279
1302
1353
1314
1249
1457
1274
1382
1386
1168
1262
1146
1487
1149
1886
1192
1453
1259
1436
1154
1558
1484
1487
1410
1939
1296
1673
1445
1440
1482
1547
1594
1480
1312
2341
1432
1436
1374
1232
1283
1364
1470
1218
1268
1252
1645
1349
1392
1400
1288
1434
1406
1225
1490
1257
1689
1162
1388
1251
1364
1314
1456
1150
1417
1219
1617
1215
1774
1195
1183
1343
1220
1357
1372
1347
1345
1415
1334
1262
1234
1617
1054
1454
1105
1195
1103
1240
1147
1270
1142
1321
1121
1398
1290
1364
1293
1362
1262
1352
1324
1258
1314
1294
1384
1190
1093
1141
1083
1174
1160
1231
1217
1179
1120
1218
1205
1187
1384
1239
1470
1353
1448
1394
1278
1319
1224
1372
1311
1203
1171
1286
1098
1308
1171
1269
1175
1217
1204
1210
1250
1434
1303
1286
1434
1165
1402
1210
1364
1178
1422
1158
1282
1228
1088
1210
1108
1236
1239
1278
1086
1388
1175
1288
1132
1335
1272
1267
1344
1240
1269
1198
1289
1255
1455
1249
1304
1228
1104
1375
1166
1632
1172
1680
1190
1939
1146
1312
1159
1219
1534
1278
1434
1221
1318
1304
1436
1243
1505
1266
1700
1130
1125
1182
1230
1397
1301
1408
1235
1222
1234
1156
1293
1209
1476
1258
1337
1414
1376
1314
1362
1220
1596
1207
1471
1116
1267
1146
1407
1169
1416
1172
1427
1292
1424
1244
1432
1410
1188
1365
1208
1353
1392
1286
1353
1347
1200
1274
1199
1379
1128
1254
1120
1238
1123
1226
1124
1239
1114
1166
1071
1134
1251
1243
1182
1209
1224
1202
1315
1320
1361
1382
1352
1197
1073
1192
1125
1158
1111
1272
1121
1352
1111
1220
1143
1288
1472
1318
1558
1301
1350
1338
1280
1392
1291
1337
1248
1214
1121
1217
1148
1236
1140
1272
1218
1200
1104
1212
1162
1256
1253
1309
1416
1261
1424
1241
1446
1329
1416
1351
1240
1300
1080
1270
1122
1189
1185
1352
1127
1394
1185
1230
1169
1325
1328
1255
1360
1258
1336
1233
1492
1163
1547
1180
1362
1187
1163
1176
1131
1363
1216
1628
1175
1490
1103
1310
1223
1217
1564
1329
1380
1250
1325
1190
1441
1201
1542
1274
1785
1266
1205
1116
1241
1246
1294
1258
1276
1151
1271
1168
1279
1230
1540
1270
1377
1386
1357
1242
1490
1197
1641
1242
1670
1180
1311
1127
1379
1156
1363
1186
1480
1138
1564
1208
1589
1327
1174
1297
1288
1445
1418
1305
1369
1479
1188
1299
1100
1270
1134
1304
1066
1262
1026
1318
1066
1229
1062
1279
1061
1191
1214
1553
1221
1554
1379
1527
1266
1282
1313
1251
1324
1163
1084
1212
1074
1280
1141
1240
1158
1542
1045
1324
1099
1173
1413
1173
1410
1240
1332
1280
1280
1291
1232
1185
1252
1184
1092
1322
1088
1241
1147
1212
1186
1307
1123
1244
1167
1161
1404
1241
1394
1192
1413
1174
1450
1207
1376
1245
1272
1264
1150
1251
1116
1339
1185
1443
1151
1292
1101
1279
1188
1192
1328
1264
1356
1259
1236
1261
1445
1310
1578
1266
1333
1395
1160
1283
1144
1194
1116
1359
1147
1563
1166
1816
1216
1278
1525
1224
1373
1134
1300
1353
1515
1211
1572
1245
1663
1388
1251
1315
1479
1260
1394
1166
1263
1180
1319
1126
1316
1236
1502
1219
1355
1266
1385
1226
1524
1279
1572
1329
1698
1089
1444
1245
1370
1192
1419
1183
1454
1165
1516
1208
1492
1474
1097
1522
1240
1679
1348
1637
1299
1489
1284
1370
1344
1386
1116
1326
1166
1356
1089
1345
1089
1300
1095
1320
1117
1295
1314
1279
1232
1347
1370
1281
1281
1308
1292
1299
1336
1269
1086
1429
1156
1582
1193
1328
1153
1110
1089
1143
1128
1221
1534
1265
1444
1332
1342
1298
1290
1239
1294
1242
1276
1627
1073
1440
1068
1116
1105
1146
1098
1145
1142
1413
1123
1097
1352
1259
1349
1126
1448
1110
1452
1181
1339
1225
1184
1265
1076
1403
1066
1337
1125
1504
1184
1463
1092
1161
1136
1189
1296
1131
1268
1060
1215
1035
1587
1034
1498
1100
1346
1177
1096
1245
1185
1266
1177
1262
1132
1239
1181
1384
1181
1212
1488
1115
1343
1105
1357
1101
1560
1042
1654
1119
1778
1158
1234
1174
1236
1151
1269
1133
1269
1220
1303
1162
1283
1054
1490
1090
1442
1097
1378
1116
1553
1089
1700
1119
1695
1047
1339
1181
1406
1239
1308
1205
1561
1275
1545
1214
1564
1146
1130
1141
1324
1193
1370
1163
1236
1177
1256
1282
1195
1265
944
1424
1139
1394
1119
1406
1085
1486
1116
1343
1105
1182
1287
1165
1236
1241
1337
1234
1202
1182
1154
1214
1314
1249
1210
1310
1070
1289
1186
1232
1133
1111
1178
1237
1109
1109
1469
1093
1394
1155
1304
1121
1172
1255
1216
1247
1264
1118
1210
1130
1154
1134
1180
1200
1164
1272
1084
1296
1111
1175
1302
1118
1344
1146
1426
1094
1366
1103
1338
1151
1210
1314
1110
1217
1112
1329
1191
1574
1219
1348
1231
1238
1149
1195
1342
1202
1298
1173
1330
1080
1588
1058
1380
1118
1335
1218
1157
1162
1223
1194
1170
1249
1197
1222
1292
1253
1240
1184
1520
1122
1350
1139
1358
1170
1502
1066
1624
1125
1786
1151
1287
1140
1281
1185
1285
991
1241
1036
1234
1128
1305
1141
1468
1170
1476
1149
1452
1146
1511
1264
1698
1115
1814
1127
1358
1105
1401
1174
1463
1149
1425
1108
1332
1081
1522
1305
1138
1245
1292
1321
1296
1220
1260
1173
1172
1158
1196
1375
1067
1320
1120
1443
1136
1432
1065
1273
1086
1154
1137
1196
1260
1174
1228
1155
1276
1157
1187
1205
1278
1223
1328
1178
1197
1183
1087
1190
1192
1139
1091
1060
1096
1172
1126
1229
1428
1194
1324
1171
1294
1161
1216
1161
1220
1188
1223
1243
1114
1122
1180
1178
1128
1139
1181
1179
1135
1216
1124
1190
1286
1154
1306
1144
1448
1154
1448
1042
1402
1139
1244
1157
1294
1204
1100
1171
1210
1201
1180
1202
1206
1238
1136
1119
1369
1163
1375
1169
1349
1119
1514
1082
1368
1122
1295
1146
1152
1211
1181
1166
1168
1150
1203
1092
1181
1204
1296
1102
1514
1026
1299
1141
1262
1147
1386
1264
1608
1242
1771
1079
1252
1102
1295
1099
1211
1083
1274
1118
1263
1266
1245
1178
1454
1163
1427
1218
1370
1211
1510
1215
1591
1233
1620
1148
1300
1171
1313
1098
1291
1118
1424
1101
1421
1180
1444
1267
1182
1193
1298
1234
1250
1201
1198
1202
1134
1272
1221
1260
1032
1314
1089
1337
1079
1296
1071
1244
1122
1167
1182
1185
1186
1161
1296
1149
1266
1178
1241
1225
1172
1230
1288
1133
1149
1166
1117
1101
1085
1120
1056
1150
1093
1338
1075
1212
1394
1193
1398
1194
1291
1198
1238
1237
1234
1284
1346
1152
1070
1090
1129
1070
1139
1103
1203
1156
1167
1130
1178
1158
1386
1104
1331
1126
1465
1153
1598
1194
1396
1119
1210
1198
1168
1148
1155
1192
1164
1238
1192
1196
1243
1324
1212
1123
1374
1183
1314
1151
1381
1089
1510
1117
1356
1155
1348
1472
1158
1339
1145
1153
1185
1129
1214
1090
1209
1115
1271
1214
1454
1227
1269
1186
1282
1130
1376
1095
1688
1082
1589
1139
1271
1130
1363
1163
1374
1198
1286
1200
1329
1138
1321
1093
1342
1141
1419
1128
1408
1153
1572
1209
1545
1178
1588
1185
1346
1161
1355
1128
1431
1089
1355
1086
1443
1122
1433
1219
1308
1254
1198
1313
1094
1275
1210
1232
1216
1315
1180
1301
1126
1308
1043
1226
1073
1239
1118
1246
1116
1170
1146
1346
1262
1304
1292
1223
1338
1180
1203
1271
1228
1317
1304
1197
1143
1198
1161
1158
1091
1237
1144
1238
1098
1100
1098
1223
1456
1180
1328
1266
1250
1132
1396
1192
1320
1188
1262
1147
1125
1200
1119
1190
1160
1148
1190
1133
1085
1258
1105
1133
1384
1147
1359
1212
1434
1150
1532
1142
1404
1125
1288
1084
1130
1088
1167
1237
1195
1193
1140
1227
1210
1242
1184
1097
1388
1133
1403
1088
1272
1098
1586
1121
1317
1206
1226
1211
1203
1167
1294
1221
1203
1244
1182
1105
1162
1108
1243
1380
1520
1238
1344
1186
1278
1068
1476
1101
1736
1186
1558
1148
1253
1138
1289
1062
1249
1072
1256
1111
1364
1139
1462
1434
1317
1294
1400
1352
1406
1321
1581
1243
1600
1337
1800
1107
1261
1138
1371
1250
1441
1162
1387
1143
1492
1097
1591
1307
1203
1625
1211
1326
1157
1198
1132
1245
1212
1271
1288
1223
1095
1306
1071
1186
1153
1275
1148
1292
1084
1207
1109
1302
1288
1281
1276
1307
1287
1181
1230
1303
1235
1206
1392
1212
1132
1246
1115
1215
1125
1316
1080
1112
1139
1124
1134
1223
1495
1300
1406
1213
1296
1267
1250
1223
1313
1193
1286
1168
1151
1140
1097
1136
1120
1150
1234
1159
1349
1143
1221
1271
1391
1133
1424
1154
1454
1123
1496
1234
1320
1106
1236
1165
1168
1169
1111
1194
1159
1250
1207
1256
1188
1295
1237
1083
1350
1194
1312
1109
1374
1107
1480
1155
1438
1091
1455
1176
1188
1159
1201
1267
1251
1197
1269
1132
1222
1160
1260
1289
1592
1288
1380
1322
1413
1176
1485
1217
1765
1241
1790
1144
1256
1106
1269
1150
1240
1106
1254
1064
1364
1105
1286
1405
1466
1223
1408
1269
1478
1223
1603
1246
1767
1257
1711
1109
1368
1169
1291
1139
1382
1113
1506
1112
1661
1085
1695
1257
1941
1260
1148
1242
1180
1287
1176
1232
1197
1189
1250
1210
1086
1262
1090
1188
1101
1164
1059
1180
1094
1171
1107
1055
1282
1193
1344
1178
1322
1193
1199
1217
1316
1203
1538
1116
1128
1122
1147
1159
1081
1119
1080
1110
1096
1104
1127
1204
1436
1158
1338
1243
1296
1271
1272
1378
1418
1345
1352
1062
1120
1102
1103
1189
1119
1209
1149
1309
1117
1287
1188
1155
1360
1163
1394
1222
1498
1130
1472
1197
1367
1150
1314
1251
1196
1134
1178
1188
1216
1214
1216
1423
1221
1349
1305
1150
1412
1206
1417
1179
1462
1234
1437
1243
1466
1331
1364
1236
1161
1276
1221
1243
1250
1217
1228
1104
1217
1119
1184
1139
1567
1190
1350
1246
1415
1157
1662
1262
1732
1114
1584
1095
1173
1120
1302
1089
1147
1095
1268
1118
1339
1092
1312
1169
1468
1054
1423
1194
1376
1181
1568
1330
1684
1270
1852
1153
1297
1146
1417
1135
1377
1070
1431
1152
1529
1078
1577
1272
1465
1242
1158
1206
1073
1223
1147
1265
1172
1265
1173
1244
1090
1189
1104
1183
1171
1106
1142
1182
1101
1145
1051
1201
1292
1142
1323
1180
1175
1195
1200
1178
1248
1240
1336
1088
1061
1061
1083
1061
1115
1110
1130
1154
1178
1170
1128
1073
1384
1193
1372
1242
1260
1270
1312
1595
1356
1489
1396
1199
1052
1174
1100
1156
1121
1187
1125
1093
1103
1168
1158
1218
1417
1235
1536
1332
1682
1285
1390
1290
1429
1290
1379
1206
1255
1158
1195
1188
1297
1159
1131
1147
1178
1100
1133
1265
1465
1333
1330
1358
1530
1218
1742
1209
1328
1218
1437
1127
1233
1117
1061
1148
1133
1138
1292
1137
1162
1140
1153
1182
1400
1307
1333
1361
1472
1235
1617
1397
1654
1270
1372
1214
1359
1143
1293
1095
1240
1129
1275
1184
1461
1380
1411
1085
1390
1213
1436
1351
1640
1458
1558
1177
1812
1245
1942
1186
1292
1090
1315
1065
1345
1088
1390
1080
1470
1086
1403
1196
1317
1224
1198
1279
1154
1230
1154
1208
1076
1180
1155
1239
1145
1183
1125
1153
1062
1178
1130
1149
1059
1133
1051
1154
1264
1123
1258
1094
1282
1122
1212
1222
1294
1136
1382
1111
1067
1074
1061
1086
1087
1137
1110
1154
1084
1075
1163
1176
1365
1138
1254
1170
1196
1181
1318
1196
1379
1216
1252
1210
1225
1276
1215
1148
1239
1198
1118
1188
1273
1145
1089
1061
1318
1164
1346
1151
1499
1174
1546
1226
1376
1197
1383
1131
1027
1121
1135
1087
1191
1155
1167
1097
1165
1178
1139
1210
1541
1180
1424
1149
1524
1120
1602
1212
1350
1148
1393
1128
1168
1150
1201
1170
1229
1266
1203
1139
1133
1143
1163
1186
1406
1247
1322
1238
1457
1137
1599
1156
1612
1286
1482
1172
1260
1118
1264
1153
1248
1368
1179
1184
1244
1204
1252
1340
1352
1282
1415
1184
1445
1132
1512
1175
1710
1259
1963
1096
1516
1099
1319
1062
1340
1062
1336
1043
1395
1093
1431
1148
1232
1228
1127
1245
1132
1220
1183
1231
1135
1200
1138
1288
1067
1198
1095
1196
1090
1185
1163
1118
1184
1170
1129
1093
1176
1112
1214
1118
1170
1144
1172
1197
1209
1166
1247
1124
1077
1084
1081
1116
1073
1162
1149
1063
1120
1104
1147
1286
1258
1104
1234
1068
1166
1124
1169
1186
1196
1166
1197
1097
1114
1091
1148
1097
1207
1153
1160
1224
1131
1204
1071
1142
1162
1148
1392
1112
1510
1138
1348
1181
1373
1225
1406
1174
1053
1173
1077
1107
1133
1107
1164
1142
1143
1180
1145
1144
1500
1121
1330
1142
1313
1131
1650
1105
1298
1169
1554
1147
1129
1124
1152
1081
1158
1109
1205
1095
1175
1072
1192
1160
1360
1146
1254
1128
1427
1124
1583
1108
1724
1114
1483
1115
1163
1217
1285
1274
1291
1126
1257
1188
1260
1079
1235
1218
1396
1234
1444
1209
1448
1192
1600
1088
1642
1172
1670
1130
1347
1134
1355
1158
1443
1112
1486
1192
1388
1147
1499
1276
1221
1244
1110
1240
1147
1244
1170
1222
1081
1190
1110
1328
1172
1277
1146
1258
1172
1246
1143
1182
1128
1181
1175
1078
1190
1170
1245
1200
1141
1165
1172
1144
1131
1159
1258
1168
1115
1170
1129
1115
1093
1118
1169
1076
1131
1153
1103
1203
1154
1184
1234
1146
1170
1227
1226
1152
1237
1137
1272
1142
1081
1161
1141
1161
1161
1178
1196
1122
1183
1148
1081
1111
1263
1063
1314
1112
1328
1234
1352
1253
1146
1308
1332
1126
1126
1250
1127
1210
1189
1166
1172
1088
1387
1126
1474
1206
1380
1216
1330
1152
1406
1118
1598
1122
1345
1158
1483
1074
1304
1133
1150
1099
1128
1150
1184
1258
1213
1088
1238
1044
1342
1152
1274
1165
1347
1163
1467
1187
1668
1194
1358
1144
1110
1191
1301
1152
1304
1131
1290
1193
1229
1168
1359
1197
1360
1281
1424
1196
1494
1175
1536
1186
1564
1206
1646
1187
1216
1318
1332
1186
1374
1191
1359
1156
1413
1179
1453
1307
1242
1284
1138
1236
1070
1249
1181
1200
1142
1194
1200
1230
1163
1256
1173
1191
1094
1201
1151
1300
1115
1158
1133
1189
1166
1208
1256
1165
1176
1267
1192
1214
1196
1181
1269
1130
1108
1147
1091
1108
1125
1080
1117
1114
1038
1196
1049
1094
1184
1254
1148
1250
1171
1112
1133
1136
1276
1129
1233
1125
1102
1259
1224
1180
1224
1114
1231
1154
1268
1132
1098
1152
1290
1104
1420
1108
1364
1175
1281
1188
1233
1195
1320
1094
1189
1150
1100
1281
1188
1238
1307
1166
1390
1192
1336
1234
1365
1208
1217
1231
1314
1190
1540
1115
1288
1161
1436
1156
1227
1147
1273
1165
1275
1079
1231
1078
1249
1129
1248
1232
1357
1150
1255
1236
1444
1206
1408
1180
1458
1206
1266
1157
1160
1079
1256
1075
1287
1132
1260
1139
1229
1104
1311
1112
1332
1056
1443
1117
1458
1144
1508
1096
1435
1192
1596
1160
1332
1166
1451
1234
1360
1141
1478
1270
1426
1164
1541
1257
1148
1262
1120
1272
1237
1327
1118
1258
1117
1276
1165
1247
1907
1261
1418
1266
1312
1162
1212
1230
1376
1132
1308
1172
1138
1110
1224
1161
1106
1129
1150
1242
1130
1191
1210
1142
1367
1197
1152
1102
1076
1220
1005
1157
960
1293
1096
1154
1182
1214
1120
1194
1222
1131
1156
1097
1246
1069
1212
1046
1168
1096
1178
1071
1156
1110
1165
1138
1250
1107
1113
1093
1194
1126
1252
1069
1357
1125
1312
1164
1240
1151
1389
1065
1239
1085
1226
1184
1252
1209
1308
1210
1259
1207
1160
1214
1304
1308
1168
1150
1350
1165
1472
1243
1310
1192
1483
1151
1216
1162
1308
1162
1286
1063
1157
1097
1214
1128
1189
1310
1342
1208
1272
1156
1354
1205
1584
1184
1562
1136
1414
1214
1260
1216
1294
1208
1182
1206
1338
1140
1281
1058
1346
1135
1361
1085
1399
1088
1476
1099
1543
1047
1468
1119
1600
1139
1332
1210
1274
1162
1410
1151
1336
1170
1318
1188
1328
1133
1096
1230
1156
1207
1073
1189
1150
1131
1080
1186
1124
1231
1146
1246
1178
1212
1104
1208
1102
1156
1203
1136
1182
1100
1208
1172
1190
1143
1256
1183
1108
1211
1129
1270
1200
1132
1022
1116
1136
1119
1115
1150
1092
1130
1062
1126
1108
1304
1243
1200
1160
1270
1167
1134
1149
1154
1227
1207
1278
1084
1129
1122
1261
1135
1134
1091
1129
1084
1144
1144
1081
1113
1263
1201
1257
1106
1285
1098
1342
1120
1136
1102
1243
1144
1216
1208
1222
1154
1154
1135
1214
1124
1204
1054
1280
1081
1258
1099
1230
1158
1352
1211
1422
1148
1248
1117
1402
1153
1250
1327
1207
1079
1287
1066
1241
1126
1249
1106
1270
1080
1207
1068
1208
1134
1246
1134
1498
1152
1542
1069
1360
1097
1255
1190
1266
1164
1316
1111
1300
1130
1460
1172
1360
1155
1262
1119
1353
1078
1446
1098
1642
1148
1684
1141
1646
1192
1386
1264
1412
1367
1429
1268
1496
1157
1404
1114
1428
1267
1146
1244
1116
1218
1171
1125
1122
1104
1111
1118
1095
1208
1100
1306
1087
1218
1138
1177
1063
1098
1112
1142
1079
1070
1194
1156
1214
1142
1176
1153
1108
1172
1102
1142
1122
1249
1154
1101
1175
1150
1146
1132
1152
1129
1188
1054
1170
1241
1206
1122
1120
1144
1166
1169
1236
1138
1227
1139
1182
1074
1178
1094
1159
1207
1220
1192
1072
1185
1171
1236
1188
1151
1174
1154
1221
1123
1227
1153
1162
1110
1153
1086
1302
1332
1177
1139
1158
1128
1155
1170
1228
1233
1204
1081
1282
1138
1288
1182
1178
1168
1296
1163
1390
1136
1222
1177
1284
1054
1246
1099
1254
1094
1260
996
1172
1087
1258
1128
1306
1064
1315
1150
1226
1142
1368
1322
1588
1206
1584
1176
1398
1081
1378
1028
1349
1105
1384
1121
1272
1232
1302
1250
1444
1150
1374
1175
1360
1182
1542
1187
1672
1162
1758
1157
1790
1132
1428
1181
1454
1167
1537
1190
1620
1099
1610
1085
1751
1325
1211
1258
1094
1204
1102
1187
1231
1215
1183
1178
1081
1243
1134
1288
1204
1186
1155
1204
1150
1172
1130
1140
1154
1185
1114
1073
1254
1110
1196
1135
1150
1119
1106
1158
1160
1106
1187
1134
1104
1139
1143
1149
1179
1113
1102
1118
1068
1182
1213
1221
1148
1252
1162
1176
1122
1166
1305
1228
1208
1093
1148
1094
1120
1177
1138
1113
1146
1130
1148
1122
1129
1130
1230
1116
1324
1171
1214
1240
1216
1144
1146
1192
1288
1080
1170
1096
1187
1078
1297
1135
1230
1108
1217
1076
1220
1194
1194
1215
1102
1101
1370
1145
1362
1082
1230
1123
1293
1121
1184
1045
1204
1002
1204
980
1214
986
1198
1115
1272
1144
1140
1160
1262
1216
1388
1520
1757
1182
1547
1166
1330
1080
1357
1083
1312
1201
1327
1077
1317
1134
1293
1236
1362
1072
1431
1065
1465
1187
1604
1464
1728
1445
1765
1359
1803
1151
1492
1186
1482
1164
1704
1236
1632
1270
1618
1142
1628
1181
1382
1208
1178
1204
1232
1217
1144
1208
1108
1280
1116
1202
1092
1150
1120
1194
1178
1175
1181
1203
1116
1088
1095
1121
1290
1225
1292
1238
1303
1248
1226
1128
1191
1190
1163
1092
1131
1144
1156
1071
1132
1108
1192
1068
1152
1076
1160
1296
1176
1248
1092
1175
1162
1182
1130
1226
1254
1213
1194
1100
1144
1241
1204
1195
1230
1226
1186
1146
1190
1144
1176
1133
1279
1165
1313
1176
1304
1266
1170
1152
1132
1092
1304
1112
1262
1148
1224
1103
1316
1136
1238
1081
1174
1150
1182
1169
1256
1244
1264
1016
1324
1074
1428
1177
1169
1096
1294
1124
1360
1161
1242
1197
1342
1254
1326
1093
1359
1073
1187
1076
1233
1123
1216
1178
1451
1249
1577
1283
1603
1307
1347
1123
1302
1110
1300
1162
1352
1099
1400
1258
1372
1335
1364
1286
1470
1289
1514
1379
1684
1550
1610
1508
1733
1553
1732
1210
1510
1241
1537
1246
1556
1214
1756
1239
1686
1212
1683
1163
1161
1300
1111
1262
1075
1194
1043
1242
1164
1193
1194
1177
1120
1214
1230
1196
1208
1232
1160
1149
1194
1126
1184
1206
1206
1145
1183
1161
1210
1187
1156
1169
1228
1210
1263
1134
1256
1189
1232
1090
1216
1124
1190
1166
1146
1140
1159
1246
1146
1168
1142
1171
1090
1173
1099
1176
1540
1117
1227
1118
1228
1138
1192
1266
1198
1506
1238
1115
1212
1156
1110
1111
1239
1100
1266
1176
1338
1118
1222
1200
1139
1138
1184
1094
1234
1139
1181
1119
1284
1081
1254
1093
1246
1091
1163
1074
1225
1229
1156
1148
1424
1245
1249
1132
1246
1165
1399
1138
1306
1148
1324
1138
1329
1062
1275
1146
1313
1212
1362
1212
1318
1372
1304
1198
1417
1235
1720
1257
1614
1242
1412
1161
1351
1151
1272
1211
1271
1233
1465
1127
1344
1187
1354
1239
1418
1190
1535
1346
1648
1503
1768
1639
1673
1326
1714
1229
1326
1222
1396
1255
1532
1250
1560
1153
1514
1186
1621
1270
1192
1345
1123
1209
1076
1247
1120
1189
1079
1211
1102
1234
1204
1218
1207
1240
1098
1214
1150
1213
1270
1129
1165
1211
1206
1180
1216
1042
1203
1106
1234
1215
1162
1144
1129
1169
1298
1173
1334
1178
1198
1194
1334
1144
1220
1126
1282
1205
1092
1058
1048
1155
1124
1142
1100
1100
1192
1181
1214
1178
1317
1124
1383
1100
1254
1108
1270
1143
1244
1136
1262
1204
1240
1154
1256
1166
1229
1094
1183
1136
1142
1140
1252
1103
1286
1122
1206
1096
1284
1099
1309
1091
1281
1081
1336
1395
1238
1189
1144
1143
1342
1276
1374
1176
1288
1170
1357
1210
1414
1238
1366
1134
1274
1161
1341
1168
1476
1229
1296
1155
1264
1254
1293
1144
1340
1136
1586
1167
1440
1275
1380
1146
1390
1239
1354
1160
1365
1142
1374
1097
1363
1156
1401
1236
1360
1253
1454
1241
1396
1165
1444
1180
1512
1202
1690
1218
1357
1222
1364
1317
1512
1143
1418
1187
1417
1242
1619
1298
1152
1270
1137
1246
1056
1275
1034
1137
1094
1128
1131
1241
1206
1266
1180
1315
1210
1164
1140
1140
1264
1187
1190
1168
1176
1134
1182
1126
1134
1168
1110
1177
1064
1177
1138
1137
1228
1128
1264
1182
1207
1065
1240
1142
1238
1128
1282
1142
1116
1165
1049
1270
1082
1293
1117
1169
1126
1293
1211
1184
1286
1160
1250
1170
1240
1168
1265
1101
1298
1079
1220
1171
1246
1118
1200
1148
1210
1033
1134
1161
1234
1202
1398
1040
1240
1054
1276
1081
1240
1297
1291
1003
1284
1115
1275
1081
1210
1122
1272
1230
1466
1292
1288
1243
1384
1255
1337
1199
1344
1165
1352
1142
1278
1100
1234
1159
1382
1232
1395
1190
1254
1319
1295
1107
1464
1204
1596
1273
1475
1223
1328
1161
1356
1170
1359
1106
1438
1169
1374
1172
1372
1115
1478
1221
1388
1262
1499
1186
1470
1265
1632
1372
1656
1429
1772
1190
1563
1197
1610
1212
1670
1217
1424
1251
1640
1360
1432
1326
1110
1276
1126
1248
1032
1322
1064
1266
1086
1278
1074
1218
1205
1304
1230
1199
1183
1214
1228
1166
1316
1165
1194
1216
1111
1240
1196
1077
1186
1113
1135
1194
1083
1155
1062
1047
1263
1056
1276
1179
1342
1136
1286
1113
1215
1201
1272
1085
1068
1079
1074
1173
1004
1263
1078
1146
1148
1207
1148
1165
1256
1244
1236
1233
1218
1202
1263
1280
1250
1161
1078
1034
1234
1084
1148
1317
1182
1140
1128
1131
1224
1273
1284
1128
1234
1100
1332
1150
1251
1108
1283
1071
1340
1155
1312
1135
1202
1137
1287
1116
1398
1259
1360
1383
1344
1429
1299
1056
1368
1120
1432
1090
1356
1112
1452
1106
1453
1034
1484
1283
1268
1281
1237
1296
1492
1367
1675
1425
1510
1311
1428
1205
1592
1152
1522
1157
1447
1147
1450
1212
1429
1156
1600
1246
1490
1225
1503
1096
1605
1070
1754
1256
1590
1146
1711
1188
1614
1166
1456
1250
1504
1293
1690
1240
1510
1278
1324
1140
1032
1262
1066
1222
1026
1330
1042
1370
1098
1278
1070
1290
1127
1254
1208
1226
1232
1222
1226
1275
1306
1228
1154
1160
1084
1077
1194
1112
1057
1187
1088
1163
1110
1155
1058
1044
1274
1099
1362
1174
1280
1166
1302
1168
1280
1140
1300
1139
1058
1137
960
1183
1021
1136
1006
1201
1060
1187
1161
1144
1322
1201
1262
1046
1208
1176
1214
1158
1233
1174
1270
1160
1174
1247
1194
1204
1158
1129
1188
1206
1170
1179
1344
1168
1252
1107
1298
1132
1289
1188
1268
1212
1270
1166
1323
1005
1164
1172
1232
1194
1412
1306
1263
1270
1352
1186
1408
1226
1354
1220
1333
1186
1444
1224
1440
1270
1583
1308
1428
1150
1304
1269
1343
1266
1498
1370
1500
1352
1466
1282
1372
1248
1499
1194
1404
1206
1432
1244
1534
1254
1572
1302
1631
1226
1413
1261
1492
1098
1515
1188
1568
1234
1464
1170
1442
1230
1270
1152
1298
1150
1603
1226
1674
