1132
1159
996
1168
1109
1143
1171
1224
1308
1230
1373
1214
1356
1361
1118
1104
1160
1187
1305
1142
1274
1179
1144
1166
1239
1032
1324
1374
1260
1362
1092
1357
1191
1405
1255
1503
1324
1546
1021
1116
1174
1186
1189
1158
1280
1234
1137
1130
1329
1489
1431
1497
1326
1542
1349
1468
1358
1591
1356
1566
1297
1509
1144
1175
1159
1520
1292
1174
1396
1403
1389
1610
1448
1615
1080
1214
1075
1212
1117
1226
1091
1157
1072
1108
1041
1135
1221
1302
1156
1298
1178
1244
1090
1204
1174
1248
1172
1251
1127
1157
1057
1156
1035
1233
1076
1281
1204
1094
1159
1047
1238
1242
1094
1230
1168
1171
1186
1283
1214
1195
1214
1250
1193
1149
1122
1114
1133
1134
1083
1171
1073
1106
1113
1135
1195
1318
1204
1360
1209
1256
1194
1220
1288
1257
1315
1241
1099
1090
1281
1136
1151
1113
1193
1127
1066
1166
1044
1190
1352
1218
1355
1262
1497
1260
1279
1306
1309
1270
1280
1272
1119
1236
1245
1086
1338
1138
1193
1154
1110
1252
1060
1062
1296
1373
1258
1487
1214
1276
1297
1409
1237
1580
1321
1535
889
1110
921
1154
993
1178
991
1194
1009
1271
1010
1314
1558
1524
1562
1586
1536
1541
1374
1516
1449
1622
1493
1562
983
1337
1000
1382
919
1225
1072
1253
1063
1426
1068
1278
1590
1442
1742
1718
1494
1774
1843
1611
1452
1576
1490
1536
1047
1097
1008
1136
1017
1162
982
1158
928
1139
1036
1096
1089
1468
1106
1292
1158
1313
1194
1236
1224
1285
1086
1295
997
1129
943
1134
908
1180
876
1074
975
1168
1033
1110
1199
1193
1168
1220
1200
1256
1192
1203
1268
1253
1166
1380
1167
1078
1063
1146
1154
1156
1045
1115
1001
1076
991
1173
1250
1370
1258
1228
1245
1220
1332
1174
1320
1242
1274
1234
1019
1170
1161
1092
1025
1126
1014
1155
1005
1125
1002
1124
1242
1306
1153
1228
1328
1260
1357
1152
1237
1278
1232
1316
1039
1170
1034
1148
1036
1128
1005
1154
1003
1152
930
1163
1240
1387
1427
1363
1407
1359
1380
1314
1284
1458
1301
1544
875
1224
925
1234
967
1155
970
1143
985
1254
1017
1264
1262
1586
1462
1668
1398
1616
1356
1540
1365
1587
1307
1409
1034
1214
955
1305
811
1128
1012
1192
1028
1206
1056
1352
1294
1669
1341
1604
1420
1700
1520
1585
1504
1577
1570
1623
1093
1108
991
1122
991
1181
953
1032
930
1192
952
1128
1109
1224
1108
1275
1166
1226
1073
1174
1225
1190
1164
1231
965
1068
959
1108
979
1111
906
1166
1104
1153
1057
1148
1188
1193
1264
1208
1102
1189
1275
1204
1236
1150
1180
1248
1143
1074
1159
1214
1124
1107
1185
1096
1055
1117
1137
1088
1157
1132
1202
1222
1249
1242
1180
1180
1187
1215
1252
1215
941
1163
1096
1110
1068
1136
1057
1184
1172
1143
1212
1143
1342
1244
1462
1216
1422
1197
1598
1330
1356
1254
1358
1292
1243
1228
1153
1158
1335
1182
1355
1228
1245
1204
1117
1237
1356
1289
1562
1230
1928
1283
1673
1276
1542
1442
1614
1494
1027
1125
1002
1152
1041
1151
1081
1270
1080
1200
1079
1187
1390
1478
1382
1592
1526
1602
2219
1698
1470
1512
1424
1419
1005
1201
1191
1170
1257
1293
1122
1294
1233
1376
1153
1384
1522
1640
2217
1635
1986
1707
1831
1592
1527
1600
1651
1716
1029
1150
1212
1260
1160
1206
1123
1353
1087
1436
1061
1113
1162
1214
1224
1274
1198
1290
1242
1174
1295
1155
1142
1203
1024
1126
1034
1154
1098
1158
992
1085
1047
1053
1165
1074
1195
1313
1288
1276
1790
1220
1612
1284
1284
1296
1350
1303
1316
1116
1047
1116
1026
1154
1013
1113
1134
1100
1118
1144
1276
1182
1239
1210
1267
1180
1336
1236
1710
1337
1469
1284
1107
1122
1128
1146
1116
1108
1124
1148
1089
1170
1176
1174
1243
1249
1274
1200
1334
1247
1604
1298
1325
1271
1387
1252
957
1182
1095
1186
1048
1120
1145
1182
1366
1150
1140
1134
1594
1273
1559
1233
1383
1238
1434
1336
1556
1408
1520
1419
1247
1254
1090
1166
1075
1194
1137
1242
1204
1223
1122
1204
1460
1476
1504
1467
1420
1583
1520
1632
1682
1452
1744
1461
1079
1310
1179
1298
1123
1360
1072
1252
1332
1216
1078
1213
1741
1580
2085
1701
1846
1613
2142
1596
1526
1725
1726
1633
1251
1168
1355
1219
1079
1524
1025
1090
1195
1266
1115
1161
3088
1412
1559
1294
1624
1266
1570
1230
1506
1288
1240
1282
968
1092
1027
1164
1097
1126
1046
1078
1073
1062
1118
1098
1384
1236
1265
1210
1242
1237
1421
1301
2072
1297
1963
1300
1197
1189
1061
1148
1143
1160
1142
1163
1081
1042
1127
1172
1332
1290
1288
1303
1704
1304
1348
1290
2546
1330
1778
1290
1106
1190
1066
1110
1165
1160
1165
1208
1530
1208
1441
1164
1747
1247
1548
1338
1340
1327
1514
1268
1329
1332
1452
1365
1299
1187
1211
1183
1132
1183
1261
1214
1221
1170
1156
1293
1378
1309
1268
1261
1266
1216
1416
1376
1298
1423
1406
1387
1044
1207
1079
1200
1085
1224
1143
1197
1119
1204
1146
1238
1498
1405
1486
1634
1426
1561
1426
1501
1436
1562
1440
1529
1117
1312
1185
1276
1313
1268
1115
1266
1129
1230
1141
1256
1765
1640
1808
1790
1401
1690
1546
1726
1509
1674
1440
1626
1167
1138
1366
1277
1180
1092
1143
1052
1155
1130
1065
1197
1360
1390
1264
1338
1210
1235
1271
1220
1292
1252
1316
1195
1231
1210
1049
1086
1095
1086
1134
1128
1199
1096
1244
1076
1332
1261
1242
1237
1228
1191
1502
1248
1404
1253
1296
1283
981
1072
1185
1161
1203
1180
1185
1166
1101
1114
1229
1126
1332
1190
1394
1261
2169
1274
1699
1279
1364
1236
1380
1221
1113
1092
1318
1132
1206
1112
1294
1177
1345
1259
1179
1267
1511
1301
1380
1288
1253
1384
1700
1265
1410
1340
1436
1522
1187
1204
1235
1148
1226
1295
1302
1152
1581
1196
1265
1228
1428
1372
1600
1318
1372
1263
1494
1406
1502
1444
1578
1514
1057
1224
1183
1212
1181
1213
1225
1219
1685
1221
1254
1318
1491
1610
1494
1509
1454
1667
1435
1644
1474
1624
1696
1622
1209
1316
1237
1259
1325
1278
1321
1262
1297
1160
1133
1425
1639
1645
1426
1709
1596
1760
1746
1867
2045
1790
1741
1603
1162
1120
1231
1182
1062
1217
1035
1301
1132
1300
1044
1128
1196
1328
1172
1336
1172
1252
1171
1273
1204
1297
1218
1244
1037
1158
1049
1090
1020
1049
1101
1071
1185
1150
1123
1036
1289
1267
1322
1268
1312
1236
1463
1462
1558
1306
1380
1361
1211
1127
1236
1079
1089
1122
1118
1238
1118
1088
1503
1134
1472
1278
1620
1332
2650
1302
1504
1422
1512
1331
1392
1282
1121
1111
1220
1174
1167
1135
1357
1195
1359
1296
1615
1138
1572
1266
1437
1316
1430
1384
1394
1386
1428
1419
1455
1420
1233
1218
1362
1154
1324
1158
1277
1140
1421
1180
1223
1193
1436
1334
1498
1480
1519
1456
1489
1382
1383
1547
1444
1652
1327
1257
1445
1232
1608
1286
1313
1230
1103
1333
1181
1297
1454
1730
1764
1730
1712
1659
1738
1742
1656
1762
1735
2042
1159
1292
1093
1370
1198
1191
1231
1193
1456
1234
1220
1353
1854
1681
2194
1999
1474
1729
1575
1792
1692
1766
1652
1678
993
1099
1099
1082
1118
1150
1235
1136
1147
1212
1232
1136
1239
1392
1145
1389
1284
1323
1182
1351
1226
1290
1310
1298
1056
1075
1120
1106
1187
1117
1160
1135
1209
1122
1132
1118
1348
1327
1296
1354
1420
1309
1322
1348
1342
1286
1449
1238
1161
1062
1199
1124
1181
1104
1335
1168
1180
1115
1307
1027
1434
1217
1524
1226
1512
1268
1428
1336
1510
1386
1638
1336
1271
1087
1163
1122
1181
1090
1306
1120
1217
1170
1385
1196
1550
1432
1364
1338
1659
1375
1730
1386
1544
1387
1394
1436
1104
1140
1472
1212
1369
1152
1211
1121
1387
1190
1404
1238
1928
1356
1430
1357
1296
1374
1711
1402
1424
1420
1518
1708
1727
1168
2093
1344
1613
1286
1309
1306
1199
1244
1442
1278
1441
1489
1472
1358
1786
1440
1826
1568
1748
1512
1686
1762
1123
1225
1175
1318
1307
1306
1187
1185
1061
1190
1236
1280
1622
1782
1940
1769
1516
1675
1240
1735
1720
1818
1552
1620
1247
1122
1113
1102
1179
1070
1416
1112
1183
1084
1205
1118
1236
1225
1148
1286
1140
1231
1126
1205
1208
1339
1208
1306
1079
1106
1187
1120
1204
1144
1089
1138
1227
1041
1317
1021
1246
1332
1354
1242
1380
1234
1515
1264
1366
1322
1318
1349
1413
1025
1288
1127
1209
1160
1233
1119
1193
1159
1268
1116
1564
1246
1335
1257
1558
1274
1578
1264
1537
1254
1538
1309
1251
1114
1281
1108
1432
1108
1305
1222
1275
1157
1507
1152
1466
1352
1405
1408
1504
1324
1456
1250
1369
1435
1313
1421
1139
1170
1279
1088
1373
1114
1221
1136
1334
1172
1432
1188
1640
1388
1272
1302
1344
1196
1537
1389
1576
1490
1500
1570
1186
1216
1427
1243
1612
1202
1707
1204
2142
1254
2027
1292
1654
1532
1516
1394
1530
1354
1578
1456
1774
1624
1566
1429
1276
1277
1334
1212
1098
1184
1230
1292
1285
1229
1279
1292
1790
1614
1836
1715
1822
1531
1504
1765
1781
1721
1670
1668
1098
1007
1126
1078
1240
1088
1443
1136
1364
1157
1163
1066
2744
1334
1198
1456
1164
1490
1230
1266
1278
1256
1260
1269
1085
1078
1168
1063
1263
1171
1178
1068
1205
1098
1215
1230
1266
1221
1539
1230
1282
1229
1446
1275
1724
1280
1476
1323
1079
1102
1474
1094
1285
1152
1401
1169
1389
1160
1143
1158
1975
1348
1436
1243
1450
1338
1822
1295
1444
1289
1442
1346
1198
1264
1169
1144
1223
1146
1179
1143
1230
1177
1275
1090
1464
1339
1381
1379
1509
1289
1360
1357
1454
1340
1960
1252
1197
1234
1201
1236
1353
1133
1399
1178
1659
1208
1436
1176
1370
1292
1428
1364
1662
1393
1458
1416
1332
1386
1368
1532
1336
1252
1291
1227
1443
1198
1356
1242
1229
1264
1069
1288
1554
1513
1617
1534
3094
1510
1907
1573
1647
1557
1990
1536
978
1283
1077
1312
1177
1260
1277
1283
1123
1278
1178
1410
1614
1633
1951
1890
2026
1863
1479
1778
2178
1885
2084
1537
1231
1138
1153
1086
1145
1076
1161
1096
1221
1193
1375
1144
1192
1558
1196
1504
1328
1334
1230
1345
1203
1280
1241
1408
1197
1240
1338
1059
1171
1060
1387
1074
1121
1120
1209
1076
1240
1327
1283
1256
1444
1325
1948
1290
1354
1304
1298
1278
1114
1111
1114
1072
1079
1056
1215
1126
1279
1215
1178
1156
1264
1288
1624
1385
1504
1304
1396
1399
1534
1326
1432
1389
1023
1087
1157
1210
1317
1139
1205
1215
1117
1102
1197
1115
1462
1308
1584
1280
3395
1478
1572
1378
1746
1401
2128
1468
1260
1252
1102
1276
1246
1208
1251
1144
1185
1122
1326
1195
1666
1572
1640
1463
1320
1507
1722
1434
1268
1604
1692
1495
1481
1214
1225
1236
1361
1340
1290
1333
1169
1322
1245
1212
1738
1898
4502
1981
2620
2084
1496
1705
2008
5507
1898
1800
1186
1291
1229
1358
1247
1234
1409
1270
1084
1256
1100
1320
1346
1930
1618
1798
2125
2038
1618
1974
2096
1757
1874
2226
1062
1057
1183
1126
1136
1096
1167
1100
1225
1090
1286
1135
1466
1264
1352
1464
1333
1371
1290
1456
1347
1339
1804
1306
1385
1094
1191
1118
1223
1112
1107
1116
1133
1089
1219
1128
1256
1285
1372
1329
1362
1320
1430
1325
1307
1316
1452
1346
1104
1038
1107
1122
1191
1122
1293
1148
1259
1107
1193
1101
1463
1344
1583
1268
1572
1277
1437
1366
1408
1359
1528
1546
1388
1104
1303
1100
1181
1082
1177
1184
1071
1142
1066
1172
1459
1384
1359
1408
1616
1531
1454
1336
1820
1464
1738
1508
1205
1166
1157
1148
1187
1144
1229
1114
1175
1144
1209
1240
1355
1400
1569
1444
1543
1461
1363
1414
1735
1459
2258
1510
1111
1352
1142
1264
1121
1260
1195
1299
1143
1370
1116
1334
1540
1437
1370
1448
2036
1582
2560
1622
1638
1684
1916
1812
1088
1296
1132
1271
1153
1347
1176
1335
1144
1316
1112
1299
1504
1513
1546
1614
1642
1872
1764
1825
1896
1871
2340
1642
1209
1046
1201
1085
1180
1108
1083
1106
1205
1148
1124
1124
1434
1386
1189
1361
1238
1278
1119
1337
1238
1344
1224
1325
989
1070
1051
1087
1121
1085
1036
1108
1111
1055
1271
1163
1362
1399
1418
1407
1364
1311
1332
1362
1562
1408
1442
1408
1195
1020
1219
1071
1237
1143
1315
1131
1381
1134
1249
1146
1430
1413
1448
1391
1374
1252
1456
1330
1450
1354
1461
1322
1170
1052
1143
1084
1177
1154
1069
1172
1260
1152
1287
1154
1387
1302
1622
1379
1342
1380
1573
1390
1872
1484
1480
1439
1293
1119
1209
1164
1282
1258
1171
1196
1066
1218
1105
1192
1370
1488
1297
1393
1450
1519
1366
1441
1797
1504
1636
1626
1097
1308
1151
1218
1177
1222
1103
1231
1171
1346
1143
1402
1729
1515
2002
1498
1572
1557
3028
1667
1825
1682
1829
1716
1210
1354
1327
1278
1417
1300
1095
1287
1117
1284
1143
1316
1380
1559
1504
1610
1696
1874
1644
2047
1574
1924
1502
1771
1196
1060
1100
1104
1181
1076
1110
1159
1127
1118
1128
1020
1252
1274
1240
1178
1227
1205
1422
1354
1316
1226
1506
1300
1071
1124
1185
1050
1255
1149
1333
1023
1183
1096
1193
1084
1234
1384
1411
1313
1604
1293
1374
1378
1424
1388
1519
1391
1132
1072
1020
1098
1067
1122
1147
1087
1133
1124
1089
1150
1269
1424
1526
1352
1557
1354
1434
1355
1514
1412
1374
1374
1053
1040
1078
1034
1077
1144
1211
1196
1031
1088
1123
1130
1541
1468
1596
1350
1518
1401
1748
1448
1520
1378
1512
1480
1119
1198
1081
1188
1185
1146
1113
1306
1143
1271
1118
1236
1446
1475
2076
1401
1379
1447
1348
1359
1900
1520
2292
1553
1006
1330
1088
1336
1192
1309
1129
1266
1153
1394
1067
1278
2308
1669
1411
1869
1886
1674
1830
1653
1766
1801
1598
1784
1125
1324
1177
1484
1060
1334
1142
1472
1151
1293
1175
1330
1398
1879
1726
1959
2118
1868
1716
1896
1431
1830
1952
1695
1066
1062
1255
1114
1224
1104
1225
1129
1205
1104
1155
1160
1250
1332
1224
1380
1297
1287
1374
1404
1505
1241
1212
1298
1097
1170
1068
1062
1207
1065
1076
1099
1111
1142
1154
1176
1288
1302
1307
1290
1222
1425
1548
1381
1342
1336
1417
1491
1111
1079
1176
1142
1207
1118
1266
1176
1154
1192
1115
1126
1872
1487
2129
1346
1258
1368
1331
1325
1386
1510
1819
1310
1039
1164
1146
1068
1074
1069
1135
1184
1093
1215
1114
1146
1469
1398
1788
1325
1490
1380
1940
1481
2597
1385
1489
1434
1086
1118
1135
1138
1018
1102
949
1214
966
1338
969
1234
1478
1443
1530
1508
1476
1564
1631
1386
1471
1573
2536
1552
976
1218
984
1304
976
1280
977
1198
986
1288
957
1378
1486
1592
1650
1522
1414
1631
1685
1687
2352
1636
1648
1557
977
1354
976
1343
967
1382
970
1368
983
1288
980
1300
1536
1710
1646
1852
2544
1832
1780
1881
3097
2086
2342
1886
1018
1026
991
1108
1103
1297
1034
1156
997
1154
1033
1140
1192
1332
1232
1503
1272
1480
1320
1343
1450
1307
1226
1332
1038
1091
1011
1044
1100
1063
1138
1014
1156
1096
1092
1120
1327
1336
1286
1313
1480
1448
1414
1412
1406
1510
1486
1427
1094
1080
1033
1168
1091
1094
1093
1068
1094
1194
1287
1185
1434
1542
1535
1529
1435
1588
1433
1461
1400
1468
1655
1433
1152
1094
1135
1172
1110
1108
1040
1219
1080
1168
1123
1125
1502
1456
1398
1547
1563
1574
2028
1615
2218
1535
1477
1420
1077
1202
1095
1150
1074
1192
1101
1268
1005
1202
1027
1235
1556
1477
1462
1649
1374
1400
1719
1630
1706
1810
2126
1617
1077
1271
1039
1276
1152
1241
1061
1275
990
1299
1113
1310
1509
1750
1410
1916
1550
1602
1410
1607
1356
1639
1565
1770
1049
1265
1125
1362
1028
1379
1055
1410
1050
1370
1022
1454
1690
1844
1427
1880
1558
2120
1586
1962
1543
1978
1343
2187
1186
1094
1276
1090
1185
1177
1111
1160
1127
1034
1058
1100
1238
1367
1188
1399
1301
1565
1427
1325
1376
1379
1268
1316
1101
1078
1067
1106
1095
1134
1081
1114
1077
1159
1151
1060
1356
1457
1538
1252
1436
1402
1395
1367
1328
1399
1374
1458
1115
1112
1124
1168
1073
1162
1069
1078
1049
1186
1054
1196
1988
1439
1513
1450
1924
1390
1382
1431
1450
1588
1880
1635
1087
1135
1046
1176
1122
1181
1081
1162
1051
1202
1144
1142
1492
1981
1452
1473
1361
1630
1434
1588
1336
1580
1605
1412
1014
1257
1088
1124
1060
1154
1040
1226
1042
1187
1019
1284
1372
1491
1538
1514
1486
1453
1550
1546
1426
1485
1700
1626
1051
1268
1089
1340
1036
1334
1100
1258
1037
1265
991
1340
1353
1595
1530
1576
1596
1532
1393
1661
1479
1754
2202
1620
1069
1270
1088
1233
1122
1334
1073
1322
1149
1208
1186
1344
1547
1642
1954
1816
1554
1828
1644
1889
1364
1625
1906
1923
1137
1096
1140
1044
1131
1143
1077
1159
1065
1106
1140
1048
1169
1324
1180
1359
1286
1286
1239
1337
1244
1438
1296
1372
1077
1140
1113
1086
1069
1096
1069
1142
1131
1114
1066
1069
1257
1382
1573
1328
1416
1287
1295
1268
1334
1380
1340
1394
1207
1132
1305
1151
1201
1162
1100
1128
1134
1116
1127
1124
1612
1361
1574
1382
1538
1354
1220
1424
1367
1419
1356
1452
1055
1180
1081
1065
1047
1126
1214
1210
1084
1184
1044
1215
1328
1483
1298
1467
1512
1430
1610
1454
1409
1630
1472
1548
1064
1168
1085
1108
1178
1034
1115
1133
1111
1206
1099
1313
1610
1390
3486
1373
1610
1483
1482
1421
1366
1385
1455
1501
1017
1186
980
1300
1133
1289
1174
1290
1075
1284
1037
1259
1340
1575
1806
1538
1486
1848
1998
1766
1679
1857
1710
1764
1057
1316
1071
1264
1048
1304
1064
1279
1081
1260
1103
1345
1506
1726
1496
1926
1589
2146
1554
1823
1466
1694
1470
1727
1305
1130
1126
1112
1038
1203
1112
1128
1070
1094
1120
1079
1228
1373
1212
1378
1195
1308
1159
1300
1280
1330
1214
1350
1098
1048
1159
1151
1273
1112
1217
1166
1275
1172
1293
1192
1278
1377
1498
1422
1416
1273
1934
1744
1650
1395
1361
1347
1237
1223
1201
1130
1277
1120
1130
1188
1125
1179
1175
1076
1234
1392
1426
1350
1464
1370
1349
1436
1302
1385
1512
1395
1049
1185
1107
1106
1181
1146
1242
1184
1131
1177
1127
1142
1196
1383
1148
1452
1734
1501
1411
1332
1424
1486
1383
1366
1147
1148
1153
1139
1089
1076
1034
1220
1112
1154
1193
1204
1542
1458
1374
1469
1658
1455
2214
1468
1394
1412
1454
1533
1209
1312
1238
1316
1099
1260
1173
1264
1133
1344
1111
1209
1745
1697
1715
1539
1488
1659
1598
1749
1432
1822
1524
2963
2179
1256
1509
1290
1251
1312
1322
1273
1170
1204
1230
1346
1277
1634
1424
1894
1696
2023
2238
1798
1639
2192
1470
2125
1061
1136
1353
1170
1169
1103
1232
1096
1144
1137
1143
1110
1443
1308
1214
1297
1172
1420
1187
1389
1341
1404
1298
1455
1564
1144
1260
1174
1373
1120
1271
1161
1329
1095
1253
1076
1227
1425
1443
1431
1578
1485
1446
1402
1286
1430
1298
1447
1203
1144
1352
1134
1167
1147
1123
1069
1066
1124
1036
1126
1486
1555
1388
1427
1385
1340
1354
1872
1404
2102
1440
1514
1199
1147
1127
1182
1075
1171
1176
1236
1184
1200
1101
1168
1334
1432
1311
1410
1468
1346
1557
1416
1438
1363
2146
1608
986
1186
1150
1174
1152
1156
1111
1185
1047
1202
1028
1292
1356
1402
1526
1447
1380
1596
1433
1555
1757
1550
1566
1636
1187
1295
1146
1336
1008
1380
1076
1374
1166
1310
1134
1340
1482
1606
1361
1563
1386
1682
1400
1901
1390
2010
1335
1760
1440
1248
1237
1279
1287
1183
1137
1262
1268
1286
1386
1342
1429
1688
1658
1692
1608
1931
1600
2125
1438
2228
1581
2072
1447
1273
1367
1120
1301
1112
1232
1115
1157
1089
1119
1070
1224
1421
1220
1426
1141
1310
1178
1296
1231
1327
1312
1572
1169
1116
1151
1140
1135
1154
1070
1086
1319
1071
1383
1163
1188
1463
1282
1511
1291
1408
1246
1446
1243
1426
1256
1344
1287
1136
1117
1255
1210
1212
1135
1079
1280
1140
1200
1184
1168
1334
1294
1450
1332
1424
1407
1435
1526
1466
1408
1406
1137
1136
1155
1156
1299
1136
1312
1168
1195
1165
1183
1204
1766
1438
1294
1671
1386
1659
1572
1534
1635
1569
1708
1615
1218
1158
1194
1152
1128
1236
1228
1202
1235
1280
1257
1257
1384
1603
1424
1676
1440
1622
1378
1794
1449
1610
1448
1495
978
1263
1143
1293
1144
1262
1189
1344
1228
1320
1117
1298
1455
1568
1410
1836
1298
1504
1486
1788
1480
1745
1370
1844
1173
1371
1080
1224
1177
1346
1149
1300
1207
1320
1214
1366
1480
1773
1352
2153
1496
1922
1448
1773
1364
2009
1464
2107
1233
1168
1207
1088
1231
1093
1346
1128
1737
1118
1160
1110
1246
1432
1153
1464
1247
1504
1186
1465
1228
1363
1226
1384
1142
1126
1074
1123
1264
1083
1335
1112
1266
1094
1475
1127
1286
1383
1258
1357
1258
1482
1268
1382
1331
1537
1370
1593
1105
1154
1199
1206
1263
1146
1245
1127
1439
1184
1489
1156
1308
1342
1446
1371
1336
1263
1382
1389
1224
1336
1314
1346
1265
1202
1434
1128
1382
1230
1420
1132
1276
1250
1384
1195
1367
1474
1354
1431
1416
1499
1421
1422
1352
1389
1260
1382
1205
1172
1463
1194
1579
1212
1243
1200
1211
1230
1201
1213
1464
1772
1464
1426
1343
1566
1380
1464
1488
1580
1442
1556
1147
1228
1224
1280
1113
1310
1093
1285
1210
1331
1224
1312
1715
2060
1524
1650
1448
1705
1446
1790
1408
2383
1508
2370
1008
1285
1269
1348
1352
1377
1461
1335
1099
1332
1163
1440
1480
1779
1380
1731
1416
1859
1460
1934
1442
1944
1382
1886
1060
1179
1185
1208
1283
1048
1103
1100
1117
1097
1238
1064
1254
1493
1190
1411
1130
1328
1290
1509
1334
1332
1273
1402
1108
1191
1146
1092
1196
1186
1198
1140
1430
1158
1250
1098
1223
1462
1236
1364
1272
1413
1420
1511
1390
1470
1212
1652
1292
1096
1220
1081
1216
1110
1110
1163
1306
1183
1260
1150
1300
1531
1508
1711
1426
1596
1368
1520
1370
1630
1349
1354
1072
1178
1220
1146
1178
1117
1228
1273
1322
1176
1261
1264
1304
1265
1406
1392
1201
1443
1414
1560
1354
1516
1430
1406
1182
1208
1302
1208
1196
1166
1104
1224
1212
1348
1160
1290
1452
1472
1450
1596
1500
1964
1864
1516
1316
1663
1510
1617
1282
1336
1194
1376
1290
1326
1124
1376
1146
1328
1280
1364
1498
1648
1516
1524
1384
1732
2265
1648
1742
1838
1622
1769
1206
1278
1416
1405
1234
1342
1134
1352
1132
1254
1130
1336
1458
2303
1574
1726
1363
1750
1318
1824
1306
1757
1360
1941
1230
1134
1160
1129
1050
1109
1068
1104
1014
1208
1264
1118
1240
1408
1160
1383
1218
1373
1230
1497
1270
1466
1320
1498
1181
1162
1170
1074
1106
1129
1168
1195
1140
1185
1232
1261
1284
1326
1258
1408
1284
1473
1466
1700
1235
1590
1332
1681
1332
1138
1252
1214
1114
1139
1122
1084
1136
1188
1198
1093
1316
1358
1287
1493
1242
1512
1358
1570
1388
1395
1534
1429
1162
1131
1094
1175
1118
1168
1220
1202
1340
1252
1302
1283
1429
1397
1535
1409
1288
1299
1344
1626
1292
1899
1380
1524
1116
1198
1168
1170
1084
1154
1096
1278
1052
1280
1053
1341
1436
1434
1448
1564
1370
1396
1467
1497
1296
1529
1370
1543
1116
1320
1050
1285
1050
1311
1058
1339
1089
1416
1098
1332
1336
1601
1866
1650
2791
1684
1381
1644
2702
1663
1462
1572
1086
1370
1076
1361
1234
1292
1196
1338
1139
1382
1148
1412
1598
1750
1494
1913
1672
2090
1628
2398
1911
1847
1542
2018
1277
1165
1239
1147
1286
1139
1404
1126
1384
1058
1168
1112
1305
1571
1213
1579
1249
1412
1466
1570
1438
1456
1334
1830
1027
1154
1164
1164
1170
1127
1202
1118
1194
1108
1132
1144
1317
1436
1335
1407
1277
1409
1208
1515
1330
1508
1342
1402
1196
1094
1234
1124
1190
1126
1200
1158
1284
1062
1262
1184
1489
1450
1332
1476
1337
1361
1372
1716
1340
1483
1321
1551
1086
1172
1140
1166
1228
1131
1407
1244
1396
1136
1409
1204
1234
1515
1422
1492
1496
1731
1456
1519
1236
1576
1309
1743
1333
1254
1228
1198
1195
1202
1144
1224
1102
1377
1191
1270
1326
1902
1417
1501
1286
1425
1295
1942
1698
1647
1333
1662
1058
1256
1086
1278
1125
1280
1070
1272
1090
1328
1134
1292
1572
1550
2167
1938
1734
1890
1500
1983
1766
1784
1888
1863
1213
1367
1198
1488
1212
1328
1162
1301
1228
1360
1242
1439
1560
1723
2740
1809
1949
2018
1814
1852
1676
1808
1487
2118
1370
1159
1238
1104
1131
1070
1082
1083
1074
1124
1125
1164
1248
1424
1268
1540
1212
1346
1228
1402
1446
1376
1296
1436
1196
1160
1328
1142
1376
1192
1160
1149
1168
1174
1168
1080
1302
1434
1226
1392
1126
1504
1312
1520
1324
1504
1438
1440
1068
1177
1124
1168
1185
1126
1096
1112
1123
1186
1258
1110
1454
1470
1466
1554
1368
1562
1278
1578
1240
1638
1516
1506
1178
1160
1170
1231
1230
1194
1304
1152
1322
1226
1000
1258
1330
1548
1334
1336
1629
1523
1724
1730
1360
1707
1414
1395
1371
1240
1205
1162
1146
1140
1203
1216
1104
1219
1182
1298
1554
1824
1780
1687
1771
2994
1392
1590
1557
1825
1584
1669
1173
1282
1134
1255
1405
1292
1300
1282
1284
1310
1450
1274
1557
1430
1388
1784
1442
1964
1515
1788
1504
1704
1408
1781
1063
1364
1022
1380
1018
1352
1067
1316
1283
1484
1176
1408
1527
1772
1446
2184
1830
1828
1535
2217
2257
2103
1988
2228
1180
1146
1022
1184
1068
1136
1307
1139
1527
1085
1610
1190
1222
1448
1204
1493
1281
1465
1234
1426
1434
1403
1252
1438
1032
1052
1050
1072
1146
1088
1122
1096
1118
1166
1174
1134
1262
1595
1616
1347
1381
1292
1636
1317
1360
1346
1414
1358
1180
1104
1132
1163
1198
1107
1127
1148
1116
1156
1094
1178
1172
1290
1240
1245
1354
1296
1322
1311
1381
1392
1504
1388
1040
1141
1094
1166
1188
1213
1252
1197
1301
1154
1357
1230
1190
1424
1233
1413
1976
1427
1628
1467
1538
1474
1244
1390
1480
1256
1542
1200
1084
1197
1055
1182
1277
1158
1155
1186
1392
1374
1434
1408
1704
1402
1374
1369
1366
1417
1431
1405
1205
1269
1144
1313
1197
1328
1166
1370
1132
1378
1212
1342
1544
1596
2012
1560
1542
1558
1878
1792
1424
1571
1524
1630
1136
1326
1152
1310
1157
1414
1158
1324
1208
1452
1046
1418
1638
1622
1514
1696
1539
1825
1508
1856
1667
1787
1974
1914
1015
1223
1079
1176
1090
1155
1104
1140
1214
1166
1150
1090
1306
1330
1222
1350
1270
1289
1270
1289
1395
1321
1442
1340
1097
1165
1104
1219
1131
1193
1170
1122
1144
1139
1152
1110
1290
1302
1218
1305
1222
1327
1198
1283
1294
1334
1339
1357
1165
1150
1158
1154
1232
1166
1142
1078
1206
1200
1232
1220
1148
1351
1234
1338
1428
1292
1268
1178
1319
1300
1600
1302
1048
1194
1195
1150
1123
1198
1164
1210
1295
1186
1142
1210
1409
1357
1384
1442
1408
1391
1332
1406
1342
1417
1348
1442
1040
1229
1088
1198
1179
1256
1246
1106
1170
1110
1166
1228
1320
1450
1461
1413
1506
1472
1480
1422
1488
1430
1397
1457
1117
1274
1142
1325
1131
1319
1092
1304
1116
1243
1121
1345
1390
1446
1838
1448
1698
1517
1486
1689
1609
1748
1635
1650
1191
1349
1206
1360
1148
1478
1155
1358
1204
1434
1238
1473
1500
1652
1604
1780
8162
1842
3473
1845
1444
1825
1518
1978
1100
1152
1132
1105
1062
1206
1152
1094
1148
1248
1214
1212
1247
1357
1325
1262
1210
1236
1254
1294
1256
1250
1260
1250
1035
1160
1121
1137
1092
1166
1146
1100
1222
1150
1206
1104
1342
1298
1324
1325
1280
1315
1420
1295
1440
1352
1304
1323
1176
1168
1142
1204
1161
1202
1092
1167
1032
1118
1234
1140
1364
1336
1352
1296
1470
1324
1240
1339
1374
1318
1540
1415
1165
1182
1174
1202
1166
1180
1230
1174
1166
1242
1156
1258
2110
1356
1318
1509
1733
1445
1538
1435
1906
1489
1512
1445
1160
1219
1229
1242
1142
1218
1222
1251
1154
1339
1182
1220
1484
1420
1342
1443
1484
1411
2166
1344
1987
1506
1608
1533
1004
1386
1127
1362
1156
1369
1231
1343
1258
1344
1274
1396
1698
1506
1561
1436
1514
1470
1728
1602
1713
1660
2178
1694
1205
1336
1305
1452
1186
1446
1370
1356
1226
1461
1134
1447
1978
1715
1488
1813
1410
1862
1663
2012
1371
2019
1514
1939
1278
1388
1077
1046
1086
1201
1106
1214
1220
1184
1040
1102
1284
1318
1432
1368
1276
1319
1451
1336
1320
1285
1682
1336
1156
1107
1058
1111
1120
1142
1179
1080
1163
1108
1136
1148
1146
1281
1483
1234
1523
1342
1314
1355
1348
1362
1297
1400
1176
1206
1098
1128
1229
1166
1276
1145
1319
1134
1226
1112
1284
1413
1391
1369
1455
1346
1300
1249
1380
1382
1470
1400
1139
1112
1194
1129
1211
1176
1200
1228
1254
1172
1276
1187
1414
1452
1249
1471
1558
1580
1453
1536
1414
1502
1414
1436
1184
1222
1500
1264
1195
1301
1256
1200
1215
1352
1329
1256
1371
1430
1469
1536
1444
1445
1208
1525
1248
1549
1351
1572
1374
1322
1370
1315
1416
1380
1659
1370
1446
1454
1210
1316
2388
1675
1464
1686
1576
1634
1397
1807
1443
1736
1770
1646
1066
1274
1186
1388
1224
1327
2478
1374
2184
1492
1688
1494
1653
1834
1560
1909
1528
2015
2161
1890
1824
1905
1801
1936
1070
1274
1078
1141
1099
1116
1148
1158
1158
1095
1228
1130
1353
1362
1292
1315
1384
1224
1286
1259
1340
1273
1230
1298
1135
1143
1318
1105
1288
1211
1480
1076
1347
1168
1200
1156
1115
1312
1287
1365
1254
1378
1224
1383
1440
1400
1358
1475
1202
1120
1510
1165
1632
1149
1752
1159
1505
1202
1903
1162
1288
1465
3359
1459
2688
1433
2688
1394
1792
1471
1486
1456
1198
1210
1262
1221
1190
1271
1274
1252
1269
1212
1188
1284
1352
1513
1583
1476
1276
1526
1371
1454
1404
1445
1460
1502
1290
1188
1422
1216
1086
1328
1218
1262
1579
1396
1380
1307
1274
1641
1750
1549
1945
1468
2868
1510
1309
1606
1242
1555
1116
1350
1222
1343
1382
1376
1448
1405
1324
1414
1588
1376
1300
1560
1326
1621
2440
1702
1360
1852
2196
1645
2182
1803
1440
1279
1184
1418
1402
1376
1750
1419
1508
1484
1497
1429
1437
1792
2468
1848
1530
1938
2020
1888
2944
1739
1718
1754
1008
1172
1196
1099
1118
1193
1034
1134
1062
1150
1120
1212
1195
1313
1352
1346
1342
1265
1451
1344
1304
1228
1261
1283
1300
1154
1222
1176
1374
1182
1646
1150
1511
1122
1306
1194
1186
1358
1699
1381
1274
1394
1496
1388
1513
1407
1322
1436
1266
1116
1193
1124
1082
1152
1209
1190
1208
1772
1252
1472
1342
1407
1730
1379
1408
1388
3087
1459
1406
1411
1333
1416
1244
1146
1259
1192
1407
1202
1422
1232
1596
1150
1310
1284
1259
1449
1553
1439
1690
1521
1444
1587
1538
1618
1384
1408
1050
1292
1218
1220
1466
1264
1425
1253
1679
1364
1340
1442
1686
1552
1604
1488
2352
1447
1326
1486
1484
1559
1520
1469
1336
1398
1816
1320
1546
1438
1462
1338
1406
1445
1488
1414
1896
1454
1412
1485
1824
1381
2568
1529
1402
1438
1352
1493
1270
1363
1052
1365
1418
1290
1512
1390
2616
1486
1472
1384
1356
1528
1546
1447
1664
1503
2163
1552
2742
1486
1643
1626
1113
1286
1195
1175
1218
1132
1356
1158
1142
1160
1204
1129
1347
1339
1388
1279
1476
1209
1327
1226
2136
1230
1297
1216
1242
1160
1315
1157
1056
1195
1168
1130
1183
1182
1230
1117
1396
1298
1447
1393
1336
1352
1364
1486
1418
1418
1430
1355
1241
1064
1105
1152
1230
1190
1222
1158
1098
1209
1321
1120
1418
1366
1815
1405
1545
1503
1374
1507
1447
1396
1396
1407
1334
1194
1420
1209
1422
1207
1326
1192
1302
1154
1232
1218
1350
1464
1451
1419
1564
1471
1601
1486
1608
1548
1376
1569
2023
1228
1632
1189
1129
1320
1386
1363
1266
1240
1298
1396
1725
1403
2380
1557
1630
1528
1411
1290
1580
1473
1754
1446
1364
1280
1682
1320
1914
1398
1421
1446
1285
1364
1390
1418
1426
1458
1432
1446
1534
1450
1706
1406
1600
1444
1606
1424
1321
1318
1356
1452
1388
1348
1304
1308
1134
1344
1401
1497
1712
1410
1928
1455
4018
1566
1522
1466
1518
1535
1607
1514
1320
1321
1150
1259
1064
1118
1169
1155
1116
1118
1089
1198
1250
1367
1437
1317
1270
1287
1256
1236
1292
1304
1314
1291
1178
1222
1136
1186
1152
1206
1232
1230
1890
1168
1432
1178
1428
1292
1328
1249
1736
1368
1328
1451
1364
1341
1359
1340
1587
1154
1362
1101
1426
1134
1210
1194
1176
1156
1486
1202
2125
1383
1503
1388
1374
1360
1624
1330
1282
1448
1366
1451
1234
1198
1161
1202
1509
1213
1120
1225
1233
1252
1696
1215
1226
1458
1346
1513
1426
1498
3412
1513
1441
1523
1587
1506
1180
1173
1422
1237
2083
1416
2199
1248
1523
1382
1675
1352
1708
1483
1498
1543
1422
1495
1430
1480
1464
1578
1814
1542
1217
1366
2050
1396
1350
1284
1516
1422
1430
1506
1508
1425
1413
1550
1310
1600
1416
1545
1594
1612
1488
1587
1370
1540
1452
1393
2410
1362
1352
1450
1682
1496
1846
1502
2366
1538
1366
1531
2174
1650
1670
1663
1530
1588
1730
1603
2038
1677
1168
1155
1186
1188
1179
1122
1078
1153
1338
1229
1247
1146
1341
1301
2017
1281
1290
1377
1333
1297
1600
1279
1416
1366
1342
1186
1516
1082
1063
1150
1660
1112
1254
1134
1189
1182
1478
1386
1256
1396
1555
1426
1671
1389
1471
1335
1449
1357
1108
1180
1098
1148
1190
1154
1406
1152
1283
1248
1545
1249
1322
1422
1839
1393
1676
1372
1326
1342
2763
1452
2449
1348
1023
1194
1077
1187
2080
1236
1550
1244
1407
1300
1880
1213
1548
1361
1562
1437
1398
1418
1552
1473
1486
1489
1492
1434
1247
1194
1318
1202
1274
1268
1492
1324
2390
1287
3785
1186
1428
1486
1416
1494
1268
1422
1540
1448
1314
1472
1327
1463
2050
1348
2118
1353
1352
1360
1509
1404
2994
1524
1434
1430
1325
1522
1418
1528
2018
1513
1583
1520
2026
1493
1680
1434
1476
1406
1644
1430
1326
1458
1141
1509
1617
1495
1330
1596
1462
1462
1590
1600
1804
1658
3105
1812
2278
1732
1836
1810
1060
1102
1190
1212
1186
1140
1149
1134
1304
1168
1223
1265
1268
1280
1298
1260
1408
1304
1316
1361
1551
1318
1396
1330
1222
1204
1256
1156
1238
1116
1210
1207
1415
1248
1458
1156
1270
1397
1312
1454
1373
1446
1452
1365
1406
1390
1478
1413
1310
1188
1102
1122
1482
1149
1343
1178
1572
1209
1604
1271
1368
1424
1702
1418
1270
1355
1701
1430
1501
1464
1408
1387
1354
1213
1382
1192
1270
1260
1104
1200
1224
1236
1422
1266
1778
1424
1288
1407
1506
1422
1838
1377
2033
1473
1346
1429
1022
1242
1410
1231
1514
1283
1960
1228
3084
1281
1574
1420
1848
1494
2377
1482
1424
1559
1446
1570
1342
1549
1662
1476
1559
1386
3094
1323
3500
1436
1402
1426
1946
1375
1624
1486
1838
1489
1576
1460
1666
1504
1842
1578
2082
1512
2584
1487
1658
1456
1779
1296
1346
1413
1598
1479
2078
1572
1586
1554
1452
1472
1473
1412
1374
1661
2365
1672
