1213
1386
1062
1291
1052
1484
1108
1836
1156
1368
1179
1397
1277
1503
1151
1493
1244
1568
1308
1530
1200
1406
1229
1360
1108
1320
1314
1120
1147
1214
1168
1443
1154
1507
1147
1403
1138
1228
1165
1334
1219
1338
1261
1384
1372
1442
1156
1365
1332
1798
1237
1185
1160
1395
1246
1386
1208
1436
1150
1529
1149
1525
1310
1316
1178
2008
1307
1776
1308
1498
1436
1654
1502
1538
1180
1727
1092
1442
1133
1196
1150
1310
1010
1174
1143
1367
1254
1163
1240
1154
1356
1124
1270
1143
1332
1115
1360
1172
1125
1360
1001
1224
1075
1358
1229
1486
1197
1350
1217
1324
1325
1204
1215
1185
1173
1148
1176
1121
1153
1082
1113
1124
1157
1270
1139
1490
1185
1272
1152
1220
1101
1356
1213
1410
1295
1200
1298
1213
1206
1183
1204
1310
1201
1235
1247
1242
1209
1540
1278
1594
1213
1270
1446
1202
1188
1300
1273
1352
1261
1347
1148
1394
1453
1231
1276
1156
1269
1105
1378
1172
1266
1616
1356
1346
1332
1496
1299
1280
1554
1534
1354
1134
1281
1172
1169
1222
1218
1332
1199
1439
1268
1480
1383
1262
1090
1240
1142
1272
1131
1423
1124
1250
1124
1623
1102
1432
1522
1296
1296
1389
1284
1467
1175
1447
1194
1522
1307
1613
1111
1608
1150
1837
1174
1528
1160
1941
1054
2600
1084
1392
1320
1687
1577
1832
1471
1650
1615
1615
1400
1725
1424
1879
1034
1148
1067
1140
1060
1508
1054
1670
1164
1388
994
1264
1203
1346
1348
1228
1486
1093
1380
1098
1322
1186
1251
1196
1061
1306
1021
1354
1084
1328
1004
1259
1021
1364
1038
1332
1549
1197
1426
1262
1291
1259
1182
1150
1188
1030
1321
1108
1220
1302
1156
1326
1071
1248
1173
1198
1118
1343
1068
1410
1457
1448
1394
1194
1329
1196
1371
1281
1324
1186
1391
1137
1044
1548
1207
1603
1073
1442
1024
1596
1090
1450
1094
1629
1404
1226
1384
1234
1336
1274
1303
1194
1308
1265
1281
1272
1208
1630
1126
1524
1084
1304
1206
1168
1113
1251
1137
1469
1286
1314
1246
1348
1296
1517
1344
1355
1400
1381
1470
1447
996
1241
1024
1313
1057
1220
1024
1454
1043
1670
1002
1654
1379
1244
1332
1352
1242
1370
1205
1380
1278
1416
1210
1578
1012
1652
1064
1761
1088
1610
1075
1544
1044
1506
1024
2030
1234
1656
1366
1746
1358
1731
1424
1781
1444
1626
1542
1507
1008
1133
1031
1198
972
1262
1009
1250
980
1242
1044
1232
1277
1053
1289
1150
1525
1096
1620
1123
1471
1069
1376
1078
971
1338
1012
1272
948
1295
900
1492
1000
1266
1076
1286
1433
1144
1415
1176
1315
1108
1360
1055
1411
1028
1316
1150
1333
1308
1787
1440
1774
1336
4147
1327
1203
1189
1131
1392
1264
1072
1140
1041
1224
1109
1150
1128
1231
1105
1178
1116
947
1458
1242
1305
1132
1252
1196
1400
1470
1382
1362
1424
1297
1148
1359
1120
1292
1216
1520
1333
1347
1350
1442
1250
1290
1463
1316
1489
1276
1254
1308
1149
1273
1142
1170
1228
1435
1324
1420
1456
1446
1552
1324
1490
1456
1393
1304
1331
1186
1219
1147
1150
1182
1170
1284
1090
1236
1209
1189
1284
1263
1247
1337
1339
1526
1356
1759
1392
1352
1344
1391
1478
1184
1392
1208
1343
1191
1870
1132
1568
1171
1547
1069
1510
1482
1683
3047
1695
2288
1514
1052
1648
969
1744
1302
1754
977
1114
1342
1100
1141
1090
1123
1212
1152
1109
1161
1304
1162
896
1359
905
1500
920
1327
1101
1493
1052
1280
1085
1055
1156
1044
1214
1101
1097
1010
1004
1051
1106
1254
1119
1271
1073
1312
1116
1410
1049
1473
1125
1389
1112
1412
1194
1297
1196
1112
1160
1106
1164
1099
1090
1125
1046
1043
1030
1366
1106
1247
1013
1360
1051
1339
1115
1439
1111
1909
1064
1002
1141
1118
1099
1136
1099
1129
1055
1200
1138
1170
1108
1439
1083
1196
1145
1244
1164
1382
1299
1340
1239
1393
1328
1041
1123
1198
1132
1171
1192
1152
1131
1182
1270
1187
1257
1389
1407
1542
1605
1336
1548
1407
1569
1488
1433
1323
1446
1226
1356
1143
1368
1236
1253
1167
1207
1189
1200
1093
1161
1414
1321
1374
1520
1349
1424
1345
1536
1297
1528
1281
1535
1197
1424
1207
1322
1087
1378
1110
1149
1010
1246
1017
1322
1301
1498
1752
1482
1558
1472
1768
1405
1140
1475
1221
1627
1079
1104
1116
1224
1068
1413
994
1164
1068
1294
1125
1480
5479
962
1395
838
2629
855
1346
950
1434
1228
1345
1180
997
1396
1066
1374
1063
1273
1083
1268
1139
1290
1301
1368
1171
1184
1323
1129
1200
1162
1235
1160
2631
1232
1636
1102
1262
1326
1254
1362
1243
1224
1226
1132
1247
1054
1163
1085
1505
1110
1368
1027
1564
1155
1460
1137
1501
1125
1586
1095
1178
1242
1164
1228
1093
1232
1134
1240
1323
1200
1242
1299
1614
1177
1482
1239
1549
1217
1541
1315
1472
1378
1611
1605
1246
1242
1128
1240
1230
1167
1136
1151
1186
1258
1208
1356
1314
1585
1395
1780
1272
1804
1394
1776
1377
1692
1241
1698
1131
1330
1220
1126
1241
1036
1222
1078
1265
1086
1198
1132
1416
1258
1362
1466
1171
1348
1231
1538
1193
1520
1056
1569
1236
1262
1174
1264
1210
1303
1193
1284
1211
1267
1072
1631
1258
1689
1506
1702
1337
1681
1273
1730
1293
1700
1279
1467
1099
1060
1051
1238
969
1133
1019
1177
1324
1222
1137
1553
1450
949
1362
858
1426
810
1342
897
1327
1136
1258
1163
1098
1280
1119
1199
1147
1370
1090
1281
1158
1208
1246
1355
1180
1133
1205
1121
1167
1069
1259
1130
1232
1037
1176
1097
1062
1190
1238
1222
1394
1168
1285
1162
1269
1048
1253
1106
1197
1080
1156
1155
1476
1075
1505
1095
1286
1112
1299
1074
1153
1179
1330
1108
1145
1138
1257
1109
1216
1128
1146
1246
1376
1223
1316
1258
1254
1324
1521
1248
1404
1270
1331
1458
1122
1206
1175
1209
1094
1507
1162
1372
1227
1434
1087
1602
1414
1406
1316
1556
1328
1756
1401
1986
1300
1767
1360
1510
1069
1558
1117
1534
1297
1606
1237
1690
1511
1866
1217
1702
1289
1334
1477
1331
1202
1302
1299
1438
1246
1380
1366
1531
1144
1767
1190
1750
1260
1600
1403
1476
1282
1481
1062
1652
1194
1653
1240
1566
1373
1684
1353
1756
1472
1515
1410
1496
1125
1174
1112
1196
1087
1180
1058
1270
1136
1284
1127
1214
1357
984
1348
885
1337
859
1278
980
1380
1243
1262
1136
1183
1216
1106
1374
1107
1356
1186
1365
1274
1310
1194
1278
1214
1167
1209
1286
1167
1114
1268
1194
1282
1151
1219
1079
1232
1284
1311
1196
1236
1148
1179
1136
1266
1032
1439
1112
1327
1137
1269
1146
1507
1006
1468
1148
1357
1010
1318
1067
1273
1179
1259
1134
1245
1146
1378
1108
1362
1082
1487
1109
1419
1099
1337
1168
1427
1212
1308
1328
1316
1289
1303
1358
1265
1176
1297
1211
1199
1318
1205
1306
1142
1436
1210
1475
1184
1372
1332
1540
1360
1542
1330
1599
1238
1853
1213
1514
1178
1348
1217
1428
1262
1590
1392
1598
1299
1465
1222
1540
1260
1376
1408
1464
1303
1374
1364
1480
1269
1822
1287
1748
1253
1396
1229
1450
1149
1292
1133
1187
1153
1225
1143
1438
1154
1570
1331
1470
1342
1447
1393
1588
1480
1742
1520
1908
979
1072
1036
1086
1109
1144
1145
1107
1221
1174
1178
1175
1328
1156
1320
1061
1473
1144
1457
1201
1382
1308
1330
1264
1122
1181
1124
1221
1173
1234
1142
1172
1198
1188
1299
1213
1220
1243
1183
1320
1383
1166
1363
1234
1247
1201
1264
1126
1313
1192
1208
1130
1346
1078
1363
1091
1300
1108
1218
1032
1301
1074
1320
962
1379
1030
1414
1131
1382
1150
1316
1232
1300
1030
1279
1042
1238
1098
1249
1066
1248
1060
1320
1162
1455
1378
1288
1287
1406
1239
1360
1300
1372
1433
2452
1310
1085
1234
1222
1284
1245
1334
1244
1348
1265
1476
1454
1554
2081
1205
1252
1314
887
1406
1316
1640
1280
1670
1317
1580
1577
1472
1626
1550
1507
1516
1457
1670
1433
1633
1431
1698
1279
1413
1253
1448
1299
1546
1380
1677
1333
1629
1310
1635
1279
1562
1214
1588
1311
1352
1207
1328
1129
1316
1121
1309
1300
1758
1356
1651
1611
1378
1282
1631
1693
1936
1607
1766
1026
1221
1083
1176
1144
1222
1195
1125
1141
1183
1077
1086
1281
1123
1232
1174
1318
1140
1393
1151
1356
1254
1281
1171
1024
1120
1166
1260
1213
1166
1190
1118
1220
1205
1333
1295
1207
1094
1389
1278
1273
1110
1336
1095
1271
1128
1272
1191
1300
1250
1261
1214
1247
1090
1306
1170
1212
1118
1235
1218
1306
1104
1196
1020
1540
1046
1491
1124
1310
1134
1419
1216
1314
1172
1443
1111
1367
1131
1258
1051
1254
1000
1258
1079
1459
1372
1532
1427
1374
1218
1348
1319
1280
1399
1443
1244
1187
1116
1256
1170
1291
1196
1274
1153
1335
1163
1331
1306
1446
1262
1257
1445
1273
1386
1293
1679
1258
1612
1343
1519
1199
1294
1377
1301
1415
1141
1450
1160
1641
1156
1939
1198
1470
1230
1373
1522
1325
1698
1236
1640
1367
1642
1336
1552
1338
1148
1345
1210
1099
1207
1168
1288
1230
1278
1345
1286
1353
1712
1425
1576
1616
1627
1364
1776
1460
1848
1447
1624
1017
1254
1079
1230
1188
1202
1507
1142
1266
1144
1177
1172
1556
1294
1344
1353
1331
1369
1331
1115
1480
1106
1420
1129
1082
1244
1164
1240
1263
1275
1342
1151
1300
1137
1329
1222
1240
1131
1391
1169
1284
1263
1354
1262
1378
1147
1310
1144
1304
1243
1418
1240
1587
1263
1603
1164
1368
1137
1195
1156
1921
1263
1357
1117
1324
1157
1889
1149
1358
1132
1310
1147
1236
1212
1095
1072
1213
1099
1206
1092
1249
1140
1261
1151
1392
1172
1327
1314
1429
1240
1349
1176
1411
1357
1742
1482
1247
1224
1206
1314
1209
1289
1297
1336
1299
1250
1279
1250
1347
1283
1551
1531
1874
1518
1442
1577
1312
1575
1466
1468
1256
1336
1278
1375
1303
1348
1563
1452
1327
1528
1297
1478
1445
1235
1592
1801
1999
1577
1307
1533
1360
1511
1367
1614
1175
1354
1254
1400
1289
1496
1303
1376
1262
1428
1445
1499
1424
1482
1819
1508
1644
1518
1529
1558
1631
1697
1655
1487
943
1146
1029
1199
1013
1148
1157
1240
1054
1138
1130
1136
1319
1313
1283
1298
1399
1179
1392
1198
1348
1150
1297
1184
1124
1162
1363
1161
1289
1082
1627
1012
1276
1100
1177
1223
1180
1181
1228
1217
1269
1198
1622
1384
1301
1204
1304
1255
1101
1186
1208
1195
1273
990
1235
1075
1297
1079
1218
994
1288
1296
1342
1149
1427
1199
1325
1250
1641
1240
1491
1290
1053
998
1214
1096
1460
1098
1262
1108
1247
1054
1192
1072
1512
1250
1864
1336
5856
1544
1853
1330
1679
1466
2000
1456
1212
1115
1145
1191
1285
1158
1311
1164
1191
1138
1236
1164
1610
1539
1322
1419
1360
1446
1429
1563
1301
1559
1603
1301
1271
1192
1278
1244
1291
1227
1558
1340
1304
1346
1454
1287
1489
1722
2493
2186
1502
1838
1235
1709
1858
2401
1852
1305
1204
1365
1320
1206
1382
1290
1317
1380
1142
1302
1249
1468
1333
1534
1617
1551
1815
1508
1600
1387
1774
1530
1542
2125
1018
1092
1055
1218
1051
1196
1107
1225
1114
1246
1204
1132
1984
1130
1888
1164
1363
1108
1293
1176
1350
1133
1567
1137
1390
1032
1181
1126
1155
1063
1230
1024
1214
1103
1235
1222
1237
1179
1286
1159
1249
1214
1435
1284
1258
1217
1456
1425
1160
1248
1165
1277
1545
1114
1594
1224
1502
1244
1301
1074
1500
1202
1409
1086
1464
1131
1330
1232
1441
1244
1459
1548
1427
1065
1229
1032
1154
1106
1149
1126
1101
1062
1070
1126
1800
1404
1506
1504
1864
1684
1546
1333
1581
1451
1549
1607
1139
1042
1191
1076
1159
1237
1230
1332
1149
1282
1241
1341
1302
1473
1348
1546
1409
1531
1440
1530
1404
1526
1961
1378
1217
1378
1332
1288
1293
1280
1471
1392
1322
1440
1346
1383
1260
1262
1248
1590
1817
1658
1725
1674
1487
1303
1625
1414
1276
1326
1373
1194
1355
1187
1412
1268
1310
1230
1134
1216
1520
1202
1532
1444
1458
1556
1636
1414
1627
1313
1764
1461
1015
1186
1005
1134
1138
1169
1057
1235
1159
1256
1201
1154
1974
1235
1725
1164
1435
1114
1199
1203
1289
1253
1336
1155
1041
1120
1122
1124
1178
1033
1152
1029
1304
1077
1381
1118
1824
1280
1468
1198
1255
1095
1386
1136
1608
1224
1295
1194
1341
1145
1386
1168
1330
1128
1386
1066
1619
1082
1321
1018
1412
1184
1279
1116
1373
1094
1705
1178
1415
1210
1392
1395
1121
1054
1255
1056
1378
1087
1246
1074
1450
1048
1389
1086
1356
1198
1866
1490
1492
1582
1825
1503
2173
1743
1475
1498
1241
1009
1220
1050
1303
1158
1267
1214
1181
1208
1227
1248
1324
1460
1216
1337
1402
1507
1461
1511
1445
1482
1770
1334
1331
1204
1243
1277
1383
1224
1323
1148
1220
1506
1430
1496
1840
1235
1719
1465
1564
1516
1865
1597
1565
1582
1679
1460
1450
1586
1395
1357
1474
1336
1194
1458
1248
1183
1266
1274
1388
1342
1449
1509
1311
1512
1352
1585
1514
1468
1293
1463
1129
1122
1066
1174
1228
1098
1118
1414
1032
1220
1122
1112
1329
1220
1435
1122
1273
1118
1542
1185
1282
1144
1206
1137
1157
1067
1264
1085
1265
1144
1335
1022
1181
1185
1217
1214
1277
1242
1319
1161
1289
1098
1289
1215
1468
1123
1567
1256
1207
1164
1178
1266
1195
1074
1442
1207
1337
1430
1262
1193
1276
1217
1612
1151
1559
1115
1481
1138
1453
1162
1293
1344
1289
1139
1258
1072
1361
1159
1271
1170
1207
1063
1231
1156
1467
1370
1702
1399
1670
1451
1812
1445
1507
1536
1462
1482
1191
1171
1192
1218
1177
1282
1247
1371
1242
1477
1210
1383
1456
1339
1532
1251
1327
1184
1503
1194
1593
1292
1981
1150
1229
1410
1269
1417
1419
1237
1515
1187
1482
1248
1417
1243
1691
1530
1322
1640
1623
1585
1346
1510
1618
1586
1351
1791
1306
1261
1302
1190
1354
1168
1451
1210
1465
1222
1359
1150
1299
1683
1795
1520
1535
1591
1545
1647
1399
1598
1419
1498
1067
1066
971
1152
1094
1300
1469
1520
1078
1508
1206
1133
1347
1152
1256
1291
1386
1078
1560
1255
1791
1204
1380
1258
1090
1129
1151
1124
1248
1076
1176
1033
1186
1093
1144
1120
1478
1213
1256
1162
1294
1248
1608
1176
1291
1174
1369
1288
1150
1094
1195
1107
1266
1082
1355
1180
1261
1220
1156
1100
2172
1176
1821
1130
1323
1137
1235
1055
1246
1261
1478
1269
1118
1075
1190
1104
1192
1066
1163
1057
1157
1088
1126
1154
1229
1326
1547
1386
1307
1470
1595
1495
1563
1440
1294
1421
1142
1170
1139
1078
1147
1158
1210
1248
1157
1334
1073
1330
1295
1291
1326
1220
1248
1149
1340
1191
1490
1204
1912
1234
1101
1236
1126
1418
1132
1328
1057
1343
1049
1437
1085
1466
1318
1151
1567
1292
1236
1347
1217
1388
1881
1562
1331
1573
1137
1410
1150
1422
1098
1420
1035
1502
1154
1282
1074
1364
1286
1478
1521
1486
1722
1645
1569
1759
2056
1791
1717
1660
1045
1158
999
1209
1035
1145
982
1062
967
1067
1066
1165
1265
1103
1368
1297
1395
1147
1630
1134
1460
1096
1306
1169
1146
1125
1159
1225
1091
1113
1223
1035
1148
1195
1230
1276
1300
1191
1259
1150
1306
1212
1256
1359
1348
1395
1244
1234
1185
1256
1074
1180
1237
1086
1247
1204
1228
1186
1223
1162
963
1334
1303
1249
1246
1258
1284
1183
1256
1077
1394
1127
1199
1153
1242
1071
1280
1036
1243
1190
1137
1258
1141
1297
1401
1209
1398
1514
1560
1375
1633
1519
1778
1543
1235
1358
1109
1241
1043
1292
1095
1440
1072
1401
1114
1483
1102
1414
1243
1343
1205
1422
1212
1287
1400
1366
1301
1265
1411
1146
1114
1380
1093
1536
1164
1474
1175
1474
1145
1441
1222
1248
1292
1219
1170
1395
1225
1369
1164
1356
1236
1429
1482
1484
1205
1212
1293
1182
1277
1123
1326
1150
1348
1224
1228
1180
1304
1508
1301
1488
1380
1607
1383
1438
1322
1466
1129
1730
991
1278
1069
1209
1062
1234
1066
1520
1003
1112
1054
1116
1301
1141
1284
1285
1434
1268
1435
1169
1204
1240
1146
1228
1144
1060
1089
1102
1099
1100
1161
1134
1100
1158
1097
1098
1154
1296
1177
1138
1286
1230
1309
1241
1194
1190
1144
1113
1224
1143
1139
1190
1118
1062
1114
1239
1088
1192
1083
1182
1414
1100
1229
1157
1392
1140
1262
1173
1244
1112
1372
1223
1072
1202
1097
1396
1083
1324
1055
1388
1079
1250
1098
1400
1426
1885
1367
1230
1224
1655
1372
1593
1219
1476
1263
1317
1074
1364
1085
1340
1081
1283
1022
1196
1030
1162
1078
1328
1300
1407
1223
1582
1253
1499
1232
1451
1143
1320
1264
1303
1080
1288
1115
1105
1232
1076
1187
1127
1321
1191
1268
1441
1155
1341
1270
1406
1265
1300
1189
1545
1332
1426
1495
1476
1259
1320
1275
1385
1286
1364
1115
1254
1183
1322
1299
1302
1242
1446
1360
1538
1170
1412
1512
1544
1276
1409
1214
1668
1013
1005
1065
1100
1108
1075
1023
1190
1087
1062
1147
1072
1260
1061
1344
1106
1367
1148
1445
1140
1242
1210
1210
1200
1083
1056
1203
1028
1022
1080
1128
1056
1168
1012
1153
1040
1152
1144
1271
1129
1271
1180
1130
1139
1178
1108
1189
1104
1214
1012
1172
1058
1213
1074
1172
1013
1298
1005
1269
1035
1256
1118
1272
1112
1320
1069
1192
1178
1166
1132
1222
1153
1113
1059
1089
1024
1052
1005
1222
1078
1218
1044
1114
1054
1288
1140
1213
1122
1283
1286
1249
1303
1412
1506
1265
1346
1051
1097
1109
1199
1117
1144
1237
1192
1239
1216
1238
1305
1512
1305
1828
1455
1292
1480
1215
1376
1117
1330
1145
1300
1143
1162
1085
1263
1143
1307
1105
1241
987
1161
1041
1229
1316
1226
1330
1354
1341
1678
1410
1588
1304
1556
1439
1498
1010
1298
1037
1417
1075
1374
1159
1286
1138
1428
1075
1512
1249
1594
1280
1694
1275
2285
1320
1541
1228
1431
1232
1510
1033
1198
1126
1212
1051
1326
1098
1272
1074
1203
1061
1214
1246
1228
1280
1115
1335
1089
1324
1125
1271
1201
1188
1132
1091
1206
1179
1178
1294
1288
1340
1142
1280
1241
1146
1273
1247
1203
1263
1180
1193
1174
1320
1211
1350
1236
1269
1114
1376
1268
1141
1218
1205
1151
1186
1225
1113
1313
1039
1357
1228
1254
1332
1077
1249
1124
1196
1156
1140
1123
1789
1113
1019
1596
1117
1330
1182
1190
1131
1256
1147
1126
1235
1163
1011
1187
1057
1376
1266
1478
1289
1472
1306
1460
1151
1301
1241
1146
1226
1144
1072
1246
1051
1260
1026
1280
1532
1192
1293
1386
1262
1562
1363
1641
1403
1425
1117
1329
1115
1268
1463
1340
1326
1366
1134
1418
1231
1581
1149
1540
1288
1540
1363
1318
1316
1293
1240
1315
1238
1436
1237
1556
1466
2170
2883
1372
1936
1406
3330
1360
2154
1317
1540
1338
1473
1234
1212
1477
1214
1976
1636
2258
1378
1899
1209
1742
1132
1848
989
1118
1180
1215
1154
1168
1059
1264
1117
1230
1003
1325
1382
1053
1237
1136
1168
1128
1303
1181
1352
1238
1219
1247
1543
1324
1315
1249
1265
1339
1276
1257
1273
1272
1183
1254
1217
1350
1152
1281
1279
1289
1251
1204
1099
1278
1263
1273
1216
1330
1257
1162
1285
1180
1201
1164
1055
1360
1021
1360
1306
1259
1217
1169
1207
1150
1159
1456
1226
1675
1288
1251
1255
1622
1099
1418
1167
1296
1142
1281
1170
1351
1118
1412
1251
1209
1238
1296
1196
1436
1459
1547
1373
1389
1356
1386
1023
1280
1080
1187
1219
1466
1166
1372
1170
1478
1124
1740
1161
1242
1184
1395
1220
1560
1176
1631
1182
1450
1196
1357
1171
1452
1281
1866
1296
1777
1203
1794
1297
1648
1246
1820
1298
1268
1141
1248
1199
1506
1228
1640
1215
1512
1236
1610
1292
1582
1332
1435
1437
1316
1347
1290
1306
1296
1308
1384
1205
1646
1110
1902
1088
2128
1183
2507
1214
2032
1067
1784
1189
1126
1183
1126
1176
1122
1147
1179
1135
1231
1117
1176
1249
1101
1383
1107
1284
1138
1184
1158
1152
1123
1128
1236
1037
1140
1237
1154
1147
1248
1086
1156
1125
1288
1187
1246
1056
1282
1112
1248
1164
1220
1104
1269
1022
1188
1160
1271
1193
1190
1073
1277
1135
1202
1128
1242
1150
1342
1037
1365
1088
1181
1111
1126
1170
1142
1116
1200
1150
1221
1170
1198
1127
1172
1146
1254
1245
1282
1172
1281
1156
1342
1105
1286
1277
1260
1152
1556
1226
1674
1199
1650
1404
1583
1396
1546
1114
1246
1149
1292
1236
1333
1290
1359
1450
1583
1360
1444
1225
1461
1188
1472
1193
1579
1195
1939
1123
1407
1125
1167
1054
1474
1237
1646
1198
1518
1254
1666
1140
1493
1253
1443
1151
1219
1143
1484
1164
1300
1153
1485
1228
1569
1163
1722
1319
1487
1203
1584
1436
1586
1329
1262
1403
1382
1276
1459
1107
1678
1090
1860
1116
1720
1067
1610
1088
1642
1076
1919
1168
1297
1102
1150
1103
1260
1133
1342
1108
1396
1154
1448
1428
1142
1265
1183
1259
1202
1186
1168
1123
1166
1081
1239
1138
1338
1197
1228
1317
1250
1295
1222
1113
1274
1257
1246
1051
1213
1097
1247
1099
1342
1111
1212
1139
1247
1141
1161
1082
1340
1186
1408
1214
1184
1279
1396
1377
1488
1439
1331
1166
1070
1218
1074
1145
1086
1176
1124
1072
1281
1169
1244
1317
1221
1291
1096
1478
1214
1566
1250
1371
1156
1360
1140
1152
1350
1122
1460
1236
1598
1164
1351
1135
1392
1128
1372
1266
1128
1322
1068
1443
1132
1244
1170
1234
1182
1360
1197
1258
1702
1120
1321
1091
1428
1124
1519
1158
1433
1108
1319
1146
1234
1214
1164
1331
1233
1296
1292
1324
1296
1333
1504
1229
1712
1145
1381
1107
1474
1162
1440
1196
2031
1310
1991
1145
1532
1444
1628
1754
1651
1657
1670
1257
1486
1301
1778
1164
1551
1155
1559
1110
1562
1120
1836
1109
1551
1094
1506
1096
1216
1183
1270
1231
1242
1172
1308
1065
1410
1181
1136
1379
1315
1234
1183
1233
1112
1153
1279
1125
1120
1153
1315
1177
1167
1238
1188
1199
1398
1264
1321
1234
1331
1126
1376
1145
1276
1115
1264
1027
1296
1153
1360
1131
1207
1039
1332
1316
1388
1140
1250
1297
1246
1152
1326
1238
1513
1220
1338
1214
1344
1210
1656
1095
1496
1156
1398
1183
1613
1152
1268
1036
1220
1150
1184
1206
1144
1236
1280
1404
1176
1181
1173
1080
1248
1074
1443
1152
1453
1235
1583
1252
1491
1309
1312
1259
1182
1245
1154
1208
1148
1183
1288
1264
1305
1198
1281
1309
1438
1236
1482
1090
1774
1267
1404
1199
1393
1262
1354
1184
1393
1240
1534
1434
1392
1212
1298
1213
1332
1288
1576
1172
1450
1201
1378
1168
1586
1362
1517
1326
1401
1255
1491
1284
1434
1519
1492
1270
1623
1262
1712
1301
1716
1392
1926
1132
1667
1126
1550
1096
1543
1091
1489
1045
1461
1126
1731
982
1158
1140
1080
1174
1100
1153
1122
1229
1184
1192
1081
1396
1072
1352
1079
1320
1201
1215
1200
1146
1297
1208
1231
1069
1040
1188
1070
1122
1048
1161
1122
1231
1038
1242
1208
1165
1142
1172
1260
1101
1256
1110
1344
1110
1284
1199
1375
1310
1154
1218
1195
1153
1157
1177
1208
1218
1184
1218
1078
1075
1084
1085
1178
1148
1332
1215
1230
1375
1307
1317
1318
1252
1165
1121
1148
1132
1079
1090
1157
1224
1215
1169
1258
1151
1293
1205
1433
1118
1492
1124
1507
1131
1421
1212
1302
1090
1122
1134
1083
1170
1090
1282
1260
1252
1304
1240
1376
1357
1191
1272
1315
1169
1233
1197
1328
1149
1394
1199
1342
1301
1329
1388
1376
1317
1378
1268
1371
1252
1456
1188
1554
1095
1274
1227
1381
1420
1392
1196
1325
1360
1340
1207
1290
1132
1576
1200
1578
1161
1550
1208
1648
1157
1734
1209
1634
1241
1583
1182
1647
1170
1825
1131
1755
1272
1434
1155
1719
1098
1237
1122
1278
1157
1210
1176
1172
1281
1098
1156
1093
1366
1248
1194
1174
1263
1173
1272
1202
1216
1196
1232
1209
970
1087
1114
1117
1198
1170
1132
1236
1114
1204
1140
1348
1295
1185
1257
1265
1122
1168
1133
1232
1201
1215
1269
1208
1234
1264
1212
1214
1242
1228
1312
1274
1344
1155
1134
1184
1172
1170
1152
1221
1134
1146
1189
1160
1198
1198
1109
1239
1218
1198
1069
1126
1170
1198
1332
1322
1174
1255
1396
1239
1121
1279
1229
1369
1324
1583
1345
1304
1074
1354
1203
1425
1206
1212
1292
1098
1484
1055
1452
1216
1626
1321
1466
1213
1122
1771
1160
1229
1072
1265
1171
1442
1348
1286
1120
1300
1211
1151
1535
1192
1463
1082
1419
1150
1400
1166
1248
1307
1285
1252
1292
1447
1225
1369
1220
1584
1242
1483
1351
1538
1418
1374
1306
1481
1205
1450
1118
1384
1246
1323
1304
1551
1208
1540
1419
1645
1475
1632
1255
1606
1244
1420
1207
1721
1152
1238
1226
1182
1295
1208
1218
1140
1210
1086
1121
1134
1371
1263
1162
1250
1234
1147
1268
1204
1372
1098
1261
1198
1144
1154
1130
1202
1126
1330
1140
1313
1134
1334
1118
1383
1339
1145
1155
1188
1136
1231
1219
1145
1253
1186
1308
1158
1048
1316
1163
1244
1242
1131
1147
1084
1168
1156
1248
1046
1263
1135
1164
1240
1175
1223
1202
1325
1128
1344
1264
1321
1234
1192
1132
1283
1125
1276
1098
1297
1170
1269
1189
1236
1141
1414
1161
1220
1230
1402
1377
1410
1129
1434
1142
1213
1317
1135
1228
990
1307
978
1478
1334
1276
1233
1422
1400
1141
1385
1067
1404
1139
1655
1151
1362
1177
1259
1212
1288
1355
1424
1435
1492
1408
1422
1456
1399
1372
1382
1609
1286
1184
1158
1063
1406
1184
1526
1196
1458
1192
1371
1185
1542
1078
1488
1030
1810
1028
1618
1122
1584
1215
1737
1165
1575
1187
1676
1177
1830
1283
1614
1186
1777
1272
1490
1237
1759
1200
1404
1192
1334
1118
1236
1306
1169
1235
1156
1220
1204
1268
1150
1232
1148
1158
1127
1120
1133
1210
1083
1169
1163
1098
1126
998
1139
1106
1176
1152
1197
1136
1126
1222
1106
1213
1166
1281
1033
1131
1041
1289
1032
1128
1041
1398
1103
1173
1100
1202
1110
1228
1094
1114
1035
1054
1021
1075
1064
1200
1129
1155
1106
1206
1110
1246
1118
1228
1189
1232
1276
954
1060
1042
1170
1038
1161
1138
1136
1137
1218
1203
1404
1138
1363
1047
1313
1237
1338
1301
1281
1253
1334
1147
1269
1154
1086
1252
1079
1164
1084
1276
1232
1260
1245
1180
1256
1048
1200
1096
1272
1186
1258
1128
1208
1119
1308
1108
1238
1357
1304
1255
1448
1308
1374
1365
1453
1389
1477
1227
1480
1180
1258
1234
1336
1244
1246
1240
1476
1197
1384
1154
1350
1198
1592
1186
1529
1292
1434
1280
1594
1271
1650
1168
1616
1113
1399
1211
1462
1114
1604
1116
1639
1126
1409
1171
1580
986
1146
1165
1185
1208
1206
1263
1192
1215
1168
1156
1122
1407
1082
1380
1120
1212
1092
1087
1131
1195
1136
1182
1081
1122
1241
1092
1301
1129
1306
1183
1220
1106
1284
1146
1232
1196
1095
1171
980
1145
1038
1102
1038
1181
1063
1195
1062
1130
1240
1220
1113
1188
1078
1112
1080
1138
1063
1208
1064
1153
1090
1144
1201
1138
1209
1160
1166
1173
1278
1177
1312
1049
1139
1102
1146
1144
1086
1115
1132
1133
1128
1056
1290
1146
1354
1245
1386
1174
1334
1228
1284
1196
1260
1181
1290
982
1150
1032
1230
1224
1260
1158
1344
1247
1348
1246
1275
1100
1276
1154
1222
1208
1238
1165
1213
1097
1274
1119
1204
1104
1338
1149
1484
1180
1384
1234
1382
1194
1177
1222
1201
1089
1158
1204
1244
1217
1284
1124
1472
1252
1447
1188
1430
1216
1168
1250
1215
1110
1352
1150
1384
1230
1504
1269
1630
1185
1545
1191
1586
1814
1638
1699
1659
1134
1480
1082
1587
1106
1086
1030
1091
1070
1206
1090
1188
1182
1094
1152
1111
1296
1020
1567
1087
1203
1005
1180
1055
1141
1015
1212
1026
970
1172
1073
1134
1070
1172
1076
1187
1098
1060
1156
1105
1218
1072
1201
1044
1102
1052
1152
1035
1260
1065
1163
1106
1249
1027
1248
1058
1178
1048
1132
1020
1124
982
1094
1006
1239
1178
1136
1133
1362
1221
1190
3443
1212
1287
1320
1241
1086
1023
1090
1074
1072
1082
1110
1086
1079
1131
1090
1217
1483
1196
1220
1233
1228
1266
1311
1258
1364
1157
1205
1250
1130
1125
1201
1340
1184
1228
1278
1486
1136
1457
1260
1119
1192
1192
1175
1267
1152
1175
1412
1185
1356
1220
1195
1027
1082
1290
1249
1549
1257
1438
1500
1432
1242
1345
1287
1367
1227
1045
1163
1094
1138
1113
1120
1370
1371
1473
1580
1506
1168
1380
1194
1492
1120
1592
1292
1653
1151
1727
1172
1714
1249
1540
1129
1655
1047
1769
1218
1710
1062
1501
1165
1880
1058
1171
1188
1071
1173
1096
1253
1143
1253
1116
1157
1049
1333
1075
1405
1089
1138
1074
1255
1053
1264
1032
1375
1056
1190
1096
1088
1142
1090
1164
1078
1164
1124
1224
1103
1118
1107
1066
1254
1115
1246
1047
1144
995
1232
1070
1223
1093
1180
1074
1118
1097
1176
1008
1117
971
1232
1074
1198
1068
1157
1096
1126
1065
1216
1136
1095
1178
1192
1252
1188
1240
1164
1069
1290
1099
1172
1174
1250
1308
1239
1218
1228
1198
1146
1118
1160
1066
1166
1277
1199
1200
1197
1210
1164
1173
1156
1216
1396
1242
1234
1326
1282
1275
1121
1348
1212
1278
1089
1129
1159
1180
1136
1183
1031
1247
979
1164
1141
1001
1338
1312
1412
1456
1522
1434
2104
1446
1404
1452
1311
1449
1178
1095
1215
1033
1200
1086
1104
1463
1186
1492
1241
1541
1066
1524
1076
1754
1314
1670
1810
1708
1754
1780
1600
2087
1327
1590
1186
1751
1143
1849
1210
1724
1217
1432
1169
1776
1020
1262
1218
1094
1290
1082
1298
1064
1346
1066
1434
1081
1219
1036
1212
1040
1249
1077
1245
1087
1271
1112
1267
1186
1208
1170
1158
1169
1369
1151
1300
1110
1266
1070
1285
1122
1192
1138
1216
1156
1078
1110
1109
1109
1148
1173
1244
1183
1344
1100
1418
1040
1277
1096
1710
1026
1302
1064
1824
1112
1108
1100
1605
1204
1436
1229
1236
1202
1303
1192
1179
1224
1308
1065
1321
1132
1083
1150
1581
1184
1368
1072
1076
1084
1152
1242
1217
1183
1021
1325
1116
1234
1098
1268
1146
1288
1243
1156
1502
1243
1098
1215
1404
1440
1723
1370
1260
1374
1125
1216
1207
1326
1154
1309
1288
1217
1064
1156
1048
947
1062
1362
1291
1372
1557
1328
1646
1228
1631
1302
2070
1397
1109
993
1098
992
1238
1173
1154
1453
1120
1536
1272
1598
1827
1436
1424
1486
1378
1729
1566
1712
1395
1692
1330
1770
1273
1629
1386
1800
1211
1696
1230
1751
1320
1479
1134
1730
920
1607
1166
1190
1308
1150
1068
1055
1374
1130
1267
1223
1287
1054
1264
1068
1224
1183
1340
1316
1232
1196
1184
1278
1454
1171
1210
1180
1756
1210
1745
1216
1352
1202
1340
1245
1227
1254
1273
1290
1210
1264
1418
1270
1305
1303
1200
1214
2016
1137
1628
1072
1686
1070
1340
1034
1246
1324
1328
1130
1235
1183
1328
1104
1416
1128
1679
1174
1178
1186
1188
1194
1380
1046
1453
1085
1557
1168
1510
1216
1608
1042
1332
1044
1101
1171
1199
1221
1172
1387
1059
1269
1204
1164
1056
1166
1012
1059
1208
1146
1538
1416
1759
1310
1469
1547
1294
1424
1176
1218
1248
1322
1292
1268
1280
1256
1209
1236
1136
1124
1594
1450
2108
1538
1706
1266
1522
1268
1514
1148
1478
1370
1316
1104
1144
1158
1246
1267
1416
1496
1189
1516
1169
1563
1597
1431
1166
1509
2988
1834
2018
1937
4094
1802
1702
1920
1145
1494
1252
1679
1414
1842
1684
1941
1467
1568
1184
1945
1036
1242
1151
1224
1224
1134
1410
1144
1158
1198
1156
1161
1377
1058
1328
1092
1235
1157
1366
1295
1523
1288
1147
1232
1113
1202
1186
1204
1072
1206
1024
1196
1166
1152
1236
1256
1237
1330
1224
1319
1346
1238
1297
1378
1270
1388
1232
1367
1710
1208
1066
1070
1430
1123
1320
1020
1083
1094
1794
1134
1251
1198
1281
1124
1225
1115
1283
1156
1173
1188
1180
1254
1342
1199
1508
1194
2385
1137
1392
1165
2192
1095
1474
980
1115
1212
1129
1186
1172
1328
1284
1292
1295
1264
1192
1282
3791
1076
2240
1164
1212
1293
1355
1340
1250
1556
1432
1414
1266
1212
1315
1286
1251
1258
1309
1291
1244
1284
1274
1150
1406
1411
1688
1582
2334
1510
1512
1478
1659
1472
2180
1419
1144
1190
1161
1271
1186
1281
1196
1335
1243
1539
1304
1612
1818
1570
1883
1636
1650
1657
1388
1581
1294
2008
1463
2280
1343
1589
1198
1656
1384
1677
1193
1679
1198
1484
1182
2039
1400
1240
1206
1274
1026
1148
1478
1188
1174
1054
1309
1264
1411
1132
1289
1112
1316
1147
1211
1178
1159
1258
1278
1282
1906
1249
1088
1194
1340
1026
1270
1136
2939
1126
1470
1247
1358
1326
1194
1319
1325
1292
1244
1279
1241
1385
1183
1440
2766
1282
1449
1077
1836
1097
1420
1082
1342
1116
1354
1119
1527
1209
1270
1074
1257
1144
1282
1206
1201
1290
1230
1266
1222
1243
1206
1310
1513
1150
982
1208
1208
1198
1410
1168
1188
1159
1134
1142
1181
1310
1696
1252
1218
1332
1245
1298
1044
1194
1811
1294
1547
1284
1774
1312
1405
1448
1779
1468
1281
1296
1324
1319
1288
1257
1163
1335
1264
1315
1736
1165
1397
1426
1962
1528
1857
1551
1668
1530
1894
1534
2143
1548
1114
1211
1163
1226
1058
1340
1157
1482
1085
1508
1167
1625
1906
1532
2967
1646
1738
1715
2960
1682
2444
1980
2982
2280
1225
1633
1296
1709
1230
1712
1185
1812
1211
1646
1248
1835
1214
1064
1251
1190
1236
1096
1114
1054
1216
1059
1215
1073
1330
1097
1576
1096
1204
1140
1200
1142
1237
1177
1177
1246
2242
1142
2361
1136
1004
1132
2015
1048
1567
1135
2040
1124
1200
1366
1111
1335
1219
1273
1263
1358
1188
1341
1255
1436
1162
1131
1068
1142
1252
1144
2153
1176
1292
1100
1970
1201
1173
1292
1460
1144
1501
1179
1327
1174
2191
1273
2700
1224
988
1232
1040
1156
2140
1138
1714
1286
1976
1230
2115
1178
1516
1274
1253
1358
1273
1282
1251
1250
1213
1438
1230
1337
1112
1176
1312
1217
1489
1334
2084
1396
2848
1380
3132
1446
1237
1382
1224
1381
1127
1247
1420
1435
1192
1249
1213
1195
1782
1467
2442
1534
1639
1594
2020
1412
1963
1554
1496
1783
1277
1247
1210
1398
1087
1356
1030
1358
1267
1547
1323
1649
1570
1632
1282
1784
1408
1972
1137
2066
1420
1760
1294
2066
1180
1570
1222
1722
1330
1844
1267
1890
1380
1586
1303
1975
938
1018
1232
1195
1216
1044
1292
1066
1294
1052
1268
1110
1250
1059
1300
1119
1212
1194
1167
1191
1276
1291
1207
1263
1182
1136
1230
1030
1176
1088
1177
1322
1382
1124
1564
1180
1084
1325
1165
1346
1149
1374
1355
1380
1153
1469
1200
1445
1493
1204
1011
1186
1365
1196
1207
1224
1296
1321
1399
1228
1116
1358
1169
1171
1055
1224
1239
1221
1246
1309
1246
1389
1230
1244
1409
1195
1516
1213
1188
1248
1234
1175
1335
1206
1368
1440
1200
1420
1196
1422
1236
1207
1283
1323
1187
1426
968
1126
1878
1184
2105
1268
3721
1248
3543
1363
1987
1444
1290
1478
1416
1397
1243
1495
1362
1501
1241
1402
1466
1264
2052
1349
5468
1462
4224
1534
1530
1522
2996
1575
2374
1770
1544
1287
1279
1317
1194
1434
1219
1549
1355
1578
1354
1804
2134
1642
2658
1724
1708
1794
1920
1808
3980
1918
1531
2002
1262
1276
1179
1603
1154
1985
1442
2079
