2406
1529
934
1062
1094
1081
1028
1052
1016
1165
1035
1157
1102
1345
900
1063
987
1181
1186
1043
1480
986
1092
1001
1099
1030
1062
1172
1088
1150
1037
1176
1098
1224
1109
1280
1115
1254
978
1057
965
1140
1004
1113
1148
1106
987
1052
1186
2403
1142
1209
1133
1108
1112
1579
1104
1508
1064
1409
1131
1264
996
1202
992
1182
1298
1179
1166
1354
1145
1325
1189
1398
1104
1225
1050
1309
1076
1507
1050
1354
1081
1001
1067
1118
1082
1128
1029
1151
1022
1022
1020
974
1096
1148
1177
1184
1056
1220
1204
1823
1049
2922
980
1915
1161
1298
1198
1204
1079
1201
1089
1101
1034
1142
1076
1168
1038
1072
1063
1086
1128
1063
1032
1209
1059
1138
980
1119
1010
1107
1117
992
1117
1134
1078
1243
1000
1190
1026
1210
1069
1232
1078
1137
1029
1061
1130
1003
1474
1019
1869
1094
954
1106
985
1229
1108
1068
1095
1111
1133
1141
1028
1190
1063
1100
1027
1220
1180
1233
1186
1059
1364
1244
1057
1019
1117
1229
1073
985
1108
1127
1082
1178
1076
1104
1091
1099
1154
1198
1349
1192
844
1006
869
1114
878
1118
898
1049
870
1187
928
1162
1052
1385
1158
1610
1154
1426
1212
1400
1163
1422
1151
1440
905
1231
853
1481
904
1238
923
1249
891
1839
910
1498
1141
1376
1146
1446
1249
1482
1214
1330
1153
1458
1153
1812
1001
991
965
1011
977
1030
1014
1073
984
1013
1001
985
1064
1291
1030
1197
1028
1106
1033
1022
1015
1252
1075
1116
976
1155
928
1228
917
1347
908
1142
857
1322
943
1146
1148
1078
1062
1149
997
1170
1053
1209
986
1071
1002
1221
1506
1090
1049
1033
1240
1062
1200
980
906
1086
875
1150
1072
1205
1144
1188
1165
1098
1094
1135
1000
1148
997
1102
982
1090
1226
1037
916
1039
964
1049
903
1011
941
1105
1007
1136
1074
1106
1108
1161
995
1082
1020
1249
1089
1200
978
1053
949
1056
956
1110
916
1023
890
1046
879
1089
1103
1218
1096
1089
1062
1099
1091
1082
1091
1182
1082
1318
903
1075
907
1133
909
1133
903
1159
953
1311
899
1245
1005
1436
1089
1476
1049
1430
1118
1362
1062
1376
1041
1356
1008
1159
948
1190
920
1109
940
1099
884
1137
922
1355
1051
1454
1086
1357
1121
1374
1140
1310
1196
1460
1250
1471
954
1018
975
1054
990
1022
985
985
977
1048
946
968
1021
1186
1042
1110
1113
1114
1052
1048
1045
1055
1069
1052
934
1015
914
1145
940
1186
891
1199
1060
1103
1172
1103
1101
1040
1078
1147
992
1140
1043
1098
1209
1016
1089
1165
1097
1055
1196
1619
1029
1141
1140
1141
1423
1060
1068
1103
1082
1035
1101
1151
1093
1122
1005
1080
1145
1036
1096
1013
890
1239
1099
1051
1145
1123
1225
1099
2098
1191
1701
1162
1151
948
1297
1062
1208
1032
1466
1025
984
1008
1148
1035
2745
1094
1083
1136
1813
1100
2115
1278
2300
1083
1284
1339
1111
1065
1285
1072
1396
1122
1198
1124
1186
1192
1108
1152
1106
991
1327
1147
1330
1188
1225
1319
1824
1262
1332
1200
1100
1113
1148
1250
1338
1319
1547
1244
1131
1123
1100
1256
1146
1488
1327
1234
1105
1553
1355
1490
1072
1988
1027
1763
1184
1372
1151
1308
1235
1262
1300
1274
1161
1244
1342
1392
1080
1097
2426
1375
1236
1169
1308
1174
1479
1351
1140
1174
1069
1090
1116
1093
1129
1039
1128
1024
1140
976
1035
1061
1431
1123
1099
1187
1096
1159
1061
1045
1190
1149
1176
1035
1094
1102
1163
1132
1312
1043
1160
1146
1180
1064
1259
1142
1820
1217
1012
1116
1030
1086
1113
1082
1078
1094
1069
1065
1090
1068
1048
1080
1279
1128
1152
1097
1433
1042
1210
1046
1076
1187
1085
1295
980
974
1056
1070
960
1147
1070
1202
1179
983
1079
973
1056
905
1209
1005
1040
1002
1056
1068
904
1000
965
1030
1032
1093
926
1055
1061
1153
995
1102
1166
1080
1182
1086
1118
1086
1124
1120
922
1126
993
1146
967
1333
1005
1153
964
1179
1028
1177
905
1191
989
1219
1124
1238
1260
1248
1154
1194
1163
1292
1194
1100
1275
1242
980
1396
891
1333
849
1380
968
1219
1270
1209
887
1251
1292
1338
1524
1216
1242
1240
1488
1194
1113
1170
1301
1316
4768
1145
8952
1874
1745
1295
1687
813
3049
1010
1062
1299
4645
1156
1674
1084
2104
1114
1700
1158
1513
1217
1164
1142
939
1047
1069
1008
1062
1048
1132
1011
1207
1029
1525
1034
1124
1056
1148
1090
1136
1104
1077
1115
2717
1134
1576
1132
1376
1020
1155
1058
1301
1171
1217
1064
1140
1059
1194
1106
1178
1182
1156
1254
1596
1226
1269
1184
1673
1074
1210
1104
1065
1091
1251
1111
1236
1091
1084
1165
2427
1074
1188
990
1231
1086
1111
1098
1122
1103
1191
1010
1062
1073
1217
1192
986
1043
1124
1059
1054
1027
1023
979
1152
1053
1036
1163
1152
1114
1057
1080
1115
1102
1223
1181
1075
1346
1125
1154
877
1087
1076
1105
1049
1110
1053
1063
1038
1206
974
1198
1302
1176
1344
1212
1181
1148
1161
1186
1135
1277
1128
1198
1068
1305
1075
1238
979
1221
1131
1279
941
1206
956
1481
1296
1272
1245
1306
1146
1194
1119
1314
1132
1272
1112
1538
1649
1058
2229
1349
2403
954
1314
855
1371
971
956
1186
1092
1088
1101
1122
1036
1048
1143
1034
1110
1073
1074
992
1574
1046
1167
1000
1282
1031
1564
1020
1776
993
1428
995
1050
1032
1103
970
1068
1038
1075
1078
1060
1064
1070
1070
1001
1026
1509
1018
1524
1143
1417
1084
1075
1069
1406
1127
1066
1064
1161
1204
1457
1109
1352
1073
1109
1009
1106
1029
1149
985
1485
1006
1094
1021
1062
1159
1138
1129
1153
1453
1241
1154
1152
1104
1096
1312
1263
1069
1039
1034
1113
1371
1044
1127
1540
1018
1153
1333
1069
1081
3380
1169
1091
1211
1089
1081
1121
1015
1108
1093
1172
1088
1223
1122
1376
1092
1232
1150
1424
1195
1161
1166
1412
1208
3720
1230
1241
1251
1371
1187
1453
1169
1183
1186
1114
1170
1174
1206
1201
1090
988
1234
961
1123
1212
1226
1163
1291
1085
1235
1028
1737
1100
1204
1093
1196
1148
1180
1198
1300
1157
1296
1080
1114
1941
987
1835
930
1224
1013
1126
1272
1340
1216
1101
1085
1036
982
1045
1013
986
1008
1035
1027
1042
1032
1056
1052
1324
1047
1204
1011
1214
945
1844
980
1884
1085
1124
991
1071
1099
1055
1262
1047
1032
1113
2076
1192
1194
1054
1074
1887
1037
1669
1059
1720
1002
1043
1054
1353
1041
2260
1478
1147
1132
1337
1228
1330
1104
1170
1534
1264
1115
1275
1080
1036
992
2598
1023
1485
1009
1434
1094
3097
1155
2233
1091
1308
1036
1156
1102
1136
1117
1116
1168
1079
1116
1115
1192
1366
1009
1532
1131
1545
1027
1604
1006
1288
1109
1424
1150
1139
1228
1206
1119
1149
1226
1113
1056
1175
1383
1295
1393
2134
1147
1212
1201
1041
1182
1609
1163
1083
1166
986
1219
1228
1216
1676
1769
1482
1224
1299
1114
1209
1326
1153
1274
1060
1213
1023
1219
1063
1110
1211
1261
1079
1227
1417
2488
1134
1162
1130
1162
1055
1072
1127
1174
1069
1166
1015
1370
1018
955
1291
1059
1372
1114
2312
1091
1317
1115
2418
1139
1070
1034
1033
1018
1073
1071
1055
1072
1040
1100
1121
1060
1580
1000
1415
1018
1572
1018
2020
993
1565
1037
2243
1005
1157
1082
1107
1031
1088
1030
1094
1114
1055
1052
1076
1076
2796
993
1278
960
1890
972
2175
1013
1718
1021
3298
983
1083
1103
1177
1081
1076
970
1103
1029
1156
1213
1264
1196
1420
978
1587
1050
1688
1098
1103
1068
1533
972
1410
1097
1220
1450
1038
1074
1156
1204
1510
1076
1124
1216
1038
1546
908
1043
1217
1037
1461
1057
1060
1138
1215
1129
1164
1133
1364
1036
1119
1103
1069
1100
1174
1276
1136
1154
1207
1682
1068
1095
1370
1292
1169
1149
1234
1326
1036
1137
1543
1185
1160
1264
1274
1100
1394
1058
1332
1164
1220
1171
1145
1107
1022
1129
972
1209
1026
1176
968
1259
904
1170
947
1220
1085
1094
1179
1202
1248
968
1111
1163
1129
1252
1104
1374
2963
1126
1909
1131
1712
1015
3959
1127
1688
1010
1380
1018
1032
1056
973
1090
995
1016
1050
1060
1015
1170
1022
1076
1001
971
1460
1004
1580
1017
1477
1013
1477
996
1628
1057
1048
1076
1140
1048
1108
1058
1163
1083
1096
1122
1086
1204
1750
998
1676
1043
1225
992
1487
1061
1268
991
1188
991
1068
1070
1098
1010
1232
1013
1220
1024
1265
1017
1284
1093
1157
952
1267
951
1555
990
1057
1031
1006
988
1008
1008
1269
1286
1082
1066
1152
992
1099
1011
1101
1080
1117
1129
1082
980
1133
991
1300
1066
1277
1098
1365
1058
1269
1113
1123
1014
1073
1038
1030
1024
1080
1128
1107
1133
1192
1518
1097
1142
1100
1105
1028
1119
1706
1100
1828
1073
4229
1198
1261
1036
1234
1032
1202
1067
1248
1058
1192
1085
1142
1119
1184
1132
1388
1218
996
1218
1232
1221
1169
1235
2381
1165
1278
1077
1364
1128
1295
1084
1274
1124
1108
1170
1009
1353
1418
1102
1387
1114
1515
1021
2393
1004
2108
1017
1324
989
1182
1054
1060
1052
1020
1125
989
1058
1029
1025
1055
1192
1226
966
1343
932
1372
1010
1850
1082
1513
1002
1239
1146
1117
1126
1233
1032
1095
1095
1141
1062
1247
1020
1214
1061
980
1048
1401
1163
1180
1111
1179
1080
1515
1049
1097
1017
1530
1160
1139
1030
1212
1035
1255
1048
1119
1018
1096
976
1212
1142
1085
1081
1220
1069
1213
1133
1220
1055
1128
1064
1140
955
1065
1028
1160
1026
1062
986
1139
1078
1205
1256
1300
1203
1406
1117
1243
1026
1465
1026
2291
1053
2356
1037
1067
980
1254
1075
1283
1098
1115
1043
1098
1031
1179
1070
2987
1055
2204
1133
1943
1132
2215
1128
1068
1098
1061
1145
1280
988
1391
1199
1609
1048
1171
1100
1269
1026
1208
1119
846
1182
998
1192
1052
1146
1394
1243
923
1252
1272
1261
1183
1083
1268
1132
1199
1080
1208
1170
1256
1290
1139
1216
1416
1157
1292
1155
1553
1020
1821
1158
1538
1160
2397
1046
1042
1108
1031
1123
1051
1014
1009
1039
1034
1014
1016
1127
1337
1104
1652
995
2370
953
2508
926
1257
952
1171
1049
1028
1122
1113
1051
1228
1040
1284
1136
1041
1024
1048
1083
1023
999
1109
1044
1141
955
1086
1006
1142
1210
1206
1004
1076
1090
1134
1116
1116
1034
1043
1054
1151
1044
1148
1062
1112
979
1328
1113
2699
1054
1806
1116
1951
1019
1156
1011
1169
899
1310
963
1975
1100
1215
944
1241
1062
1319
1028
1653
1110
1348
1028
1505
999
2297
1170
1420
1097
1619
1147
1187
1097
1061
994
1095
1088
1213
1122
1090
1102
1137
984
2181
1064
1468
1179
2923
1290
1924
1161
1227
1198
2259
1142
1419
1112
2578
1211
1221
1243
1137
1089
1272
2562
1133
1122
1158
1181
1264
1238
1299
1182
1473
1262
1140
1231
1147
1309
1134
1288
1186
1231
1175
1208
1090
1148
1064
1040
1101
1155
1058
938
1287
1156
1232
1040
1278
1057
1426
1129
1263
1017
1699
982
1241
1065
988
1030
1042
972
1121
1039
1345
998
1340
954
1132
1031
1210
993
1198
982
1148
955
1586
1020
1145
1044
1120
1053
1055
1100
1106
1082
1087
1056
1132
1270
1249
919
1176
1024
2743
1033
3366
961
1777
988
2589
1019
1154
1040
1244
1052
1232
1076
1111
1056
1116
1071
1126
2280
2794
995
2111
997
1144
1015
1805
1030
1323
1005
1261
994
1136
1032
1072
1044
1106
1018
1152
906
1143
1001
1215
938
1590
1082
1464
1036
1619
993
1731
1070
1304
1105
1488
1157
1075
952
1184
1051
1236
1097
1095
1000
1306
1059
1313
1154
1298
1150
1274
1129
1345
1193
1300
1201
1112
1125
1103
1133
1035
990
1067
1056
1270
1126
1236
1124
1202
1010
1117
1106
1110
1177
1072
1212
1114
1206
1144
1320
1085
1306
1071
1268
1072
1070
1061
1088
1121
1060
1031
1152
1124
1104
1080
1044
3462
1034
1783
984
1443
947
1255
1031
1964
979
1364
942
1229
1118
1062
1038
1054
1022
1056
1066
1153
1103
1115
1050
982
991
1155
955
1095
932
1135
951
1530
915
1580
979
1173
1102
1192
1072
1132
1058
1100
1084
1187
1104
1109
1012
1593
972
1361
945
1378
951
2181
974
1610
973
1351
984
1084
1028
1080
1071
1051
1011
1151
990
1096
1027
1068
1008
1077
990
1169
1051
1240
954
1276
1055
1758
1012
1402
1010
1100
938
1134
1046
1130
1036
1124
1016
1182
1191
1064
1006
1366
1033
1155
1041
1213
1081
1204
1159
1191
1126
1175
1141
1052
1086
996
956
1107
1094
1133
1036
1117
1021
1080
1303
1136
1154
1184
1202
1117
1203
1096
1126
1126
1200
1133
1202
1157
1010
1104
1108
1143
1059
1184
1076
1060
1083
1044
1160
1056
1196
1080
1172
1007
1191
951
1214
942
1239
1220
1288
1088
1101
1092
1102
1112
1124
1092
1142
1056
1042
1049
1157
2469
1004
1228
1019
2481
958
1272
998
1740
1027
1532
938
1173
1076
1071
1038
1048
1070
1179
1123
1193
1025
1122
1040
1398
1021
2160
1002
1580
1047
3152
891
1396
975
1139
1028
1049
1079
1107
1078
1173
1140
1076
1133
1186
1151
1237
1036
1160
952
1120
1010
1079
1044
1059
961
1079
988
1001
994
1081
1071
1173
1006
1123
984
1144
964
1113
1010
1109
972
1032
1013
1021
1069
1012
1006
1086
1138
1006
1049
1038
1094
1140
1086
1188
1006
1251
1020
1230
1036
1190
966
1188
1010
1054
1086
1064
1069
1052
1140
1052
1151
1084
1163
1097
1140
1142
1000
1128
1023
1005
1043
1115
1030
1236
1013
1420
988
962
1213
1050
1241
1289
1217
1392
1151
1285
1273
1307
1094
1265
1127
1124
1416
1160
1146
1076
1080
1147
1076
1090
1092
1129
1168
1068
1216
1124
1198
1260
1236
1276
1285
1150
1214
1048
1132
1104
1081
1137
1071
1102
1112
1050
1068
1072
1004
1190
980
1340
1062
1585
1066
1830
1014
1228
1075
1275
1038
1194
1080
1099
1076
1118
1044
1185
1165
1383
1090
1293
1162
1259
1125
1129
979
1211
957
1276
954
1239
1013
1158
1110
1124
1110
1028
1122
1091
1136
1156
1104
1079
1046
1084
1073
1142
974
1127
965
1109
1008
1109
1001
1029
962
1050
1067
1337
958
1499
1040
1023
1056
1098
995
1141
1075
1267
1096
912
1033
979
1010
986
1020
970
1082
1028
1059
1115
1019
1221
942
1204
862
1263
1001
1344
1084
1522
976
1321
1024
1012
1079
938
1014
927
1004
891
1191
918
1228
937
1139
1103
950
1103
984
1065
1047
1122
1014
1080
1071
1195
1104
876
1127
871
1217
899
1221
927
1208
907
1166
874
1238
998
1058
1072
1024
1036
1074
1109
1021
1183
986
1086
990
916
1182
887
1209
868
1167
907
1244
849
1251
842
1273
1043
1022
1180
1056
1168
1166
1146
1135
1208
1198
1180
1098
985
1014
1006
1063
986
1067
930
991
926
1086
1075
1053
1081
992
1067
1124
1118
1110
1323
1106
1293
1042
1126
1052
1043
1082
973
1052
1116
1014
1365
1042
1342
1003
1056
963
1106
1134
1098
1052
1152
1090
1127
1062
1066
1105
1129
954
1001
978
1100
996
1159
1058
1069
992
1002
1058
997
1050
1079
1011
1195
1140
1136
1125
1185
1141
1168
1025
1260
978
994
889
1019
995
986
978
999
1027
980
1020
1048
1082
1224
1000
1123
985
1426
1070
1029
1133
1505
1146
1368
998
1017
1035
946
1084
986
1127
1138
1081
1039
1122
1085
1141
1194
995
1101
1051
1140
1024
1229
1151
1181
1134
1315
984
995
1216
1041
1097
1027
1177
1086
1189
1188
1079
1311
1213
1091
1055
1058
1079
1079
1057
1057
1021
1015
1030
1082
992
1030
1151
1104
1184
980
1245
973
1274
1062
1270
969
1332
1088
1012
1072
1120
1107
1068
1074
1035
1042
1176
998
1113
1212
1038
1441
1030
1614
1019
1239
1117
1233
1030
1100
1061
1160
1130
1089
1132
1152
1304
1117
1093
1096
1126
1032
1106
1217
1019
1171
1002
1186
999
1309
975
1090
731
1102
462
1090
1150
1209
1012
1143
1134
1121
1118
1073
1163
1180
1012
1694
619
1513
871
1131
940
1084
990
1020
983
980
917
1279
1080
1127
1092
1212
984
1150
1188
1144
1168
1179
1105
1106
873
1116
1062
1059
1053
1140
1030
1108
1090
1492
1049
1132
1936
1095
942
1068
1019
1142
1026
1104
1127
1121
1033
1079
1042
993
1037
1251
1094
984
1061
1030
1096
1044
1182
1080
1026
1176
1091
1150
1064
1113
1036
1095
992
1103
1028
1028
1206
1129
1203
1144
1217
1114
1128
1359
1108
1145
1230
1130
1053
1282
1014
1086
956
999
1032
1045
992
1156
928
1091
1034
1024
1067
1044
1177
1018
1148
1132
1215
1029
1219
1060
942
1053
1032
1079
1018
1046
1012
960
979
977
1098
1177
976
1353
979
1245
711
1163
614
1364
451
1567
462
1014
992
1046
1294
1072
1127
1025
1160
1040
1230
1057
1194
1084
595
1190
746
1067
605
1190
570
1197
844
1141
941
1084
1117
1166
1077
1156
1086
1058
980
1096
985
1157
986
1263
1008
1151
1007
1156
1061
1084
969
1080
1010
1111
1014
1242
1012
1224
1008
1185
1053
1088
1129
1131
1046
1109
1080
1121
1025
1040
973
1036
1077
1215
1117
1202
1031
1150
1043
1108
1209
1007
1010
1178
1014
1229
1090
1126
1436
1310
1044
999
1036
1014
1087
1156
1036
1132
1073
1060
1141
1100
1174
1199
1037
1402
904
1087
894
1061
1110
1057
978
1048
1004
1025
1073
1120
1113
1269
1202
1153
1097
948
1129
954
1097
1108
1072
1106
1001
1109
1303
1205
1026
1106
998
1094
988
921
1138
1047
1177
806
1175
1003
1155
1026
1211
989
1372
1059
1038
1070
1030
1058
1060
1051
977
1000
1036
1056
986
1254
723
2372
811
999
1094
1319
1065
1069
997
1348
1040
1278
1150
1126
1124
1089
1078
1075
1158
1038
1147
1078
1135
1497
958
1876
1068
2110
1079
2743
1107
2516
1159
1606
1035
1131
1109
1146
1110
1092
1035
1236
1319
1302
972
1103
976
2944
1127
1281
1059
1212
1043
1082
1170
1034
1108
1540
1002
1135
1042
1382
871
1140
1008
1030
1046
1086
1025
1285
1004
1111
1055
1088
1090
1285
1063
1167
1088
1152
1062
1195
1141
958
1000
1037
1150
1204
1100
1172
1076
1148
1118
1126
1020
1031
1125
996
1098
1106
1061
947
1099
1019
1122
1700
1057
1157
1082
1066
1042
1127
1028
1163
1009
1034
990
1025
1097
1757
1112
2640
1154
1171
1126
1036
1172
1126
1170
1143
1157
1079
1053
1110
1044
1021
1046
1088
1052
1052
1044
1240
2522
6833
1127
4727
1120
3320
1178
4019
1197
1131
1253
908
1239
1040
1022
1031
1117
1366
1052
1112
1108
1045
1054
990
1028
1120
1027
3416
1063
1672
1057
1253
1046
1163
1125
1171
1110
1180
1098
1061
1200
996
1202
1059
1240
1156
1266
1091
1246
1900
933
1396
565
1364
483
498
1229
1449
1102
1257
1042
1099
1274
1065
1122
1060
1454
1374
1079
1097
1082
1068
1232
1279
1125
1340
1081
1163
1036
1063
1066
1048
1034
1004
1016
1102
1253
1151
1011
1100
978
1093
1630
1114
1306
991
1105
1144
1097
1027
1061
1113
1024
1162
1053
1211
1058
1120
1089
1140
1097
1069
1046
1096
996
1034
1186
1036
1058
1112
932
887
1098
1009
1094
964
1103
1044
1090
1119
1198
1096
1184
1057
1146
1080
984
1073
1017
1080
1171
1061
1026
1042
1110
1024
1120
1132
1157
1117
1182
1099
1161
1142
1102
1173
1196
1176
1148
1043
1038
1097
1053
1074
1074
1013
1144
1048
1142
1286
1283
1190
1223
1071
1266
1134
1266
957
1249
993
1520
1061
950
1044
715
1056
972
1048
1069
1080
1195
1069
1010
1204
962
1242
810
1182
1056
1869
929
1766
979
1522
917
1070
1138
1020
1452
1080
1202
1082
1097
1062
1066
1114
1163
1034
657
1190
807
1076
1071
1019
1052
1333
1108
1188
1161
1069
1080
1074
1330
1098
1108
1121
1153
1026
1104
1126
1216
1207
1019
1049
1070
1325
1075
1185
1052
1331
1081
1358
1111
1059
1056
1091
1078
1128
1060
1168
1020
1215
954
1146
1076
1296
1054
1140
1077
1366
1068
1393
1127
1259
1094
1108
1211
1158
1134
1103
1388
1218
1110
1240
1136
1285
1110
1159
1238
1171
1197
1611
1181
1380
1222
1284
1169
1326
1245
1984
1190
1050
1080
1093
1130
1019
1058
1012
1340
932
1070
996
1012
897
1278
1419
1259
1148
1147
1284
1254
1301
1158
1078
1143
1051
1008
1063
1099
1032
954
1049
904
1046
993
1061
1068
1197
1225
1156
1263
1177
1201
1369
1220
1319
1275
1372
1342
1038
1022
1071
1046
1075
962
1048
971
1036
948
1038
1006
2458
695
1523
443
1221
920
1483
939
2491
673
2327
1002
1069
1176
962
1293
1052
1378
1028
1092
1042
1084
1057
1068
1547
1125
1077
1056
1564
1062
1266
1026
979
1097
2376
1050
1012
1108
1044
1040
1008
1168
1091
1046
1116
1520
1140
1077
961
1034
1400
1161
1711
1083
1699
1098
2024
1028
3113
1156
1124
990
1160
1051
1236
1102
1157
996
1032
1104
1086
1039
1389
1125
1556
1026
2518
1122
3795
1090
1792
1218
1448
1295
1109
1120
1084
1104
1126
1444
1126
1032
1123
1122
1063
1066
1090
1179
1452
1157
2595
1144
1354
1225
1404
1277
1220
1248
1051
1370
1072
1083
1026
1129
1051
1259
936
1063
936
1036
1070
1294
1259
1306
1338
1201
1195
1214
1431
1211
1234
1259
1119
1814
1080
1063
1053
1014
1032
1049
1128
1207
1205
1361
1014
1230
1133
1270
867
1379
818
1285
588
1326
689
1518
1033
992
1048
974
1040
1004
1069
1016
1064
1024
1025
1008
1203
1168
1085
1180
1405
1181
1119
1134
1056
1115
1340
1119
1058
1254
996
1142
988
1106
1024
1236
1059
1044
1097
1545
1054
1139
1157
1045
1065
1141
1158
1148
1842
1205
1101
1116
1094
1192
1110
1000
1008
1152
1172
1198
1112
1140
1053
1418
1491
1075
1105
1060
1481
1065
1259
1116
1280
1105
1283
1105
1206
1196
1227
1454
1140
1502
1142
1116
1180
1434
1103
1052
1015
1101
1185
1036
1164
1110
1175
1286
1609
1165
1298
1583
1048
1012
1129
1076
1035
1116
1077
1667
1069
1241
1024
1028
1166
1314
1331
1223
1136
1211
1063
1197
1353
1154
1213
1203
1057
1112
1060
1495
1041
1752
1150
1142
963
1072
1012
1042
1207
1295
1126
1244
1174
1214
1114
1230
1073
1186
1198
1337
1024
1042
1071
961
1122
1072
1459
982
1188
968
1119
984
1125
1218
1241
1265
625
1398
735
1263
671
1329
851
2055
1030
1197
1056
990
1011
1029
1000
1012
998
1046
1092
994
1121
1159
1186
1139
1181
1075
1185
1174
1157
1166
1289
1107
1071
1118
1015
1147
1051
1236
1129
1310
1019
1211
1096
1273
1040
1121
1015
1105
1025
1120
1075
1191
1135
1061
1094
1130
1084
1032
1056
1106
1104
1072
1215
1264
1092
1456
1132
1538
1809
1137
1105
1158
997
1107
1182
1040
1093
1044
1151
973
1103
996
1090
1208
1103
1194
1125
1145
1173
1102
1106
1148
1216
1060
1091
1085
1138
1160
1161
1169
1328
1355
1259
2610
1073
1036
1100
1148
1055
1210
1086
1336
1092
1211
1040
1101
1058
1319
1111
1123
1131
1086
1100
1205
1097
1260
1088
1290
1064
1044
1063
1249
1076
1094
1120
1244
1030
1090
1009
1011
1083
1257
1034
1244
1011
1201
1055
1274
1043
1398
1055
1423
922
1038
1166
987
1346
1072
1053
984
1154
1017
1008
996
1107
1396
1109
1199
1153
1210
1129
1279
1143
1267
1151
1280
1085
980
1075
994
1108
1132
1064
1222
1144
1014
1072
1032
2308
1220
1311
1219
1221
1173
1159
1212
1544
1037
1179
1073
1159
1324
1036
1321
1112
1214
1104
1346
1100
1082
1197
1552
1023
1125
1212
1130
1244
1107
1047
1100
1119
1052
957
1110
1113
1117
1176
1218
1089
1085
1070
1133
1132
1335
1118
1116
1194
1115
1237
1105
1137
1117
1248
1109
1272
1143
1205
1255
1316
1108
1167
1340
1123
1022
1263
1221
1184
1018
1110
1055
1118
1162
1101
1166
1099
1082
1625
1211
1297
1112
2239
1203
1106
1011
1152
1081
1236
1273
1102
1152
1037
1224
1108
1229
1131
1211
1121
1152
1253
1175
1014
1244
1145
1350
1176
1243
1070
2201
1147
1087
1057
1104
1030
1145
1149
1194
1020
1019
1011
1137
1102
1219
1129
1209
1167
1231
1231
1227
1294
1261
1105
964
1252
1060
1054
1048
1028
1082
1114
1002
1125
1196
1380
1211
1388
1254
1327
1283
1219
1290
1221
1359
1150
1557
1145
1006
1204
1032
1148
1059
1114
1043
1045
966
1095
1068
1516
1122
1284
1105
1160
1090
1052
1101
1031
1067
1101
1120
1261
1307
1107
1578
1011
1178
1053
1120
1612
1156
1189
1216
1252
1150
1209
1107
1154
1225
1214
1121
1239
1142
1233
1093
1132
1245
1062
1284
1085
1336
1143
1330
1180
1374
1141
1138
1050
1119
1264
1102
1379
1110
1099
1074
1181
1143
1279
1174
1113
1098
1324
1240
1118
1525
1218
1087
1116
1284
1173
923
1246
1131
1138
1187
1169
1286
1282
1170
1241
1165
1200
1203
1100
1126
1084
958
1160
1106
1132
1206
1113
1446
1143
1003
1271
1207
1175
1167
1269
1204
1322
1207
1183
1183
1229
1217
1088
1602
1148
1268
1084
1754
1043
1089
1078
1204
1009
1018
2576
1225
1562
1138
1860
1156
2769
1207
1253
1114
3266
1141
1116
998
1028
1009
1020
1227
1073
1096
1050
1056
1043
1062
1100
1149
1051
1355
1044
1265
1050
1306
1211
1345
1149
1447
1078
990
1033
1099
1263
1043
1048
1114
1241
1111
1128
1062
1283
1106
1103
1100
1031
1138
1171
1149
1175
1065
1284
1179
1150
1324
1222
1202
1120
1113
1146
1102
1231
1138
1038
1172
1022
1075
996
1147
1107
1099
1044
1110
1231
1049
1367
1075
1058
1210
1336
1045
1128
994
1379
987
1091
896
1260
1012
1186
1084
1439
1169
1227
1150
1197
1084
1212
1194
1167
1118
1036
1008
1128
1022
1110
964
1081
916
1086
976
1225
1005
1156
1070
1171
1091
1155
1221
1183
1194
1300
1222
1285
1243
1103
972
1028
989
1243
998
1144
1001
1198
992
1060
1022
1274
1123
1194
1171
1106
1116
1081
1145
1201
1180
1100
1168
1170
1053
1076
1070
1146
1040
1088
973
1059
1007
1055
940
1443
1230
1205
1209
1213
1162
1272
1181
1266
1204
1300
1302
1151
979
1203
1034
1086
969
1116
1077
1013
978
1052
992
1215
1189
1137
1191
1185
1292
1245
1290
1249
1317
1046
1386
1088
966
1104
988
1128
988
1047
1041
1066
994
1010
1020
1083
1087
1140
1082
1193
1071
1186
1112
1177
1106
1273
1069
1079
1098
1050
1100
1102
1062
1108
1057
1135
1078
1112
1045
1179
1203
1149
1127
1137
1195
1101
1046
1137
1113
1258
1116
1131
990
1053
1027
1054
1029
1134
1026
1120
1092
1144
1016
1189
1061
1191
1162
1207
1123
1166
1141
1094
1165
1319
1149
1033
1026
1063
1085
1101
895
1054
900
1131
925
1201
924
1096
1221
1393
1234
1138
1147
1173
1373
1431
1133
1134
1116
1150
1004
1165
1054
1144
992
1021
940
1146
906
1063
1064
1069
1150
1106
1159
1189
1155
1147
1201
1357
1175
1243
1206
1094
1012
1106
1074
1121
1032
1136
1024
1106
1050
1024
970
1049
1223
1166
1167
1122
1119
1172
1196
1147
1199
1078
1198
1015
937
1135
990
1084
1003
1055
1002
1075
1054
1092
1044
1153
1192
1260
1306
1159
1227
1259
1341
1166
1704
1189
1546
1131
1025
1152
1000
2896
1004
1439
962
1070
960
1112
940
1310
1039
1154
1075
1081
1093
1091
1127
1085
1257
1159
1156
1015
1068
1555
1064
1072
1046
1062
1024
1042
1030
1036
1006
975
1109
1128
1041
981
1137
1106
1140
1271
1097
1195
1135
1192
1018
1166
1033
1145
988
1225
1030
1169
1057
1037
1000
1289
1099
1317
1133
1264
1231
1225
1206
1323
1192
1295
1125
1117
994
1056
1014
1118
985
1068
984
1174
964
1219
1014
1229
1171
1381
1286
1269
1164
1357
1171
1163
1185
1173
1254
1546
1032
1083
1014
1161
1024
1086
1004
1288
1005
1029
1029
1257
1148
1376
1289
1164
1110
1374
1235
1269
1193
1382
1114
1079
1004
1133
1041
1109
1004
1614
995
1236
1030
1096
1072
1007
1167
1341
1243
1187
1219
1946
1189
1149
1171
1193
1161
1107
994
1120
991
1048
1021
1114
1008
1104
998
1206
942
1069
1243
1119
1271
1139
1279
1324
1317
1107
1361
1049
1429
1173
962
1066
966
1103
997
1154
990
1076
994
1115
1010
2913
1114
1363
901
1251
1026
1173
1194
1243
1107
1163
1031
1076
1057
1436
1038
1070
1026
1157
1016
1108
1004
1352
1006
1394
1093
1186
1069
1409
1159
1427
1121
1325
1006
1197
1074
1049
1022
1172
990
1128
1040
1071
1037
1084
969
1140
917
1454
1092
1265
1123
1793
1190
1572
1161
1611
1202
1257
1178
1044
962
975
992
1071
1004
1080
950
1112
972
1171
1006
1147
1208
1227
1271
1295
1285
1255
1339
1127
1277
1355
1235
1122
988
1112
1003
1123
1036
1035
1063
1058
1054
1092
986
1093
1178
2362
1182
1274
1159
1724
1117
1167
1282
1459
1107
1056
947
1156
1038
1087
980
1004
999
911
995
1024
946
1579
1091
1895
1179
1508
1293
1591
1231
1581
1213
1238
1185
1089
990
1028
964
1086
997
1100
985
1054
999
1125
932
1006
1275
1054
1258
1141
1255
4973
1364
3509
1469
1956
1475
1210
928
1083
926
1135
1006
1224
1027
1119
973
1148
1014
1133
1396
1271
1058
1513
1167
1717
1063
2561
1061
2560
1058
1006
978
1001
983
1054
1001
1011
1024
1054
992
1032
1016
1272
1115
1857
1039
1545
1118
2521
1117
1669
1137
1645
1162
1091
965
1149
1008
1032
994
1060
994
1136
1066
1014
1020
1485
1124
3845
1206
2315
1150
3184
1237
2070
1334
7688
1267
1124
1016
2132
1100
1496
1025
1793
1036
1174
1026
1016
968
1369
1233
1347
1143
1104
1133
2107
1210
1364
1124
1188
1157
993
1072
1184
1011
1031
1030
1027
1008
1063
994
1126
1026
1466
1113
1596
1193
1093
1206
1367
1177
1865
1159
1553
1196
1024
1040
1142
1078
1089
998
1207
986
932
1002
968
942
884
1117
1179
1149
1300
1141
1386
1171
1409
1254
1728
1158
1014
980
1012
974
1166
969
996
936
1144
923
1096
952
1574
1167
1291
1301
1232
1903
1941
1319
1319
1366
1235
1353
1078
978
1291
970
1138
990
1133
1020
1152
964
1108
1064
1070
1257
1857
1138
1687
1120
1017
1090
1665
1099
2264
1116
1005
959
1092
1034
1058
1014
1179
1032
992
985
1129
1019
2443
1032
1277
1089
2386
1149
2267
1150
2164
1062
1822
1106
1088
986
1237
1017
1033
988
1166
986
1139
1016
1078
1024
2333
1098
1953
1197
1985
1241
1709
1163
1924
1397
1354
1366
1090
1078
1250
1033
1186
958
1738
1033
1042
1042
1071
1014
1520
1077
1397
1087
1851
1146
2140
1214
1660
1358
1355
1159
1035
1008
1090
1063
1147
1094
1050
1076
1130
996
1044
980
1004
1150
1129
1091
1781
1107
1761
1126
2122
1231
1309
1205
1104
1039
1085
1082
1177
1028
1129
981
1086
1000
1084
999
1193
1207
2590
1170
1669
1114
1701
1188
1558
1199
1379
1155
1271
1025
1032
959
1163
980
1230
944
1023
860
1058
945
1267
1153
1056
1274
3046
1225
1730
1429
5330
1338
1443
1370
1064
958
1093
1018
1200
1006
1359
1052
1110
1049
1086
1108
1490
1187
1846
1150
1598
1149
4475
1138
1392
1067
2031
980
1114
958
1206
1012
1424
956
1062
995
1527
1002
1003
1010
1868
1039
2797
1087
1045
1126
1034
1114
1435
1136
1445
1074
1033
1028
1097
1059
1114
1030
1144
1030
1078
1096
1032
1028
1397
1139
1023
1176
1375
1193
1161
1134
1097
1132
1635
1130
1142
1030
1182
1001
1160
980
1109
1028
1139
991
1062
1032
1609
1123
1587
1258
1955
1165
1532
1247
1615
1128
1270
1177
1072
1071
1177
1020
1146
1044
1259
1088
1535
1022
1118
1121
2878
1129
2400
1110
1103
1078
1587
1225
1233
1139
1445
1152
1135
945
1643
1085
1117
1050
1083
1006
1138
1142
1179
990
1325
1146
1621
1141
1907
1171
1519
1232
1211
1220
1605
1184
1123
1036
1057
996
1098
984
1076
945
1040
949
1087
1002
1303
1140
1679
1227
2226
1122
1402
1220
1082
1481
1201
1449
1193
984
1222
1042
2248
1096
1041
1064
1005
1006
1099
1161
3555
1465
1665
1165
1145
1163
4007
1166
1158
1087
1189
1085
959
992
1027
978
1113
986
989
949
1008
1003
1205
1044
1917
1123
1157
1186
1127
1110
1687
1225
3972
1144
2259
1232
1279
983
1080
1024
1228
1026
1105
1028
1115
1038
1044
1052
1891
1064
1730
1083
1542
1065
1543
1072
1463
1123
1815
1212
1482
1010
1100
1040
1120
926
1283
982
1039
988
1194
1037
1299
1194
1137
1184
2206
1119
1119
1146
1397
1130
2488
1135
1063
1047
1019
972
1098
1054
1520
1020
1088
1000
1149
988
1030
1167
1391
1109
3181
1141
3592
1190
1891
1123
2570
1159
1181
1020
1223
1084
1148
988
1040
966
1158
968
1441
948
1246
1158
2562
1211
1240
1197
1511
1217
1465
1232
1675
1223
1069
1020
1053
970
1072
1018
1130
1030
1020
916
1075
988
1488
1237
4367
1212
1415
1264
1963
1295
2103
1299
2674
1373
1094
1022
1211
1063
1092
978
1060
1046
768
1064
1240
1021
5290
1169
2593
1252
1137
1134
1273
1167
1954
1166
1953
1199
1046
988
1992
971
1026
1034
1033
1006
1253
1055
1095
1090
2669
1205
2814
1173
1014
1105
3701
1047
1823
1057
3959
1143
1165
1016
983
1054
1195
1063
1195
1006
1084
1076
1060
1032
1115
1085
1140
997
1267
985
2553
1047
1337
1060
2621
1144
1086
1037
1420
1066
1295
1036
1062
904
1876
869
1556
872
1003
1151
1062
1166
2653
1187
2233
1168
2034
1149
2999
1062
1588
994
1125
1004
1170
1082
1180
1111
1136
1040
1174
1024
1033
1058
1367
1082
1263
1160
2029
1219
3577
1136
5870
1199
1088
1028
1171
1103
998
1014
1150
1006
1066
990
1005
1022
2236
1289
3242
1102
1187
1331
1654
1291
3517
1345
1617
1297
1093
1081
1026
1186
1143
1064
1108
1066
1182
1022
1036
1052
1457
1233
1976
1232
1359
1175
1109
1377
1625
1331
1361
1269
1076
1022
1057
1075
1108
998
1139
1121
1066
1052
1100
1036
1073
1107
1885
1220
1809
1226
1772
1177
2704
1247
2066
1171
873
958
1136
968
1137
1058
1000
1055
1167
1008
1093
996
1341
1147
1708
1125
1296
1067
1275
1222
2333
1340
3403
1177
1008
1067
1072
1264
1180
1037
1146
984
1037
1084
1068
1054
1469
1077
1065
947
1974
919
1378
1014
2255
975
1818
958
1059
1073
1272
1064
952
1046
1215
952
1060
942
1056
1020
1539
1069
2499
1118
1569
1036
1302
1028
1554
993
1802
1075
1858
1051
1126
1034
1243
1070
1203
990
1408
1048
1044
1071
993
1095
1371
1065
1427
1191
2033
1088
3075
1242
1595
1205
1259
1081
1872
1009
1082
1109
1070
1018
1062
986
1109
1020
1462
1177
3593
1184
4032
1227
1208
1257
2030
1193
1571
1423
1237
1014
1080
1106
1068
1084
1137
1090
1198
1116
1122
1117
1748
1191
1973
1286
1322
1357
1969
1300
1920
1335
1589
1094
1028
839
924
1016
979
1093
1185
1160
