9064
5709
1647
2954
2752
11047
4696
5531
2367
1703
1863
1481
4646
9023
1299
2918
10643
18880
14105
4731
7219
2483
3599
5536
5429
3132
2024
1920
4382
2325
1366
2897
2004
3451
1383
1928
1742
1895
2296
2983
3223
10038
3054
4834
6797
5155
1780
2167
9510
18770
2284
1535
4973
2061
2310
2571
1464
2318
4322
2011
1885
1562
2165
7892
3168
8359
18776
3671
3305
1613
2775
1699
1518
3827
2479
15461
3319
6066
2166
4553
5601
6017
1550
1830
2078
5261
1793
1937
1373
1793
1610
2657
1397
3614
2383
2382
1586
1765
3237
2418
7884
2837
2011
6429
4454
3969
8719
29693
12784
4234
8011
14078
1945
2249
4993
2094
1621
1652
2293
1765
1455
1960
15450
2385
4149
2922
3872
2252
2330
8068
4020
4543
3155
3141
4933
1965
4415
7827
1517
2796
3394
2198
1736
1806
1731
1942
5860
5338
10780
3277
3450
2295
7976
3981
1780
4985
3299
5600
2381
1670
1741
2077
2778
2100
1993
2853
1731
1848
3922
2236
3235
13434
3761
5563
10390
7984
2796
2147
3096
22566
2359
1694
5483
2395
2473
2948
2181
1408
4218
1352
1603
1780
2518
2211
981
2260
1023
4588
1028
8921
1012
3681
1015
4905
1088
6578
9120
3536
3882
5541
8655
2427
1845
2921
3594
3334
2481
4144
1007
6215
1020
16648
1055
2978
1039
4252
1058
12903
1036
3485
2134
4251
7845
4212
1619
7128
14952
1630
1875
1963
4840
3695
1112
2009
1120
1871
1131
6655
1151
9389
1117
3843
3113
4458
2257
8871
3804
4382
5295
2720
3881
2414
2064
5768
1334
3023
1114
4900
1085
3810
1066
4525
1051
4280
1030
6190
1079
6660
5292
1800
4683
2214
2260
2837
1703
1754
2094
1274
1457
1858
7170
8162
5495
4665
3108
6927
17545
2551
1097
2943
1060
3000
4741
4169
3019
2972
3342
1687
4381
1643
2780
2284
1435
1507
1206
11958
6129
2124
1107
5031
1127
5879
1088
3035
4041
3280
1757
3604
2820
1678
1858
2226
4071
1599
1786
2764
1934
3424
1153
7777
1172
3790
1110
6865
1064
3132
1077
11159
1028
4109
1612
1630
5729
3627
1951
1695
3195
1353
2179
1624
2857
3646
1043
4559
1048
7398
1043
2779
1055
12957
1101
9959
1061
3493
1712
4442
2448
2020
1642
2057
2908
1843
4103
1901
1425
1745
1141
2623
1067
5018
1060
1270
1086
1302
1031
1516
1089
5587
1846
2458
2932
1764
1778
1780
4871
2059
2092
1725
5226
1835
1097
1986
1129
2503
1125
4397
1125
2876
1139
3983
1088
4281
2239
2898
2103
2117
3202
2260
2454
1679
3813
2033
2335
2123
1077
3066
1064
2940
1052
9131
1020
10867
5389
5159
4266
5473
2308
1438
6398
3870
2085
2811
3245
2349
2366
1765
2465
2807
3568
2810
3296
10119
2654
7810
4900
2975
5852
3585
4326
5213
1957
1676
3300
2071
3169
2020
2206
1688
2211
1570
1910
1562
1019
5850
4778
3037
4141
3485
2697
4595
14356
5481
6221
3895
2262
1792
3886
1767
1722
1476
4143
1519
1393
1617
1676
1369
15547
6870
3214
4112
7739
5085
11475
11409
16263
3556
6587
7796
1849
1743
3916
1518
4505
3810
2182
1892
2126
1953
1816
2471
3682
2210
3575
3228
3131
3113
2864
4429
11239
3963
4692
2174
1458
1476
1377
2395
2546
10274
8460
5733
1522
1440
1580
1854
2223
4635
10236
3081
5764
8538
10071
7617
4933
13868
2250
3569
1668
5157
3145
3417
1985
3835
2460
2104
1618
1612
2392
1765
1239
4606
11319
4949
9054
3378
6179
5891
7079
5303
3065
2938
1634
1538
3520
1707
1649
3063
1960
1359
3954
1172
1353
1449
4825
5052
2567
4854
5013
7013
1821
2785
4670
7259
7372
2652
1771
1654
1918
3403
5070
1545
4252
2157
2487
3762
3197
15522
39340
3394
2272
6319
2693
3438
3803
3119
3371
4673
2571
2928
2064
2362
1780
1716
4125
2785
2157
2579
3990
2738
4076
6993
2784
3783
7031
6081
3211
6524
1881
3003
6360
2856
2857
3804
1808
1517
1436
1304
1613
1543
2384
2954
1577
1472
1562
1370
1031
2583
2716
1731
2555
2253
2127
2571
3232
3483
2341
4458
2983
2022
2726
1868
2390
1424
1670
1893
1539
1467
1884
2046
4049
9274
1376
2928
3225
10436
5926
2858
9044
3475
4826
3868
1820
2466
1876
2012
1366
1530
1676
1817
1664
1412
1827
1568
2451
5263
2412
10645
1657
4457
3159
1997
2210
1825
1566
2124
1909
1803
3070
1577
1732
1763
2971
1771
1413
1535
2471
1604
9233
2601
29105
9716
5030
8524
4302
2583
6643
3832
7811
8773
7316
2379
4434
1934
3621
3822
10165
3705
12478
5776
2048
2277
1039
4705
2737
6113
4164
4759
3547
2987
4769
4455
5909
6730
2908
2714
3036
1893
1989
1794
1805
2201
6280
2633
6306
1832
6973
4758
3950
6218
4323
9765
7034
3782
6913
2889
6835
7274
2335
2081
2021
3002
5221
3863
2421
2014
7287
2071
4172
1805
3872
6449
6383
2680
10325
6867
2955
8465
12812
5990
11874
7307
5666
2969
2082
1823
1741
1911
2695
1574
1784
2193
2448
3198
5867
4719
8089
2455
3976
3170
3835
2327
6982
3881
5035
3978
1865
2647
1712
3006
1697
1826
2764
1862
1514
2321
1413
2139
1008
6207
7212
4555
15413
2650
3718
2497
7557
8516
6106
3832
4005
1931
4026
2820
1794
1543
2753
1413
1814
2173
1434
2256
3672
13016
4339
4274
5016
2775
3853
6241
1795
2611
1823
3585
2769
1721
2325
2679
1876
1495
1617
1848
2444
1492
2299
2173
3094
2279
17653
13406
10263
2933
3707
2455
4824
2325
2975
7132
4111
1764
5313
5439
1915
1283
3946
1456
2898
4323
4624
1611
6989
12570
2753
3920
4776
3914
6933
6175
6299
3731
9747
1927
2174
1801
3809
1389
1766
1408
2791
2522
2471
4812
2460
1770
1159
2741
4702
4270
5417
6108
6217
6516
6065
3335
12431
10669
2273
1708
2204
2352
13875
1747
2961
1711
2136
1387
1672
1736
2786
2434
9892
2569
5350
3264
8241
14510
12485
5331
4416
4819
4671
2424
2467
1797
1386
3890
11946
1419
1661
1444
1814
2660
5611
9261
3971
2819
5236
13021
3920
10496
10519
6015
11140
5449
1827
1718
4536
2163
2518
1871
2768
2044
2066
1688
2528
1689
3185
5603
5501
2462
3553
5769
3526
4994
36528
3579
5053
3888
3311
4695
3864
1526
1653
2268
2219
1620
2187
1949
3939
1287
3113
7275
6746
2500
5633
7480
6583
10146
21797
2136
3356
38639
1555
1509
1429
1479
1566
1527
1686
2772
2599
1699
1989
1386
4337
3445
7285
4526
2145
3315
2688
4424
5860
16234
3029
5406
1822
1392
2381
1439
1549
1328
1721
1654
1839
1947
2101
1384
2429
3893
7190
2993
2108
2514
5032
4545
6574
6730
3188
3063
1866
1903
2795
5187
2284
1252
2037
12078
8695
2402
1531
1649
7956
4497
5565
5327
4206
2924
2484
9775
2880
2546
6533
6357
3523
1685
3597
2774
18832
6295
2002
4826
2794
2047
2014
1461
4732
6045
8693
4143
4352
3383
13190
5547
11743
23185
23326
3642
3829
1536
3122
1993
2994
1430
2741
1845
1700
1459
1898
1683
10471
2037
5709
4522
8945
1684
4423
2440
9753
3971
7043
3685
1488
2151
2507
1763
2461
1919
2218
1351
1843
2630
2510
3056
9177
4143
7220
3847
8835
5689
16523
3174
1763
4150
1587
3222
1603
2362
11363
4842
4984
1762
3050
1508
2940
2148
1488
2892
2253
2544
2370
11674
3318
2011
5104
4902
5729
3215
11125
12769
1452
1587
1895
1584
1458
1346
1962
1566
1698
1494
1906
1716
1205
2203
3264
2621
5938
4091
10705
7155
8414
8919
14357
9042
2584
1827
2330
1666
2966
2047
3656
2251
1616
1726
2740
2496
4063
3714
4275
2401
4459
3865
5250
5520
3628
4830
8209
10290
3798
2134
2619
1918
5628
2377
2200
2331
1922
1485
2997
1659
8007
2528
5803
2451
7307
4246
9948
5384
6394
2895
10048
1742
2235
1666
3764
1641
1834
1193
1838
1422
2238
2678
3044
2311
9070
2739
5305
3331
9090
6043
4321
3988
5047
4528
4963
6089
6186
4677
1472
2852
4257
1933
2792
1644
3347
2235
1685
4188
1013
1923
6545
3778
12688
5131
3880
2869
4692
4539
5098
4577
8630
1420
2739
1494
1229
1489
2367
2143
1564
1516
2054
5040
5175
5643
12700
11797
15404
3493
10760
26279
3598
3484
13051
6335
1648
2525
1793
1374
3008
1449
3329
2461
1976
2181
1848
1554
1912
1778
2842
2602
4990
2221
3048
2695
2232
4698
5424
4326
1316
1394
1628
2734
5070
1174
1612
2330
2137
2108
2052
1825
7694
7952
4461
6388
6540
2801
20342
10024
6873
6088
6258
1916
2993
1352
1652
1699
1698
1965
1915
1613
1537
4167
1650
1711
1134
1688
13143
4735
6788
4460
6311
5002
9953
2155
5375
2698
1825
3107
3484
1798
2853
1876
2726
1773
2387
2731
1936
2335
10079
4851
7493
5985
5299
4576
4969
5689
4295
7395
3967
4702
3291
2350
1443
1700
4029
2393
3867
1885
3382
1738
3332
4294
5262
3070
7493
2827
20168
2128
4063
5609
2130
3793
3722
2057
3976
2904
2656
3944
2891
1472
2869
2254
1488
2271
1832
1929
2341
1639
3560
1795
6733
4528
3100
11920
6721
3499
6941
2849
4922
1505
1536
1468
1734
1376
1855
1647
2375
1834
2964
3688
2877
4764
3726
2286
3744
3404
9448
2218
18220
1495
25565
5245
1931
1472
2112
1276
2344
1332
1598
1293
2519
1827
1640
1404
5617
2368
11240
4981
1294
2209
6110
3308
4280
5447
15257
1682
2433
1283
1852
1403
3346
1333
1872
1537
1972
1545
2066
2079
3328
4163
7347
8227
7817
2089
13874
3884
7612
3593
4055
2715
15068
1475
1771
1624
1457
7736
2054
1719
1810
1441
1662
2805
2558
2229
5302
2915
5559
15797
7999
5976
4309
6403
3976
10970
1790
2879
3047
2180
1766
2904
2480
1477
4652
1372
2823
1681
1170
1834
15423
7325
4750
6872
6465
5608
10796
3208
1823
5844
4326
2251
2249
1860
1794
1899
5683
1695
2297
1329
1747
1247
4849
16382
1477
5315
5906
2755
6660
6482
5428
2724
2897
2089
1873
1554
1501
2594
2367
2124
1387
1254
2068
1734
5707
2518
6771
17796
3658
19186
3779
3358
3572
2780
7091
4247
8438
2116
1419
1540
1734
2029
3981
2157
2438
1504
1379
1494
1754
1295
4294
11097
2940
4528
8197
3603
7007
6103
1823
2072
2133
4309
2056
1598
1851
4507
12109
1384
2665
1377
1721
1278
3953
1626
992
3327
2140
4709
2412
2940
5360
2231
2368
7889
9249
6929
1656
1537
2033
1619
2005
1303
1701
1618
4038
3306
4189
3679
1926
13166
2595
12846
3551
2381
7441
5973
3276
7213
10730
3341
1701
2224
2014
5038
3924
1350
1322
1669
2002
1291
1938
2745
9312
17892
9741
5447
6004
3531
9792
1903
9125
3229
5366
2754
1667
6747
1876
1416
3695
3038
13628
5510
1672
1447
1474
1757
2565
3769
2190
3698
2655
1212
3096
5905
8403
24667
9805
4926
1427
3734
3090
2015
3789
2704
2142
2355
1900
1596
3128
2959
5743
1933
3253
3424
23039
2903
7197
4016
8054
3246
3183
1705
1597
1235
1939
1815
4995
3704
2433
1551
2463
1499
2522
1646
8719
16712
3324
4879
11485
5187
8092
7480
4039
2371
5184
3600
3191
1868
1800
1571
1425
1324
2256
1720
2109
1739
1915
1439
12304
3940
4654
4079
15142
15965
12310
7978
5349
8542
10506
2072
1948
1403
10217
1567
4664
2198
1405
1568
3209
4660
2909
1478
1403
3963
3082
4864
3700
1742
9350
3355
2771
1979
2435
3259
1367
3142
2269
2017
4182
3269
1829
1618
1575
1237
1596
1738
1239
2097
4012
5988
4037
2919
5855
3593
12257
10477
4849
6961
14436
1194
6627
2377
2205
1818
1942
1625
2394
1560
8151
1828
16491
2385
6457
8375
5208
3969
6228
2049
3416
4143
6439
5810
2309
1386
2473
1540
1682
2251
3528
1607
1643
2257
3068
5057
2155
1395
2536
5522
12161
10478
9459
3758
5528
3578
6498
3712
2001
2476
2861
1947
5201
3181
1944
2002
2038
2083
2179
13059
8906
2575
10448
2852
3380
1818
8384
1740
2789
2702
2040
2846
1996
1743
1817
2440
2991
2148
1787
1123
4011
2098
2803
1447
16208
3085
6567
2276
4847
2825
7316
3672
2364
1871
5700
4280
1462
1407
1797
1803
2260
2021
1705
1452
2012
1400
4901
3262
3715
7742
5571
3330
5164
4199
6422
7070
5054
2503
3047
4519
1421
1229
1295
1247
2695
2687
5152
3799
1799
1404
4101
1490
3540
4057
4309
5544
2133
5583
4177
12360
4912
8976
1383
2729
1414
1449
1371
1363
1480
1237
1302
1809
1645
1351
3305
1404
8647
5066
4638
1524
16652
2328
2498
2367
4271
4815
3171
2537
2604
2228
1888
2098
1647
1525
1459
1685
1918
2380
1803
1313
1143
1950
4288
2357
2858
1923
1880
1713
3940
3157
7597
6752
5265
4573
3399
7573
1786
1570
2096
2336
3269
3353
2006
1684
5543
2035
7139
2959
3050
4417
7928
7850
9659
2805
4405
2633
1508
1520
1944
2241
1611
1543
2763
2143
2344
1962
1748
1281
3480
2271
3692
4797
7424
1658
3773
4285
5723
4269
8609
1825
1825
2520
2501
1754
1471
1303
1666
1343
2468
3807
1987
1413
9072
1555
4669
3760
6517
15120
2714
7590
3104
2824
1564
2110
1578
1864
1153
1238
1847
2003
1716
1340
2541
1461
2218
4813
9644
4357
4790
2579
4613
3347
2743
1900
1846
3716
8696
4915
1476
1689
4196
1573
1691
1466
4392
1762
1796
1502
1566
3692
5399
4963
1908
2449
5908
2393
1639
2685
1768
3770
6126
2058
1465
1605
1665
1867
1682
1660
1644
1763
1362
1273
1501
1530
7425
2298
2107
5696
12778
1955
5506
3130
5876
2956
8060
1780
1793
2400
2545
2158
1767
1733
4724
2117
1902
1491
3198
1704
5610
3768
11373
2641
14959
14156
13218
1173
4051
4423
4342
2653
1772
2576
2550
1515
3165
3539
1537
2299
2421
2061
3818
1436
3991
3981
1730
1838
1552
2604
5069
3338
3782
2877
2663
3308
1352
3396
2809
1464
2188
1438
1955
3288
2309
1660
2302
1463
3031
11903
2204
4817
2866
2544
6881
11182
6754
3825
3703
2302
1990
7974
2623
1628
2292
4578
2752
4428
2331
3081
2284
1595
3356
2561
8221
1903
5776
2654
6773
5665
11163
7161
2864
1753
1608
2023
5205
1541
1330
1674
1521
1454
2147
2012
3630
1533
1382
5076
2403
10910
4170
8994
5372
3531
4206
10578
5006
1842
5356
1805
1988
26163
2299
1911
1715
1524
1815
1553
1467
1313
4044
4691
1404
8342
3440
4098
7720
5184
8512
3904
10189
2178
1276
2929
1946
1586
4765
1727
1702
1410
1290
1278
1644
1173
1849
1655
2457
3662
4753
3162
9886
3354
4484
4468
5828
6352
3904
1552
1730
5054
2390
1500
3916
7744
2926
1975
2346
2126
12615
12476
3346
2564
10090
2183
4592
3403
4336
5107
4685
5115
2338
1657
1703
1794
2056
1987
3070
2375
1624
2130
2034
1884
1887
4381
4511
4381
3156
2540
13758
4313
5595
13695
4720
2572
5137
1249
4499
1371
1289
1607
1799
1726
1571
2119
5341
2680
1063
6202
2562
2661
1909
1883
3189
2383
2722
2569
6584
1936
2097
1314
4109
1058
2049
1742
3087
3966
6553
1196
2819
2112
2371
2227
1420
1591
1055
2283
1058
12714
1060
8890
1074
2328
1773
1158
1927
1540
1488
1622
1847
1665
1535
2004
4106
2430
1035
2158
1032
4645
1038
5794
1059
2271
1056
2101
1044
5389
1345
1651
1716
1403
1249
1728
1582
1706
2621
1665
1774
1387
1042
5436
1018
4109
1008
5176
1017
18846
1015
2082
1006
2786
1317
1348
2500
1741
3367
1702
1529
2540
3147
2056
1894
1281
1180
2460
1188
4756
1155
7198
1123
3858
1102
4456
3338
3923
1685
1645
2438
2488
1950
1849
5623
1938
4069
1685
2081
1480
2792
6078
2223
4766
6790
2668
8404
2894
5563
2139
3723
2816
1845
2114
2510
1329
5779
1836
2139
2017
2452
2134
2409
2240
1546
3718
1503
4658
10908
3897
3688
2795
3305
3120
5358
5053
1728
2734
3664
2266
1690
2269
2489
1952
2858
1694
2583
1664
3243
1954
2769
2882
3421
2088
2287
2174
1927
2186
2451
2280
1810
1355
3020
2558
2364
1835
5001
3562
6000
4548
2163
1971
3502
2936
3235
2090
1925
5505
10151
3315
2745
1590
3073
2017
2597
1514
1522
1484
1900
1619
4629
1597
2939
2436
5071
1344
3296
9076
1948
1866
2033
3952
4493
3518
1849
1979
35113
4166
1695
1433
1361
3176
1563
1521
1545
2939
1256
1378
3067
1301
1877
1720
8615
4583
2813
10264
1867
5484
5005
3378
3383
6555
2657
1512
1440
3289
3846
1603
1653
1486
1557
1911
1250
2690
1718
3662
7585
3642
10770
3887
8180
11147
2638
2860
3259
2497
3495
1558
1976
1862
6987
2425
8070
1606
2038
1413
1266
1530
6312
7370
3498
1554
5193
2610
3650
2406
2084
3675
4751
902
1836
1610
2256
1241
5112
2427
2440
1741
1303
2458
3002
1552
12365
1599
8395
2381
4455
2860
3297
2444
2339
3181
6596
3849
9341
1609
1693
1908
3428
1591
1782
5310
1857
3279
3988
1636
3247
2184
3392
2819
3549
2768
4048
1886
3064
4240
11033
4270
2120
4556
1793
1413
1367
1863
1817
1492
1763
1791
2203
1323
3072
2855
2551
1942
5093
2300
2246
3694
3369
1750
3042
4587
1430
1318
2600
7502
2182
2211
2584
2009
1620
1249
2865
1399
2648
2629
4907
2424
2871
2459
2980
1772
8820
4537
6964
15052
1305
1423
1734
1415
2238
1117
1142
1903
1501
1300
6730
1239
7927
2271
1822
1463
7346
5030
2449
2792
4390
3401
4744
3063
1446
1240
2641
1417
1313
1621
2253
1323
1211
1259
2139
1481
8809
1329
3188
1653
3533
1515
2584
3721
3611
955
8770
1170
1304
1292
2907
5047
2886
1888
3304
2366
1729
5263
2083
1517
1852
2044
4629
2541
2055
1841
3673
2008
2748
1973
3800
1903
1354
1874
2237
1783
2379
1650
1302
1219
1911
1335
3663
1533
9640
2706
3070
3790
9991
3881
2268
1812
2405
1889
7626
2374
3838
1829
2630
1415
3198
1373
1323
1928
2242
1430
1366
3068
4154
4557
1852
1439
1576
2041
3708
8661
10145
2446
4640
2585
2750
3136
1221
1741
1921
1697
2045
1716
2059
8113
1878
1965
1873
1487
2899
5456
7389
1641
3686
3135
2435
3464
3972
3203
2793
1646
29980
1549
2348
1302
1538
2562
1700
1150
1752
1426
4296
1800
3347
3782
12815
7011
5067
3922
1791
1995
1988
2471
2197
1725
2670
1736
1785
2357
3766
1680
2512
1409
2087
1353
1417
1971
3685
3988
1375
1791
1537
2893
4693
3131
2330
2470
1851
1519
1571
1413
2262
1541
1509
1191
1260
1365
1678
1431
7376
3641
9268
1449
1488
2191
4707
3424
2063
1654
2728
2548
3460
3833
2997
1536
1918
1449
2870
2146
4401
1508
1783
1677
2769
1333
6853
2711
17876
2271
8387
8239
14068
4409
7023
3313
2442
1397
3074
1929
1591
2306
5897
4389
6097
2216
1880
1254
21118
16953
2726
2309
4525
3051
5637
12298
5070
6670
4869
1401
1478
2688
4569
1476
3271
1395
1835
2738
1665
1624
2109
1196
2125
3565
3840
2115
4207
1689
6432
3124
5460
3073
4459
2170
1167
1210
1640
1755
2984
1941
1769
1332
2296
1915
1764
1667
3755
1704
4082
2235
3065
2091
1850
5125
1614
1734
3405
1337
2268
1550
1517
2034
3101
1796
5437
1388
1804
1528
1338
1661
4016
5829
14591
27241
2915
2575
2241
2985
2273
8569
2599
3733
1500
1443
2522
1714
1447
1384
2102
1497
2414
3536
13989
6148
11745
1843
10487
2719
5422
2315
6042
2570
3654
2976
4240
2729
1379
1328
1246
1555
11559
1353
5948
1590
2113
1618
1589
1510
3632
2221
5512
2317
5184
2610
5874
2783
2584
2303
2429
4511
4408
2903
1673
2013
1525
2206
2354
1936
6256
2588
2721
1962
17946
3384
10764
2343
4270
818
2102
4563
10612
2981
3831
2680
2082
2699
2062
1607
10754
4401
3285
1384
1976
1689
1872
2086
3067
5331
11800
4798
3798
3774
2129
3152
1707
2017
1831
1872
1422
7763
1764
1479
1499
1138
1520
10720
2016
4767
1210
2087
4447
1920
1812
4727
3283
1849
2950
3693
6312
1737
2439
1764
1415
2213
1613
1407
1947
1264
1935
4214
1617
1543
4705
1309
1062
6394
2457
1798
2206
3572
5228
1532
2776
2534
2054
7280
1646
7207
2096
1566
1681
1610
1606
2829
2663
1416
3012
2698
2466
5473
4229
3740
3152
5446
2164
2726
3796
4752
3345
4254
2955
1515
1947
1855
2032
1755
1705
2319
1350
6266
1412
1814
7627
4999
5284
5318
3444
3499
3307
1930
2403
3709
2535
5691
1924
1286
1674
1162
2082
1325
1904
2488
1378
3264
2146
1667
2966
26364
4153
2599
3602
6416
8529
2880
9987
3037
4849
1475
1658
1952
2829
4295
3135
1673
2463
1443
3848
2411
5944
3012
1219
1484
9685
2477
3108
3262
2075
1714
4758
2585
6217
5298
1542
3094
1890
6210
2368
1558
2941
1997
1356
2394
2975
3113
4626
1967
1911
5497
4183
2617
3516
1934
3914
2340
4092
6751
1270
1379
1591
1829
2554
1560
2093
2436
4446
2641
2735
3007
2516
1590
2501
2753
3440
3328
6294
3883
5133
2303
2994
3766
6475
1775
1606
3015
2146
1683
5572
1731
8184
2338
11591
10994
3115
1973
4486
5174
4073
5010
6396
2938
4176
15768
22740
1865
1797
1775
2516
1614
2066
2120
3553
2394
1881
1645
1794
1381
1133
3919
4166
6432
2928
1657
4079
4142
2944
3867
4473
2418
2014
1464
2783
2206
1318
1293
2259
2128
1393
1780
1773
1909
3680
3151
1906
4487
3726
4376
2498
2340
8753
2541
3662
6925
1619
1513
2470
4311
3284
1553
1314
1158
1539
1274
1835
1492
13627
1660
4776
828
2500
2053
3896
2521
11711
1579
11632
2271
4579
2828
1343
5098
2322
5027
1782
1649
2570
1628
2679
1550
4978
2187
2098
3408
5106
1938
4706
1330
1751
1575
9756
2048
1900
1482
1566
1248
1269
3180
2104
1442
3108
8446
3484
1705
1135
1800
3834
8057
5228
2179
4770
2664
10010
1928
11832
6182
2493
1826
5634
1486
6118
1926
4394
1329
1198
2324
1845
1365
3692
4228
5083
1589
11952
2813
20179
1736
6212
6630
14192
2534
2205
1857
2613
1680
3100
5539
3790
1289
3629
1458
1371
1577
1946
2154
4721
1841
18502
6944
3154
4454
2750
3166
4184
3647
2448
2188
1860
1396
1534
1942
1976
2036
1868
1359
1162
1750
1598
4276
3492
3070
4379
4110
1760
3126
4937
2732
2828
5668
6234
6186
2745
1504
3630
1337
1955
1635
3183
3420
9822
4030
1281
2781
2803
2789
3845
12261
9106
2084
1192
2861
1558
5829
1996
2137
1767
1229
1350
1376
1643
1886
1483
1590
1351
1194
1745
3592
2858
6653
10270
3791
4002
3626
1706
2883
10364
1991
2033
2783
1800
1570
1483
1433
1546
2099
2416
1875
2472
3576
3682
2674
4738
2565
2488
6563
4887
6343
17258
8512
1690
2255
1696
1889
2501
1548
1381
2258
7885
2047
1858
1454
1386
2382
13357
1993
2217
1687
9982
1796
2666
3950
5258
3751
5516
2279
4610
1485
13463
1936
3229
2706
3330
1527
2843
2025
2700
1505
1176
3764
4847
2307
2792
1888
3697
13211
15326
2428
4067
4759
1862
1361
1700
1386
1739
1903
2658
5181
1770
2401
1899
2190
2765
3874
7546
2896
2762
3196
1838
3034
6084
4736
3620
1712
2825
1520
3357
4241
1502
5911
9810
1854
1393
1510
2356
1399
5396
5432
3315
3497
3931
6129
2234
2858
1595
2290
4918
4406
1493
1461
1968
2410
1556
1878
10647
1440
5365
1508
3579
1212
1972
1994
15670
2340
1636
3866
1731
3592
2051
7941
5715
3790
1576
2387
1780
1297
1382
1411
1250
1707
1206
1548
2134
1585
1309
2668
2932
4361
3404
2281
2715
3909
6355
6061
15197
1978
4194
2464
2349
1766
3171
2091
4331
2314
1501
2360
3202
4273
1610
3028
4352
3293
1908
2323
2962
10234
5130
2580
2582
3235
2019
2269
2116
1793
3594
1867
5587
4604
1470
3773
2937
2996
25760
2684
2274
2812
1469
2449
2337
1741
1872
1838
3121
1297
2110
1196
1776
1671
1634
2029
3153
2228
3128
1471
2544
2709
3023
2078
1653
2697
4738
5785
1688
2708
5654
18287
2987
24791
1961
1242
4114
1840
1643
2396
1631
2077
1835
2314
2275
1632
1265
2641
2493
1464
2208
1454
1599
3562
1939
3029
3024
4953
1750
1325
1820
2362
2280
1574
1923
1875
2966
2138
1269
1342
2390
2409
1874
2309
1715
2164
1647
3000
1950
9075
5359
8167
1093
1408
2017
1436
6528
1432
1329
1220
6480
1440
1242
1210
1710
9079
5201
2197
2756
1825
2952
1924
1616
1773
1848
2366
1615
1184
1314
1373
2418
2329
1490
3803
2227
1275
3836
1547
8066
6623
2589
4276
6691
3597
2699
7772
12483
1298
8370
1365
3448
3157
2988
2273
2562
2286
6183
2473
2646
1545
5398
5171
1179
2858
3820
7351
3202
2191
5055
1938
1586
1396
1156
3431
1858
2347
4019
2927
1738
1643
1377
1650
1631
4960
2406
1568
3840
1839
4083
2332
1931
1718
3227
2558
6001
2872
3038
9349
4605
1519
1887
2466
2325
1323
4016
2865
1929
1333
1776
1837
1568
1751
1590
1954
2160
2031
8365
4617
2817
1511
16642
2008
1348
1536
2295
1445
4145
2854
2794
1509
1544
2041
1998
1960
3097
5015
2610
2230
7648
1752
1564
2046
2986
9191
2523
2141
1909
5047
2188
1503
1565
1504
2149
1876
4356
5786
1406
1599
1176
1696
2387
3456
1904
1781
1764
1594
2008
2681
2459
2893
1927
1469
7472
3847
1969
1352
1656
2370
2298
1712
3484
3091
4164
2280
4919
4350
3312
2700
2444
2594
1982
2262
2271
3639
1393
1272
6826
1353
2434
1517
2427
1430
1748
1609
1451
2337
21321
2696
8611
2012
16327
1618
1518
4981
2698
1662
2045
2001
7710
2114
4016
3770
1394
1825
2145
1888
11943
1852
2693
2123
2911
3597
8092
2692
4731
9333
5122
2921
2623
4684
4984
1808
2554
2531
1323
1987
3491
2872
1988
1932
3559
2967
3305
1682
1304
2191
2813
2517
10814
1664
1450
1515
2493
2842
4931
2194
1840
1743
3988
2058
1770
4201
3361
1675
1762
3504
3645
1125
5290
2048
1629
9217
2251
5893
3452
3498
3446
2787
3481
3836
1677
3098
1544
1881
3133
1549
7831
2284
2227
5317
2434
1160
4479
2509
4247
1589
3805
2501
4796
2967
3563
1694
2601
2320
2212
3112
2458
2178
3771
5304
1600
1376
1759
2458
1669
1435
10163
4574
3655
1678
8928
4367
15585
3995
1688
3271
11543
1860
3033
1672
1382
1416
1347
2892
1604
1523
1350
1697
1348
1320
1266
1727
1236
8212
1663
3151
1899
2610
2719
2781
3114
2118
2098
1701
1345
4498
2700
1390
1946
1973
3185
1855
3042
1534
3550
1944
2569
3547
1484
4761
3399
4154
2064
2253
12962
11980
2042
5365
5586
2915
6826
1744
2683
1652
4263
2569
1568
1970
2746
1550
1470
4050
2816
2030
1758
2463
2502
1832
7028
1635
1465
1872
6231
4960
2144
1427
5121
2318
2797
1166
9764
2664
1990
1707
3506
2335
1736
3857
2261
1860
1767
2588
1908
1680
1863
1646
2790
1981
1821
2277
1980
1497
2042
2581
3428
1244
1356
1601
1790
2342
1646
3809
3308
2804
3606
2091
2211
20284
1681
1580
1221
2051
5773
1662
2757
2134
5227
1652
1254
1437
4074
2555
5596
2741
3014
2477
1450
2260
2155
2247
2039
2757
3575
1285
1482
1985
4220
1367
1485
1519
1411
1377
1391
1221
8559
2660
1962
3100
2024
1465
2227
2187
3540
3393
4376
10684
1802
1246
3167
2229
1717
1119
2643
5518
1382
2251
1356
1555
2329
5310
2237
3460
2172
3109
2463
2032
2030
2823
1680
1947
2004
1272
1786
1190
2280
1451
1274
1612
1407
1511
2645
1173
1244
2194
2763
2587
3019
2259
3628
2184
3412
2507
5890
1791
3350
4943
2974
4110
3196
1503
6177
1592
4627
14827
5322
3904
2389
5523
3860
3998
2402
7429
5209
1778
5452
4183
11598
2355
2582
1883
1697
1749
1604
2096
2964
1527
3125
2801
4443
1801
4562
2562
4974
2035
8517
2931
2602
2315
2329
4658
14420
2774
1508
1654
1937
2552
2392
1556
1686
1220
1912
1525
3914
1092
1439
6582
13370
2355
2100
1760
1796
9208
14237
1649
1903
2264
2320
1683
4019
2336
3261
1349
3089
1359
2419
2835
2045
3550
1244
3492
3791
2047
2598
1814
3727
3204
6134
2146
3150
4538
1702
1494
4925
1528
3999
1384
4217
1280
2430
1990
1889
1821
1320
2582
5061
2358
2984
1563
2489
2545
3482
3166
1922
2890
1527
1299
6071
1782
3043
1637
1494
2547
1709
2253
2066
1734
3650
2283
3424
5771
1769
3207
2222
2649
2296
4832
3106
2527
2309
1620
2871
1497
17485
2163
6207
1236
2086
1276
2102
1374
4596
1544
6089
1581
1815
2550
5213
1812
3062
5255
5410
3275
2839
5005
5412
1649
2645
1304
1448
1789
1942
1306
1810
1175
1171
2518
4229
1599
2280
3840
2294
3622
10489
1734
3572
5829
5275
2282
3106
1514
2898
1474
4322
2374
4070
2166
1881
2559
10851
2476
3857
2802
4693
6641
2037
3916
2842
1786
3088
1528
2213
2608
1804
1487
6586
3096
2429
6025
3201
2305
6521
1682
2784
1681
3458
3684
2454
3113
3494
1714
1905
1822
2159
3410
18742
1425
2102
2077
3789
1753
4250
1510
3504
1324
1787
2483
2448
2400
3211
3527
2042
1525
3544
2553
2761
1640
3228
1274
2273
1265
1722
1433
1978
1342
4674
1246
2581
1442
2499
2226
1223
2054
2993
2470
2446
2780
4088
2773
1875
2271
4692
2240
2698
1734
2133
1347
1608
2260
1712
1321
2386
1437
3067
2321
1624
1975
4552
3587
1804
6945
5955
2126
1676
3309
1326
3354
2639
1313
1554
1844
1594
1706
3646
1504
2380
1383
1345
1252
8136
3589
3863
1272
4296
2022
2708
6671
6386
3449
2128
1306
3519
3378
4762
3920
1947
1957
2560
1575
3321
2120
3822
1600
4014
1511
1944
1857
3557
3790
3656
1603
2664
1578
1869
1447
2077
2153
5142
1868
4381
1827
3378
4152
3576
1514
2897
1539
4633
2084
2210
2369
7422
2649
3092
1621
4039
2079
2134
1903
1859
1641
2616
1494
4125
2115
2050
1853
3268
1646
2526
1711
1939
2153
2239
2417
2485
2068
3133
3477
2446
3139
5725
2205
2127
1405
3006
1918
2845
2886
2063
1912
2093
2697
1582
1338
1791
2158
5858
2374
1994
1872
3550
1342
1432
2426
2400
1682
1625
1199
2255
2294
2583
1316
1302
1640
1135
1206
1700
1276
2430
1604
3199
2672
2369
2865
2000
2269
2678
3871
1573
1680
2074
1681
2227
1515
2306
1371
1362
3937
1635
1581
2065
1261
1185
2690
2097
2964
1377
2537
11738
6512
6712
3117
4342
2970
5899
1370
1703
1194
2288
4582
2138
1992
2222
1431
2055
1980
3041
4176
2016
1635
2554
2253
3053
1426
5072
2759
4850
1513
1930
2484
1667
1620
2380
1407
1789
4020
4212
2417
2571
1424
2422
2996
6490
2003
3197
2592
6765
2074
3315
2471
4037
2436
2440
1605
5375
2773
2175
1605
2194
2416
2291
1681
2014
2626
2298
2681
9733
4059
4810
4078
6329
2370
3554
3060
16423
1552
1848
1934
8001
6775
4615
4142
14767
1713
2575
1290
2330
2318
2644
2246
2614
1991
4419
3343
4857
2403
2166
1911
8196
2546
1800
2714
5833
1278
1395
1872
2258
1457
1615
1295
3714
2128
2321
1400
2776
3012
2180
2963
1926
2823
3370
1848
2696
2180
1334
3033
3071
5105
2303
2182
7534
1219
1185
1610
1129
1113
1038
2474
1422
2250
1993
2199
2343
2897
2523
6063
3934
1648
1447
1662
1836
1336
4958
1953
1572
1295
2896
2114
4689
1478
2665
3337
1789
2072
1842
16179
3820
1697
1888
2304
1603
1909
1555
2607
6910
1360
2009
1872
2508
2076
4885
1623
1971
1629
1233
2401
3694
1559
2849
2272
2126
1957
3384
4206
4214
3027
2169
1831
3674
5567
2246
3936
8606
4485
1884
1861
3279
2480
4786
1885
1860
2118
4616
4352
4782
1874
4066
2157
3390
3092
1924
2666
6524
6123
4042
2399
4843
1761
3048
1844
2457
1524
4338
2304
3413
4492
4118
2076
2471
2261
2973
2280
2254
1801
2316
3480
8524
2303
3868
1250
30590
2081
2202
2414
2682
1271
2004
1956
2134
1403
3175
2465
3493
2248
3129
1927
2081
2550
1446
1621
3816
1422
3445
7259
1995
2610
2204
2573
1564
1651
1167
2077
1451
4173
3075
2570
3131
1463
4553
2878
1802
3998
2288
1793
1599
2289
3981
1530
2462
1542
2658
1731
2212
1769
1617
3322
5410
2636
3059
2773
3147
2365
3249
2068
2686
2188
11912
1356
1749
1284
3358
1269
5002
3677
1505
1819
1696
1435
1911
3416
1594
2113
5353
3364
2563
6243
12146
2646
1899
1764
1808
1339
1359
1389
3630
2348
10057
2199
2971
1465
1862
1650
2126
8383
3178
2070
2536
2461
12491
3372
1976
1465
4174
1592
2818
2268
5549
2432
11212
1445
4605
1911
4471
1657
2358
1266
3534
3191
5251
1763
1294
2552
1896
2467
2247
2052
2472
1465
2933
2928
2988
2054
5908
1486
4439
2481
2688
3931
3551
3437
2551
1821
1485
1813
2279
4452
1617
1449
2516
1995
3048
2263
4372
2364
5226
2086
2353
1600
2558
1872
2530
1736
1817
5417
3525
1912
2997
3930
2847
1747
2578
3188
3618
1510
1731
1686
2404
2545
4700
1257
3561
4417
5155
1732
6810
1365
2103
4026
6834
1740
4318
1945
1341
1428
2959
6040
1549
1828
3306
1854
3645
1182
4329
1777
3656
3842
3318
2033
2873
3248
7895
1324
1977
2582
4708
2756
6396
2363
3830
2969
2171
1847
4048
2537
2762
2131
1775
1677
2557
1302
2198
1679
1973
1489
3120
2142
1813
2123
2578
3832
4519
2630
1877
1513
1298
2543
1604
4547
3479
1495
2231
1876
21327
2394
1784
1665
1337
1419
1779
2376
8565
8669
6149
6749
2310
1472
10016
5305
1669
1516
1609
3210
4659
1888
3882
1840
9924
1813
2280
1655
2911
2598
6427
3042
6193
3000
1788
2496
1378
1827
2989
4635
7526
1769
5118
3292
3564
1382
3752
1525
13789
1652
2884
2110
2602
1348
1836
1430
3624
4047
3396
1596
2639
1446
2720
2790
2641
2116
4051
2411
13106
1709
3958
1615
2477
1344
3656
1720
1903
4036
3051
1922
2050
6042
1382
3151
4008
1597
1889
1800
1914
1835
4785
1976
2346
1763
2494
1932
2395
1413
21572
2421
1896
2141
7504
1565
2654
2362
2334
3371
6107
4868
8149
3514
3061
3013
5072
1938
3321
1812
3472
2042
2614
1370
1522
1392
3254
3159
17849
2005
1811
1947
4701
2702
1792
1905
2128
2360
2368
3210
3583
1656
2118
1296
1950
1377
2121
1705
2502
2353
1555
1242
1677
4141
2285
2223
8980
5756
1910
3354
3515
3536
4402
2867
5558
3995
2057
2777
4926
6510
2697
2101
2231
1595
1850
3613
5529
1638
10720
2105
4843
3219
1887
1696
1657
2754
2783
2209
3224
1969
5095
2310
6642
2008
2675
2902
4020
1875
5724
4438
3566
5627
4255
4530
6103
1882
1562
2536
7756
1464
2820
1620
7659
2032
3706
3300
2629
3901
4128
3933
6314
2152
3278
3225
6696
3872
2807
2721
2639
3095
1611
1319
5063
2139
1931
2026
5904
2443
3225
3317
4180
2592
11420
3033
3674
2013
7280
3004
6787
1105
1229
5075
2069
2554
5705
2390
3429
2818
2922
3659
5634
1849
20362
1492
2581
2647
2950
1882
4402
2965
2814
2651
3831
1866
1486
1507
2254
1645
1719
2217
3565
2567
7086
2438
14755
1887
1821
3764
2990
1759
2163
1434
5655
3298
1943
1737
2285
2510
4720
4434
5389
1560
1642
2540
2422
2558
7480
5241
2504
2730
3760
4300
1654
3081
5649
2620
2186
3592
3525
1856
2119
2822
1958
2254
2760
4990
1839
2690
3302
3075
2409
3386
1752
3205
2144
3229
1835
1810
3441
1853
5551
3976
3259
1703
2859
2591
1237
2017
3104
2603
3358
1603
3239
1812
6569
1857
3842
5785
4426
1453
10637
1980
5167
2209
3045
2204
5489
3357
5287
1457
2100
1966
3040
3451
2002
2035
1823
3996
5302
7313
7064
2553
2390
1909
2505
19545
5714
2337
5872
2496
3635
3512
4851
2476
2535
2259
1637
1363
4246
1840
2207
1966
4490
2488
3729
2437
2915
5570
7031
1750
2663
1988
3632
3067
3664
2163
2729
2990
2313
2214
6180
1827
4061
1691
1798
1760
3334
1413
2933
3776
7005
1925
4982
1832
6104
2392
6442
4145
7400
2066
1918
1910
1196
1659
2172
1609
1946
2184
3627
1726
7228
2425
2262
6556
6164
7338
10704
1384
2283
4022
2678
2934
2659
2217
5401
2034
2558
1663
7438
2862
8017
2231
1599
2265
3292
2067
2577
2948
7368
1454
2416
1461
2013
1564
2673
2085
4470
1980
3377
3991
2684
1669
3244
2517
1873
2800
3409
2423
3241
2252
2148
1482
2175
986
1165
1261
1198
2308
3293
5420
