4835
6201
2186
2110
1991
7774
5570
6807
2235
2264
2164
2106
5304
9173
1285
2092
6881
11813
8868
2911
3821
2160
2313
3538
3199
2432
2463
2790
3384
2527
2212
2965
3024
3714
2267
2928
3196
2991
1855
2169
2131
6518
1832
3365
4211
3317
1488
1967
5726
10706
2601
2096
5967
3562
2457
3269
2247
2878
4005
2745
2580
2229
1912
5484
2679
5401
12304
2892
3791
2051
2888
2132
2374
3004
2046
7237
2569
3549
1832
2531
4335
3134
1453
1579
1668
2389
2498
2965
1938
2643
2877
3746
2299
4887
3232
2879
2120
2151
2878
1769
5508
1710
1667
2992
3116
2599
6629
15389
8509
2756
7945
12899
2076
2697
5002
2529
2071
2034
2414
2206
1913
2413
10049
1960
3369
1817
2543
1634
1941
4376
2795
2663
2040
2020
3957
2357
3473
8617
2078
3019
3173
2489
2183
2342
2205
2737
3478
2618
6040
2185
2306
1688
4395
2386
1507
2787
2182
3496
2342
2270
2148
2682
2126
2870
2149
3918
2019
2359
2804
3057
1926
7015
2475
3363
6049
3864
2031
1875
2137
12298
2108
1661
4245
3258
2159
4601
2725
2128
4405
2116
2236
2815
2855
2735
1211
1850
1212
3233
1151
6759
1196
2827
1219
3789
1278
4291
6292
8050
3827
8588
6757
3400
1987
3385
3191
3993
2809
4673
1232
4847
1183
12156
1237
2591
1201
3477
1269
10510
1263
2994
2690
7049
6485
8191
2241
12422
12708
2253
2521
3576
5634
5543
1409
1659
1218
1551
1222
4055
1190
5041
1197
2320
1261
2722
2790
8285
4733
4338
5776
2946
4153
2705
2376
5486
1903
3247
1249
2695
1274
3413
1228
2579
1241
2498
1273
2903
1676
4151
5611
2177
4152
2645
2533
3429
2028
2163
2320
2061
2001
2608
2985
6557
2993
2990
2420
4189
9822
1943
1276
1892
1255
1918
3997
5020
2986
3631
2970
2192
3780
2234
2330
3075
1866
2144
1375
5563
3068
1785
1214
2966
1206
3106
1250
2120
1457
1879
2081
4751
2211
2229
1898
2410
3004
1847
2506
3746
1931
3532
1305
7166
1311
2567
1244
4575
1217
2019
1244
6063
1295
2668
2212
2245
4356
4914
2209
2496
2700
1997
2146
2274
3228
5586
1230
3059
1187
4518
1168
2097
1174
7046
1248
6574
1253
2623
2593
7493
2468
3349
1964
2956
2514
2645
3939
2284
1799
2313
1254
2088
1278
4121
1288
1441
1216
1498
1246
1629
1235
4097
2070
5788
2974
2261
2216
2788
4372
3397
5658
2160
5618
2439
1279
1747
1218
1859
1220
2393
1232
1876
1244
2051
1190
2217
2685
2812
2317
2595
3504
2508
2497
2058
3522
2401
2498
2550
1214
2064
1236
1895
1152
5659
1240
7258
3079
2520
2468
3560
2265
1947
6009
4305
2062
3480
2949
2720
2208
3357
1904
3379
2755
2253
2627
4515
2214
4201
4666
1752
2659
2068
3070
2860
1699
2090
2852
2579
2402
2531
1972
2120
1944
1942
1861
2051
1209
3310
2807
1971
2799
2374
2135
3572
6063
3015
3211
2506
2171
2576
2706
1862
1645
2097
2505
2136
1827
2367
1790
1901
6632
4124
1908
2680
3323
3337
5128
6716
6046
2254
4232
4283
1882
2090
3602
2174
3027
6414
1939
3171
2181
2327
1829
3969
2105
1904
1905
2248
1754
2434
1988
3277
5380
3635
2489
1792
1593
2348
1607
5007
2593
17293
6004
9574
1884
2026
1850
3388
1675
3430
4463
2399
2835
6014
4054
6187
3697
9932
1957
2991
2052
6051
6653
4935
3966
9269
2590
3694
1806
2982
2880
4019
1396
2442
5321
2735
4454
1941
3069
3120
3492
2656
1815
2087
2099
1765
4918
1991
2041
3167
2288
1710
4504
1642
1525
1713
2438
2348
2022
2485
3735
3614
1481
1751
2663
3714
4250
1713
2079
2213
2337
3892
6215
2202
4139
2754
2574
5704
2692
17373
21173
2057
1506
2921
1652
2537
1844
2042
1865
2636
1788
1861
1826
2822
1901
2113
3942
2536
2107
2596
2813
3760
3976
7866
1892
2270
3069
3145
1806
4296
1336
1998
2978
2030
1745
2391
2241
2131
1680
1693
1878
2040
2157
4202
1663
2120
2411
1877
1287
2355
1822
1579
1647
1860
1585
1948
1802
2638
2104
2788
2409
2886
2330
2567
2575
1932
2003
2941
2107
1991
2518
3084
2624
7368
1316
2174
2619
6108
3050
2215
4161
2571
3194
2696
1863
3855
2048
3364
1473
2556
1702
2716
1699
2129
2105
2405
1723
3640
1874
7096
1631
3234
2089
2530
2063
2254
1532
2087
2200
2800
3160
2638
2227
3719
3193
2220
1693
2479
2519
3183
4411
1851
12285
4903
2513
4185
2593
1756
2670
2378
3373
3975
8784
2434
5433
2149
4935
3557
10547
3634
13373
5826
2399
2675
1304
2731
2178
3692
2250
3165
1933
1893
2221
2983
2590
3314
3157
3004
3139
2087
2132
2088
2348
3781
5931
3080
5383
2227
3222
3287
1856
3694
1915
5793
2723
2198
3559
2075
2595
4867
2401
2115
2130
3282
4115
4104
2487
2270
5571
2538
3436
2396
2027
4664
2700
2162
4822
4694
1610
5973
5823
4120
4558
4774
4119
2799
2568
2384
1929
2795
2465
2241
1970
3249
2261
5310
2389
3353
3098
1934
1794
2278
2106
1770
2977
2361
2155
2561
2373
3541
2136
3582
2066
2861
3105
2733
1923
2963
1828
2649
1282
3987
2834
3395
5828
2153
1796
2136
3833
4948
2604
2723
3141
3106
3525
5624
1994
2858
2376
2227
1890
4985
1810
3436
1984
8110
2097
3145
2614
2356
1959
4601
1961
2443
1502
3025
2792
3586
2345
6752
2258
2393
2041
3593
2841
2992
2637
4273
1914
1905
9016
6744
5036
1894
2174
1716
3204
1725
2415
3267
6749
1903
9974
5301
3493
1708
4970
1882
3352
4845
5538
1999
3180
5907
1624
2447
2482
2248
3016
3181
2549
2340
5227
1577
2434
2097
4340
1760
2095
1744
3335
3450
2420
5255
2135
2051
1319
1861
2885
3062
3121
4078
2501
3404
2523
2445
5752
7489
2154
2030
2671
3569
10467
2203
2419
2314
2015
2061
1718
2483
1602
2152
3080
2011
2202
2403
3555
7397
4906
3223
1883
2779
3986
3247
2237
2190
1813
5653
8608
2083
1795
2324
2130
3771
2283
5175
1804
1942
2026
5781
1733
5932
2837
3307
3835
2703
2045
2634
3481
3929
1900
4438
2366
3838
2003
2683
2263
2697
2445
3186
2105
1850
1728
3409
1793
3418
15386
2628
2343
2831
2890
10577
3088
2799
1764
4150
2250
2893
2312
3327
2963
2162
2019
4503
2629
2077
3543
5164
2667
7392
7648
2054
1794
29982
1946
2348
1883
3151
1886
4077
1943
8587
2612
3843
2262
2918
2432
1865
3576
3477
2278
2829
1962
2317
2702
7210
1985
2386
1973
1761
2887
1795
2079
1686
2251
2052
2477
2496
2761
1822
1765
2294
2834
1951
1635
1862
2210
2310
3357
2937
1819
1952
2333
2087
3325
6035
2651
1641
2495
13541
12111
2698
1876
2068
2755
2129
2167
2887
1889
1996
1481
7781
1604
1929
3818
3048
3300
1931
3367
3774
16069
8143
2477
6597
2677
2884
2017
2256
1997
3326
2584
2469
1844
2189
4472
3027
3917
11818
5990
2506
3212
2235
2884
3120
2828
2109
3236
3283
1888
2308
2002
2379
3483
2813
3537
2822
2513
1689
1737
1934
2897
2530
2630
2684
1783
3685
2249
2936
2287
3608
2248
2280
2092
4504
2443
6021
2376
2378
2354
2586
2840
4309
5849
2838
2041
3655
1447
2388
1942
6211
7586
11403
3641
3423
3269
3518
2601
5560
1892
8928
1641
1980
1680
6595
1844
2007
2098
3469
3309
2600
4284
8840
2015
2823
2193
3844
1907
2723
2292
4074
2120
4004
2582
5545
1505
1526
2003
1707
2723
2216
4717
3161
4281
3511
5414
3798
4024
2647
2444
2244
3806
2489
4911
2668
2004
2219
3452
2942
2106
2293
2195
2068
2176
2334
2402
2930
2059
3104
2785
6286
4422
2611
3076
2598
6816
3183
2425
2912
2202
2146
3348
2091
2736
1681
2415
1708
3115
2345
3655
3050
2258
2002
3227
1912
2361
2270
3685
1862
2089
1758
2006
1858
2299
3858
2964
3852
2671
1990
1957
2220
3091
3364
1827
2374
2018
2669
2795
3204
5355
7226
1676
3868
3440
3010
2389
2860
2783
3912
2049
8077
1392
1774
2658
2599
3216
3302
1729
1984
1967
2715
1965
2904
7453
2265
2385
2503
1607
3168
2139
5263
1983
2938
2115
9500
2124
3189
6818
6878
5155
2402
3728
15841
1982
2649
4066
3963
1797
5784
1868
2772
2533
3057
2983
5950
2154
5346
2051
2820
1644
2295
1835
3122
3319
2049
2043
2200
1694
3431
2175
3597
1681
2766
1944
8430
4886
2264
1911
4901
2440
7083
2450
5487
3621
3711
2335
3091
3164
1866
7861
5441
2988
2772
3302
1816
3826
1761
2041
2084
2410
2327
2484
2004
2231
4901
2266
2180
1643
1600
5584
2871
3125
2661
2669
3984
3790
1694
2252
2096
2470
3912
4237
2237
3548
2360
3278
2253
2668
3627
2189
3395
3606
2651
3172
3109
2203
2776
2182
3052
2330
3896
1970
2905
3513
2789
1892
1913
3982
2852
3395
1915
2983
2302
3171
6562
1986
2062
3346
2335
5347
1852
2037
3238
1472
2647
2413
1951
3211
3872
2641
6039
2823
2348
4601
4173
1759
3294
1925
2854
2468
2251
1972
1714
2208
2853
1703
6025
2810
2192
2482
2078
4557
2302
1730
2181
1914
2445
2058
2700
2555
2976
3262
5531
1659
2626
1949
1976
1786
2473
3297
2002
6910
1475
7601
3431
1965
2604
2151
2237
2555
2472
1785
2127
2683
4344
2038
5302
2535
1996
3549
3857
1450
1938
2782
2963
2084
5273
6695
2386
3344
3324
3746
2976
3565
5518
2208
3879
2652
2661
2597
5377
1742
2394
3061
3723
3258
1517
6612
2423
2749
2475
3282
2304
33985
1932
2501
2069
2188
7987
3467
2172
2665
1953
2403
3447
1611
1727
2340
2128
2754
9483
2870
3217
2206
3767
1976
4554
2447
3586
4178
2637
2501
3570
3140
2029
5468
1874
3971
2231
1621
1806
5842
3413
2133
3469
3438
2801
3469
2176
1386
3071
4324
3045
2744
2668
2240
2731
5372
2702
2484
1889
1967
2018
1981
7894
1316
3009
2265
2235
2323
3432
1967
2072
1826
1814
2081
1972
1764
4410
2279
3579
1736
2245
2203
3419
4787
5763
2112
12844
1689
10834
1797
2348
1787
1994
2582
2859
3243
1823
1690
2613
1894
4347
3565
4722
2422
2911
1763
2693
1936
2538
1938
6076
2003
2577
2761
2376
3916
3606
1663
1814
1525
2918
2142
3567
1886
12347
10428
2681
2784
2257
2040
2709
4978
4187
1416
2362
1640
3270
2293
2321
2816
1958
1581
5971
2629
5825
2105
3324
2510
4538
2386
2777
2141
4574
4462
4743
4825
4346
1611
4707
1698
8352
1945
1629
3039
2716
2757
3328
3568
2352
2185
2837
3032
5953
5886
2479
1781
2217
2608
1804
2639
3680
3475
11610
3310
2828
2134
2379
4433
1969
3336
2253
2347
1802
2239
6682
2381
1925
4586
3757
15123
7794
2503
2267
1818
2454
1679
2266
1513
2244
1611
1482
1765
4361
4633
14051
5171
2806
1850
5709
3515
2760
4429
3427
2485
3291
2694
3574
3724
5050
1663
1696
2170
2819
5350
2261
2453
2806
2334
2266
1906
1613
1748
1888
2075
2420
4363
7828
2619
2124
2448
2256
2444
3721
3324
9464
1744
6208
2775
2915
2200
3980
1654
1855
1872
2509
2486
3727
1954
2763
1791
2165
2229
2535
2340
4095
2081
2870
3484
2392
1685
2742
4154
8143
3605
4380
2046
4268
3189
1869
2069
2826
10356
4301
4527
5998
1757
2537
3304
17563
3337
3178
1542
2709
1882
2890
1855
2275
3053
2627
1636
1929
1589
2736
1717
13349
2724
4919
5174
4933
2406
4431
2290
3276
2186
5870
1450
1643
2091
2475
2128
1694
2788
2004
5253
3880
2414
3229
22362
1676
11192
2775
2895
2654
2942
2291
3445
2174
11002
2312
6442
2263
3487
3964
2178
2602
2342
2253
1808
2285
2115
2886
3272
1977
3281
2180
2314
3034
4461
2372
2079
2875
3930
7836
1538
1542
1740
2771
3970
5757
2550
2258
2060
2436
2090
2304
2321
3627
3263
2808
5209
4910
2338
2481
2450
2829
2576
23206
2951
1926
3597
1943
1706
1691
3004
1700
1546
1915
1836
1955
2474
2674
2181
3013
3514
3733
2150
1881
4076
4346
2873
2631
4240
2283
2245
1846
1823
1958
3140
2434
1504
1846
1906
2623
1815
2638
2135
3324
2368
3561
2000
2996
2201
2470
4132
7537
1721
5177
1996
2397
2074
2853
2338
4149
2513
4922
1706
2939
1942
2524
1774
2467
2966
6600
6471
9585
2156
2729
4789
4134
1871
2569
1854
3388
1517
3732
1857
8802
2132
5837
1346
3507
1902
3361
1809
3056
1949
3101
1865
6203
2250
3165
4006
3970
3391
2319
2294
1509
7589
1659
1687
1619
2072
2417
2000
1953
4612
2996
4019
2656
3432
2163
3011
2386
3488
3064
2489
1804
1624
1669
2396
1703
2062
1836
1510
1695
1905
2086
2506
4012
7234
5971
4646
9944
2207
1995
2671
2473
3652
4301
2462
2533
3789
1768
2356
2344
1786
3483
2585
3857
3200
2442
2237
1736
1980
2365
2419
3306
2013
1913
2980
3571
2748
3187
2031
2240
1714
1734
2271
3514
2373
1684
2312
2837
1951
2948
3342
1619
2304
3821
2667
2594
1801
2314
2419
2202
3453
8272
2268
2321
2589
1605
1801
1571
2084
7023
1606
3925
1639
2015
1375
1786
1787
3671
1587
1756
2107
4241
2083
2572
2818
2513
2566
11360
3136
2673
2112
1927
2135
2285
1734
1827
1838
2719
2892
3400
2361
3919
5016
3145
2009
2754
4509
4966
2009
3511
2147
6424
1941
3720
1766
1878
2900
2185
1555
2129
1475
2825
2870
2033
1902
4396
2115
5835
2093
3042
2272
5617
1798
4493
1864
5149
2962
1658
2203
3163
5417
2008
2646
2142
2566
1808
3280
1552
2460
3040
4185
2862
2611
2338
5915
2881
2671
2062
5387
2423
2651
2102
3784
1775
5322
9699
5760
1627
1956
3288
1938
2195
2558
3568
3554
2062
4296
4218
2086
3395
3223
2637
4848
1931
1912
2499
1527
1760
1449
2050
2039
2373
1826
2038
1838
2433
1820
5396
3835
2229
2903
2574
2335
5957
2805
2313
2711
2375
1608
8567
1602
2877
1603
2035
2281
5904
2609
2988
2051
1847
2312
15615
2890
2220
2590
10133
2987
9075
2483
4511
2423
3263
1954
2034
2522
1949
2269
1918
2418
3207
3072
4033
1718
1830
2014
4021
5025
2690
1751
3443
1979
2631
2552
4392
3511
2756
1406
3745
1487
4935
1709
7927
2336
2688
2065
6288
2015
1811
5225
3368
2297
37324
2594
5538
2009
2946
2266
4371
1929
3449
2091
3543
1482
7964
1810
2817
2412
4544
3537
2842
3209
1898
1702
10088
2416
3746
5879
5551
2240
4016
1780
3048
2211
2340
1923
1787
1863
1757
2606
1957
3683
1885
2747
2231
2532
4065
7450
2121
2775
6241
4017
2212
6949
9939
4495
2819
3655
2911
4021
5019
1833
1768
3261
2091
2253
2341
1964
2880
2037
2548
3435
2333
3145
2946
2722
3011
4798
4448
2318
2869
2453
2768
1699
2702
2004
2702
1760
1830
3753
2570
3081
7532
2135
2076
7087
1795
5376
1813
1739
1972
2141
2248
2106
3462
5608
3318
1437
3474
1746
2152
1610
1763
1754
1805
1652
1931
2545
1899
2598
2076
4275
1673
2446
2398
3538
9724
6252
1811
2212
5699
2031
1881
1587
1687
1548
1772
1595
6692
1631
5672
1596
1760
2270
1961
2272
2924
2004
2734
2235
2209
2025
3917
4298
5717
1509
2472
1421
2713
1358
3259
1397
2082
1490
2066
1419
3960
1845
3253
2271
2594
2038
4875
1961
4805
2822
4665
2197
2176
1503
3242
1476
2841
1537
3259
1486
11073
1425
2231
1338
2837
1804
3077
3215
4563
4770
2592
2096
4017
5793
4993
2543
3151
1540
2002
1536
2378
1472
2945
1443
2544
1472
2976
2100
2398
2926
2352
4446
2897
3254
2618
9450
2861
6481
2483
3113
2296
1808
2902
1638
2357
2293
2270
4522
2398
3621
1926
1920
1960
2682
3098
3413
3184
6675
3002
4522
2961
3434
3297
3139
3024
1484
2634
1598
3024
3348
2489
2456
2006
1708
2175
2060
2872
2345
5002
4753
3845
2166
3843
3094
3058
3623
2797
3182
2638
1565
1829
1603
2409
1564
1782
1544
2149
1591
2077
1607
1923
2314
1995
3654
5273
2621
3030
5934
6577
6238
8501
2448
2725
2166
2358
1851
1881
1592
4270
3382
2368
1676
1620
1735
1732
3223
2387
1955
2810
2276
2346
5489
3617
3065
8211
5862
2950
1888
6139
1468
1733
1621
2502
1883
2335
1709
1928
15242
2664
2231
2538
1821
11514
1918
2995
1955
3811
1819
3252
3779
3127
1649
1968
2325
3149
1693
5762
1479
3363
1985
2613
2037
5020
4084
4433
3163
12297
4400
5202
2331
5195
2377
8234
1745
9371
1591
2405
3884
2127
3494
2513
3610
5529
1538
2011
1766
1713
6509
2033
3780
2580
9952
3345
13320
2160
3022
1976
1887
2050
2408
4477
1698
1370
1874
2175
1857
1803
1532
3214
2005
1446
2577
2362
3209
1709
7823
3644
3958
2591
1923
3384
4024
2320
3157
2100
2611
1829
2106
2607
1687
1888
1470
2417
2434
2945
12481
1902
3049
3224
5363
2119
2348
6412
2853
5709
4756
2699
2114
1989
1512
2656
1986
1998
1587
1515
1846
2690
3462
2839
2646
7044
2298
2438
1895
3714
2459
2798
2413
3576
3027
2124
1542
2165
1554
1677
1794
1998
1490
2455
1701
2139
1636
3190
1870
2515
3244
12903
2533
5160
2991
7610
2010
2469
3644
3118
1509
2006
1686
1769
1503
1865
1627
1689
2408
3540
2227
9437
1697
3623
2152
2432
2895
2050
1607
5998
1689
4156
11092
3585
2112
1992
1351
1507
2426
3752
1776
2302
2001
2693
2868
2536
2071
2290
3733
3385
1819
2920
3443
5774
1755
2969
4613
4851
4273
1436
1982
1699
1732
1501
1608
4903
1995
1708
2908
2188
1889
1921
5258
7404
5723
2736
7646
3616
2877
7878
3164
2122
1581
2259
2416
2033
2427
1809
1958
2547
1647
1533
1883
1726
1831
2547
3225
2697
3487
2313
1861
1838
3231
1858
4462
2017
2832
1871
1751
2965
2995
2837
1444
1560
1586
1541
2032
1897
5194
2768
3814
2360
4145
2083
1941
3738
3181
2459
1854
5965
2653
2593
1461
1412
1313
1702
1753
5378
2245
1847
1667
2052
3289
6517
1701
2305
2548
3075
2483
2893
2685
16375
2211
5070
1685
1811
1571
3379
3174
1659
1751
3085
1544
2431
1718
2205
3316
2600
32355
3000
2996
3473
2187
6586
2289
2037
2306
3143
2178
1879
3232
2807
2917
3419
1935
2581
1491
1804
1486
2030
2943
3980
3419
3638
2773
8829
4376
6060
3195
5652
2826
3360
1452
1685
1805
2535
1380
1714
1432
2208
2073
2289
1575
2077
2801
5401
2367
5686
3255
7959
2361
3202
2261
6350
2369
4379
2694
2305
2974
1810
1259
1865
2026
1904
1332
1600
1678
1788
5931
6334
6161
2379
3432
2017
4976
3084
5944
2210
2902
2374
1487
1483
2822
1769
5403
1775
2374
5233
3120
2837
2190
2078
3678
2070
4978
3086
2192
5075
10390
7408
8556
3808
3033
1891
6498
11707
2366
1739
2718
2240
1949
5760
2252
3524
1731
1515
1729
4778
5963
2535
3859
2195
3472
5087
2485
2363
2782
1865
1322
2489
1613
1733
1523
1526
2204
2537
2351
2504
1693
1800
1898
1747
2376
3525
3892
3106
2276
2374
3003
3131
2311
2855
1554
1600
1653
1807
1735
1762
1312
3346
1493
1679
1933
1408
2813
3279
2116
5016
3755
4442
7747
3191
2471
2429
2100
4393
1957
3391
3019
22613
1533
1993
1465
2154
1651
4736
1490
2384
2390
3491
4245
5739
2350
3073
2773
4494
2819
10433
15552
24706
3553
1630
2708
2184
2580
1978
2316
2487
2105
2583
1916
2286
2006
2330
1858
4611
14479
5107
8456
4948
3071
5826
2723
7898
1945
1654
2317
1581
2159
1779
2558
1789
1580
1772
1586
2542
9304
4104
2936
2868
2582
3293
4441
3076
13450
4042
4756
2734
4883
2475
3275
2333
1875
1786
1714
3025
4448
1932
3131
1953
3358
4320
3271
2427
17519
7690
5305
2009
2873
2936
2870
3146
1472
2946
4619
2861
1633
2521
1452
2186
1405
1669
1478
2190
3022
18183
2488
2704
2172
1866
2498
19653
2773
10800
1911
4252
1884
1784
1341
1581
1371
1644
1345
2471
1795
1612
1387
1841
1893
4529
2169
2638
2557
2276
3192
9453
2310
3027
6390
3274
1461
6020
1489
1734
1504
2678
1795
1532
1615
2038
1946
4102
2235
8664
2875
3431
2335
4804
2244
7818
3565
2775
4068
6622
1753
3541
2015
2886
1580
3928
1570
2105
1717
3224
1759
3229
3909
3402
2665
5576
2677
6878
2560
8772
2012
21988
2021
4402
3154
3154
2988
4354
2295
2508
2230
2017
2032
2758
1857
3857
2662
4038
2617
3924
3195
5635
3500
8224
2065
15488
3220
5798
1970
19994
2193
1939
2034
3060
3489
2626
3531
2013
2140
1585
2381
2709
5362
5278
4385
2354
4111
2112
6662
3980
10469
5595
1750
1784
3535
4334
1653
2418
1665
1592
1849
2065
2092
3098
2513
5520
2606
9077
3737
2608
4530
3097
1974
4427
5093
5897
1767
1809
1619
3161
1602
2017
1502
1683
1646
1909
1501
5692
1880
2200
2388
3340
3794
3015
2893
5389
5845
5049
3613
5246
1420
1598
1425
2211
1467
2352
2280
2683
1614
1891
1583
2756
8590
3867
2223
7510
3969
3790
10604
3825
10197
6017
12218
32390
1447
1668
1790
3692
1624
3300
2092
2351
1834
9951
8610
1780
2556
3452
3737
3784
2928
6355
5056
5234
2836
4649
2574
2281
1517
2618
2888
3615
2031
1772
1780
2642
1870
2963
2320
2276
2837
3447
3867
8324
2090
2383
3225
8048
2424
4381
2563
8430
2268
2544
1869
3202
1901
3505
1682
2170
3255
2254
1897
4557
2534
4110
3505
29627
5084
5011
1974
2754
2381
3323
2890
3374
4480
2532
2813
1559
1802
2402
2032
1988
4905
1878
2997
2042
9064
4644
1824
7888
4133
7305
2722
2741
4256
2632
4668
2705
1847
1541
1648
2178
1889
1640
2655
1508
1447
1605
2299
1720
3174
2931
2129
2003
1988
8653
3818
2379
5979
14936
7276
4799
1337
1616
1546
6495
1648
2020
1699
1996
2463
1753
2315
4024
3988
2650
8994
2587
8522
4137
6504
2271
1749
4533
2747
2412
1408
2808
1602
1586
2307
2061
5870
1673
1615
4132
2294
2061
3164
3563
3518
3771
4551
13397
5807
2601
4947
2924
2090
2427
1359
2103
1604
1689
4031
4687
1764
3809
1738
2400
1647
2711
3378
6629
2788
3221
2296
4859
2864
6150
3193
2979
1884
2524
1586
2825
1578
2219
1684
2681
1493
2395
1933
2131
1698
3529
7484
26436
3816
4234
2586
4202
2732
2963
4591
26517
11904
21805
1770
2131
2101
2210
2304
7592
4219
2029
1451
2619
1542
4780
2922
6369
2708
3141
2045
3361
2517
6598
2210
3978
1982
2540
1400
2131
1884
4559
5894
2342
1870
2028
1567
1907
3575
1834
3610
4335
2995
2336
2777
2361
2440
3413
4226
3098
4012
5629
1971
1929
1898
1861
1980
3423
1812
3716
4254
4984
1374
2215
2370
3127
3863
2521
2339
3667
12659
3605
2578
2268
1992
4109
6822
1828
1586
1560
2914
2093
1534
2695
1762
2651
2561
2133
6858
2524
19677
3466
4857
5068
4747
2373
4110
3613
3843
2035
1308
2580
1786
2003
1677
1591
1754
7673
3883
1910
1710
3413
2813
2085
2537
2589
2568
3700
4058
6995
2701
6810
2839
2661
1585
3126
2176
2491
1478
2438
1622
2731
2026
3612
1855
1705
4792
3267
4225
6377
2219
20078
15296
2943
2242
4153
3809
4106
2061
3559
1791
2522
2208
4443
1764
2459
1604
2056
2092
2923
2369
4532
2805
3747
2515
6942
14020
3670
7080
3195
5611
2848
1640
1741
4751
1902
1735
2818
1644
2721
1766
5044
3510
2888
2503
16418
2757
2193
2133
2403
1844
3109
1774
2483
3104
6549
1492
2183
1754
2290
1863
2291
1759
2220
3021
3128
5175
1681
8053
3820
4039
2687
6355
3420
8055
3440
2355
4010
5726
8021
1681
2205
1972
2309
1498
1992
1757
5759
1938
2006
1724
2184
3222
3685
3383
3022
5240
3266
9236
8155
2157
6188
3813
5873
13070
2003
1485
2131
1538
1650
1539
1704
1343
1756
1668
1420
3021
2313
2539
2893
2301
4387
4663
4093
4685
3204
4568
4183
1778
1830
1537
2399
2063
3007
1546
2309
1941
13189
1879
15176
2924
2078
6178
2695
2357
3348
2216
4058
2593
3948
3410
3257
1658
2173
1754
1553
1853
1556
1723
3004
1933
2376
2043
3622
2795
2837
3156
2967
3562
2832
2642
2624
2980
3545
1952
2848
1910
2080
1677
1993
1592
1886
1662
2327
1886
5812
2717
5041
1678
3565
3053
6486
9218
3867
1899
3328
8131
3830
1916
3451
1756
5552
2287
2051
1647
1701
2139
1925
1501
1871
1734
2282
2476
3721
1962
5877
4280
20379
2218
18212
3679
3046
7079
6367
2809
3444
1956
2328
2002
2418
2071
4041
4836
1420
3514
1482
6087
4642
7607
3636
8158
4470
12616
3911
4869
2675
10084
9368
1404
2018
1742
4465
1991
1742
2001
1574
1365
1411
1287
2494
3153
3936
7225
4714
2737
3017
2632
4105
2517
9968
5188
3326
1684
1811
1581
1859
1515
1655
1716
2045
3104
2770
1601
5775
7199
2551
2890
4905
3235
2631
5283
7531
2773
2828
2239
3825
1327
1649
1606
1746
1541
1772
2165
3124
1597
1486
2871
1964
1753
3833
3298
2840
6133
8513
3527
3795
2235
4772
2770
6047
1684
3862
2067
2032
2143
1792
1455
1893
2150
8494
1885
2043
3031
18389
3338
3534
2409
2392
3679
5939
7160
8083
2201
4013
1563
1623
2201
2843
1544
1787
1563
1650
1543
2152
1735
2499
3221
4133
12854
11970
3190
4387
2328
11789
3463
6084
5641
18900
2301
1962
2153
3249
2615
2285
2161
2208
1479
2089
1523
3052
2280
2567
11322
3700
3994
5887
3556
4392
3190
6007
2096
14184
10602
1903
4256
1610
5181
1546
1571
2711
2481
1628
1548
1894
16580
3306
8409
5740
2015
2686
3349
3344
24627
2662
4306
3140
1674
2324
2754
2179
2595
5544
2379
1692
1655
3105
1937
1617
3381
3938
1784
2839
4171
5386
3265
3398
5412
6388
5227
2916
1369
1810
1732
2025
3184
1688
1420
1577
1838
2202
1819
1917
2796
3218
6280
3929
2682
8120
4830
4091
2633
9893
5880
2614
1872
1898
1571
7118
1456
4134
1872
3399
1889
2345
1599
3087
3409
5772
2228
4523
5238
2950
11403
6597
3420
15620
3432
2082
1895
2439
2047
1926
1804
4870
2443
2638
1859
1649
1598
2065
3588
11247
3862
7390
5953
20359
2709
3913
2690
9518
2530
4245
2673
3564
1672
1777
4493
3338
4325
3222
1523
2746
3087
1976
4088
4622
2204
4748
2014
16196
2571
5046
2173
6591
2075
3639
1579
1728
1699
7195
1688
2917
1750
2488
1750
2534
1828
2113
3459
7819
2056
24095
5230
3848
3341
10438
5715
7496
5600
7864
1773
1675
2514
2188
1564
2792
1839
3892
1935
1762
5093
6291
3416
8373
11300
5013
14607
3087
5082
2762
9078
4796
2625
3615
2309
1632
1484
3097
1958
1742
1450
4164
1626
1719
2126
1437
2244
3740
13059
10950
3303
2276
8743
5217
4421
2087
15646
5671
1463
1742
1542
1959
1465
2985
1655
1757
1611
1972
1681
1652
2871
3219
4199
3164
2954
3156
2405
3711
3090
6215
5133
2146
1564
1686
1722
2160
1560
3205
2087
2405
1797
2020
1558
15366
2546
3891
1720
3423
9732
4464
4804
6164
8099
5026
1817
2896
1676
2494
1918
1948
2283
2326
1860
2078
1651
2215
1811
2504
5996
2764
3591
6613
7327
3746
1948
4309
2188
3768
2189
2861
2474
2699
1442
2687
1438
1604
1487
2006
1608
2845
1744
7157
2970
3307
5308
7618
2818
2337
4787
25824
2112
9512
2826
4828
1648
4501
1523
2894
1524
2712
1669
6053
1617
2940
1566
1877
3316
2963
3040
3201
3844
4153
1895
6327
2445
4322
5219
2898
1447
1831
1801
2061
1929
1875
2215
1857
1805
2033
2632
1619
5190
6641
7658
7466
6120
2594
10390
2544
9236
24711
7775
6856
2149
3392
2012
2932
1568
4680
4278
1688
2254
2907
3808
2110
4084
3615
2266
3257
2563
2991
4119
2543
4137
6183
6181
3900
1991
2213
2221
1793
2933
2448
1579
2085
2193
4457
3707
3111
2062
2955
4114
5379
4160
3408
2464
2330
2881
3001
6506
1700
1508
5255
4696
2048
1835
1834
1577
6635
3521
1638
1819
2178
3212
3646
5544
5246
5028
2770
4696
3095
3692
4417
3291
9940
1560
3359
2455
1936
2058
1768
1821
4174
2178
4712
1727
3918
2578
3305
8274
3173
6381
3279
5668
3084
4544
7794
3393
6599
1559
2492
2261
2355
1605
3022
1522
2471
1791
1636
1619
2447
2480
3097
11508
5177
5596
6260
2351
9107
3640
14058
3707
4507
2214
2180
1900
5140
1516
2885
1619
2507
1581
4311
1812
2688
3911
6042
5302
5232
27122
8541
10236
3274
3043
4250
3473
4309
2688
1610
3641
1882
1632
2005
2718
1725
1905
3547
3292
2627
4553
8753
8061
2560
4447
2268
1984
3192
2653
1941
2830
2067
1483
2309
2438
1653
1663
3288
1862
2638
3317
1607
1901
3551
8859
4029
4726
2652
4694
2852
6760
4874
5972
4206
3351
3816
3489
2049
1773
2301
1988
5022
2334
2834
1838
1687
1616
1669
3859
6083
2664
2951
11183
7468
3812
9999
5322
5568
12058
4264
1727
1511
1662
3187
1588
2854
1792
2017
1628
1844
1573
4107
24286
2827
2960
4919
6308
4214
8426
3560
5887
3223
2913
7656
1602
2508
1637
2950
1564
1656
1779
2440
1854
1790
1658
1454
3666
2916
2694
3433
3499
3355
8405
2293
8117
3191
5489
5704
1509
2458
1660
2444
1645
2654
2874
2854
1382
2299
1973
2208
4767
4465
3826
3517
2611
6457
2770
4514
4847
5946
5598
5600
1589
2328
3482
3204
1656
5946
2360
2234
1482
3086
1421
3261
4559
3682
2467
6218
2311
5578
6948
5872
3500
4722
1981
5012
3434
2467
2042
1667
2586
2154
1732
5617
3047
2761
1774
1448
8782
6045
9029
6876
3122
3310
4152
2931
5053
3884
6958
2707
1979
1808
1896
1786
1788
3454
1884
1616
1622
1595
1582
1614
3104
4397
7555
2579
7251
3585
5355
7345
4203
2817
2651
2778
2209
1921
1586
2164
2313
1901
1707
1568
1756
1972
1414
1782
2567
3883
3106
3928
12086
4529
3301
4079
5083
3584
4158
3563
1448
2166
1476
2145
1494
1949
1573
3340
1894
2460
2808
2183
3237
2961
2745
5376
6236
8962
3280
5451
3685
7862
2537
3600
1476
2114
3376
2265
1468
1955
1981
1500
1471
2341
1499
1733
2320
2693
3905
4190
3989
3067
1834
3951
1694
2764
2835
3333
1483
1838
1652
2783
1629
2833
1823
2512
1834
3497
1465
1778
3576
5228
3435
3886
4305
3103
2158
12350
2826
5336
3679
3426
1497
2749
1682
3175
1518
2648
4052
6816
3798
3084
2255
3170
7460
5018
3196
4353
3104
15861
3607
7243
4141
4487
3381
7872
2401
3716
1860
1734
1816
1962
1936
1663
2225
2260
2297
1600
2514
2184
2373
2616
3495
2375
2750
6199
6866
4563
4548
2326
1673
2441
2951
1938
2012
2238
2602
1794
1959
2091
1809
2158
4106
3032
8179
4826
2820
3077
3328
4621
3522
3147
2388
5056
1450
2322
2570
3088
2205
3067
2065
1986
1537
2400
3398
1597
2574
3341
14098
12293
11680
8156
21827
3626
4995
2333
3490
5239
1573
2196
1549
1945
2177
3212
1728
2413
1479
1908
3422
2671
2867
7171
9511
2639
2818
4440
3968
3477
2599
3381
5638
6143
1441
1473
1577
2792
1627
2802
1593
2943
1747
1941
1542
1989
2112
11298
5225
14331
3939
7124
14439
2843
1857
4381
1712
2630
1297
2759
1450
2523
1440
2553
1628
2930
1568
6048
1840
1821
2348
3502
3020
3276
10144
6484
2527
3799
5565
3618
9649
4895
1612
3415
1713
2154
1548
14045
2158
1852
1728
2532
1533
2436
2804
10105
13868
4514
3355
6817
4914
11818
12880
4290
3506
4635
1578
1926
2328
1801
2058
2096
1962
1830
2022
2977
2024
2573
2875
3077
5819
8475
3286
7389
14969
7856
2702
3281
5308
4524
3023
1914
1978
2088
2227
3407
3809
1958
2980
2056
2869
2742
3080
5496
11533
12632
6217
5209
7975
3526
4801
3848
3726
3625
2341
2124
1676
3652
2605
2291
1590
2224
1669
2388
1823
1874
3607
5152
14420
5131
6290
2635
40842
4520
3742
5272
3853
2489
1502
2019
1484
1586
1591
2394
1715
2318
1638
1941
1540
2438
2320
3474
4664
3205
6066
15191
2815
6430
3884
7498
2493
4534
1387
2145
1335
2559
1624
2710
1789
1650
1903
3085
1481
4190
3903
5184
2448
8422
7446
3939
4280
4636
4761
5193
4187
5396
1444
4957
2042
2972
1796
3224
2649
2536
2471
2360
1662
2600
22216
3413
3148
3646
6494
2603
10776
12129
2059
7899
2985
5026
1950
3692
1511
2293
2699
3360
1835
6816
4786
2716
1565
2266
3067
4224
2795
4258
7509
9928
19123
9656
5709
4198
3615
5659
2733
5373
1999
1985
1949
2118
5722
2923
1609
1736
2157
2033
3848
3784
8936
4315
19135
2446
7831
3196
8168
2503
4035
2145
1850
2642
2036
1860
1550
2611
1700
2440
1524
2086
1554
1732
4837
4470
4902
4302
9297
3360
6913
5789
4304
8320
5625
6870
1546
1915
1673
1913
1557
4380
1628
1589
1907
2045
1527
2349
6648
6298
8320
4976
3559
3589
3808
4654
3792
4185
2625
10575
1837
2032
1646
3683
2025
1829
1705
3099
1740
1658
1491
1936
3317
7025
7226
2679
5638
12819
7689
4313
11384
3061
3674
15603
2159
1924
1692
3592
1376
1638
1714
6094
1641
2027
1490
2057
6904
2571
8250
5077
4854
11996
5094
6474
5260
12951
16727
3047
1521
3139
3485
3097
2737
3424
2164
3216
1952
2000
2169
2945
3827
7877
3183
4313
4466
2706
4315
4385
3761
4261
4462
5593
2113
2599
1730
4215
2288
3109
1838
1859
1470
2845
1466
5981
7225
4969
4287
4328
32515
9434
2708
4998
2350
3534
2959
5481
4767
6352
2319
4472
1973
1670
4731
4072
1467
1780
1582
3073
3923
3408
5967
2865
22224
3145
3028
3104
3414
4634
9998
5531
1955
2723
1447
2311
1590
2044
1898
4009
2775
2565
2418
3105
5440
2326
5734
3118
20802
2528
3953
3681
4119
2639
2784
2652
2511
3876
1948
2661
1884
1596
1589
2687
1730
2293
2972
2540
25503
4157
6206
3534
3774
2530
5979
4698
2851
9716
3107
4123
1422
5297
1516
3062
1852
1897
1654
2183
1440
2057
1999
2290
3325
3686
2937
4203
3684
2741
35799
5122
2534
4817
9114
4102
1809
2413
1588
3527
2046
5544
2866
3811
1583
3239
1902
2304
5908
4804
6297
7563
4031
3900
2504
3822
5790
10344
31925
7785
1487
2448
2306
3356
1478
2295
1549
2932
1712
4252
1828
2416
3841
2825
3604
2817
4021
4569
4741
5299
2731
3217
4462
12915
1851
2630
3918
7697
1671
3757
2569
4086
3503
3848
3424
5836
2651
6653
9976
13796
4013
6834
3350
4403
4880
6266
10531
4613
5289
1888
3228
2480
1623
1919
1635
2375
1942
2070
1850
2121
6673
4724
8129
2865
3332
5843
5191
3239
7892
7716
6239
14927
2649
3718
2685
1919
1561
2398
3084
1592
1738
1899
3330
2056
4900
6813
3529
6187
7250
6345
9491
3831
5223
6317
9611
9321
2216
2704
2162
3703
1342
1704
1975
2301
1676
2299
2882
2906
4088
5708
6503
4616
20913
6653
4852
5259
11263
8539
10297
2456
1436
5956
1634
2435
2604
2495
2079
2899
1763
3944
2627
2306
23992
2996
3048
6181
4300
3912
6948
8200
3436
4662
6468
3558
1593
1824
1535
1724
1568
2076
1992
2717
2783
2453
4485
2272
2945
10924
4831
5006
3574
3720
9480
6408
3094
4115
3712
6629
2102
5939
2484
1893
1569
3049
2014
2601
3296
5907
1819
3404
7872
11234
2939
8082
8793
5898
3879
7382
6972
3888
3699
5328
1761
2140
2016
5307
1617
3198
2196
3929
1876
4300
1976
4484
3482
6948
3240
4801
6939
5987
9927
9787
7366
5338
5141
9198
1582
2014
2748
2589
2243
1776
2203
1919
4307
1825
3046
6616
5820
2179
12581
3275
4676
3891
4313
3861
7587
6674
7744
2428
2267
1988
2093
3527
2041
2353
1846
3558
2390
6445
2742
2609
5064
4125
3812
22144
8410
4692
9063
5034
6444
8030
11953
7121
1743
2415
1600
1746
2675
2307
1759
2258
2419
3191
1969
2812
4827
13313
11927
3571
3903
4083
5918
8698
6008
5406
4222
5813
1617
2524
2473
2162
3380
2154
1444
2206
2238
1852
1950
4727
10257
4314
8678
4637
12327
6520
8285
9181
13287
5090
2659
5019
1506
2075
1554
2419
1466
2315
1849
2073
2731
2783
1666
8659
11835
21390
21142
3151
3809
8770
4822
7517
2453
7298
9100
4138
1603
2187
2846
3247
3761
2735
1618
2455
1722
2286
1578
4166
16700
3580
4758
3768
3884
4207
5368
6669
14995
4150
15354
8474
1853
2304
2129
2923
1676
3877
2440
3726
2455
3347
2421
2288
3330
2340
1911
2549
1761
7246
7035
12183
