1175
1128
1030
1149
1045
1198
1135
1108
1639
1772
1617
1725
1692
2136
1007
1232
1141
1221
1158
1230
1182
1170
1079
1203
1118
1154
1837
1787
1816
1481
1783
1452
1944
1574
1643
1780
1918
1905
1102
1213
1152
1281
995
1271
1126
1402
1049
1366
1258
1438
2005
1698
2086
1697
1744
1728
1722
1557
1862
1660
1832
1681
1214
1254
1169
1259
1253
1326
1999
1724
1913
1732
1752
1816
1140
1288
1122
1183
1128
1094
1124
1176
1094
1088
1129
1100
1672
1707
1543
1755
1694
1859
1634
1827
1636
1641
1748
1608
1160
1060
1232
1119
1091
1195
1125
1218
1295
1186
1353
1150
1817
1851
1428
1699
1536
1600
1649
1555
1613
1586
1547
1659
1168
1097
1133
1150
1170
1122
1118
1187
1121
1096
1104
986
1654
1597
1771
1882
1557
1733
1704
1570
1621
1618
1690
1722
1253
1186
1196
1212
1100
1101
1117
1072
995
1159
1057
1184
1668
1599
1650
1614
1700
1620
1600
1534
1599
1449
1694
1679
1167
1214
1219
1155
1231
1197
1186
1184
1198
1274
1135
1216
1819
1661
1633
1785
1857
1745
1903
1673
1746
1893
2117
1815
1037
1206
1025
1202
977
1246
1025
1344
1039
1354
1087
1394
1966
1913
1817
1912
1818
1795
1531
1557
1642
1615
1922
1764
1047
1253
996
1151
1050
1353
1049
1353
1079
1443
1078
1466
1898
1859
2022
1825
1804
1992
2240
1932
1831
1941
2008
1629
1137
1068
1054
1149
1033
1185
1018
1142
1023
1123
1118
1134
1555
1807
1494
1639
1574
1643
1668
1696
1502
1737
1462
1591
1086
1125
1115
1144
1026
1227
1030
1186
1118
1278
1107
1226
1702
1588
1585
1741
1525
1774
1510
1663
1540
1611
1619
1721
1062
1112
1101
1134
1166
1182
1166
1070
1127
1155
1065
1114
1846
1644
1776
1684
1805
1507
1665
1546
1480
1624
1460
1603
1111
1206
1085
1202
956
1178
1001
1134
980
1082
1087
1124
1586
1621
1515
1408
1570
1285
1632
1298
1653
1409
1537
1606
1098
1204
1087
1192
1059
1302
1061
1170
1036
1167
1111
1242
1643
1558
1750
1649
1748
1577
1762
1596
1776
1548
1889
1771
1013
1178
1026
1426
1017
1314
964
1448
1025
1506
1089
1449
1690
1848
1631
1885
1561
1815
1530
1595
1470
1667
1524
1743
1071
1131
1074
1220
1071
1234
1056
1290
1048
1310
1055
1380
1540
1875
1633
1853
1632
1910
1621
1927
1784
1852
1945
1651
1062
1153
1050
1230
1014
1132
1067
1090
1093
1091
1023
1150
1558
1564
1452
1552
1540
1667
1471
1571
1425
1559
1528
1625
1055
1096
1034
1267
969
1198
1046
1238
1175
1152
1245
1284
1757
1533
1454
1718
1458
1695
1532
1683
1513
1485
1425
1524
1161
1134
1183
1225
1135
1274
1157
1258
1160
1218
1183
1158
1357
1498
1502
1719
1420
1687
1406
1499
1395
1531
1412
1473
992
1310
1150
1182
1105
1176
1077
1206
1135
1194
1165
1198
1492
1460
1556
1404
1408
1432
1497
1480
1334
1475
1431
1424
1179
1234
1091
1202
1103
1272
1158
1274
1240
1134
1237
1320
1454
1414
1626
1519
1590
1624
1513
1628
1497
1601
1418
1574
1131
1199
1107
1310
1111
1403
1130
1426
1195
1451
1133
1324
1316
1527
1332
1745
1597
1857
1926
1556
1548
1535
1500
1567
1203
1233
1315
1202
1238
1492
1163
1515
1129
1672
1090
1562
1625
1857
1974
1846
1736
1873
1626
1879
1501
1780
1624
1727
1129
1336
1288
1421
1147
1276
1128
1319
1172
1311
1109
1196
1568
1336
1694
1445
1523
1465
1626
1360
1610
1345
1272
1391
1148
1214
1115
1248
1138
1244
1080
1106
1201
1236
1285
1202
1587
1395
1688
1502
2346
1607
1805
1581
1650
1632
1502
1607
1250
1248
1023
1193
1068
1300
1002
1286
1085
1376
1100
1188
1355
1507
1448
1567
1695
1523
1507
1505
1516
1597
1513
1664
1195
1286
1179
1378
1084
1196
1055
1186
1068
1261
1140
1300
1470
1489
1341
1338
1376
1453
1490
1494
1344
1472
1322
1391
1116
1158
1188
1174
1124
1244
1119
1222
1103
1222
1118
1238
1500
1432
1546
1470
1514
1489
1522
1607
1560
1484
1708
1538
1056
1302
1038
1280
1125
1478
1162
1416
1216
1498
1184
1537
1500
1584
1526
1615
1221
1626
1386
1473
1356
1516
1473
1537
1171
1250
1121
1324
1146
1364
1190
1349
1379
1426
1168
1362
1673
1659
1773
1704
1603
1794
1721
1817
1409
1928
1523
1972
1198
1386
1250
1846
1117
1332
1086
1140
1161
1328
1331
1278
4756
1496
1885
1412
2584
1513
1698
1520
1621
1596
1653
1493
1104
1266
1210
1185
1106
1166
1188
1222
1279
1270
1196
1257
1825
1493
1857
1465
1747
1519
1734
1591
2331
1455
2061
1477
1163
1289
1087
1192
1116
1428
1141
1340
1181
1378
1134
1294
1633
1466
1568
1626
1775
1701
1704
1541
1945
1589
1740
1657
1199
1280
1194
1361
1151
1320
1171
1384
1276
1300
1208
1324
1662
1663
1558
1600
1453
1671
1502
1537
1481
1627
1620
1654
1210
1254
1245
1394
1173
1325
1166
1271
1235
1227
1140
1309
1588
1696
1537
1567
1509
1655
1694
1725
1539
1698
1461
1508
1068
1301
1175
1344
1252
1396
1151
1438
1240
1466
1116
1462
1730
1762
1712
1737
1352
1654
1316
1552
1375
1669
1400
1541
1150
1248
1136
1216
1151
1306
1170
1364
1302
1388
1248
1476
1666
1651
1605
1725
1550
1835
1493
2112
1584
2019
1531
1995
1270
1270
1327
1197
1223
1114
1172
1113
1292
1176
1219
1248
1988
1400
1833
1455
1739
1427
1670
1537
1554
1572
1639
1393
1221
1368
1240
1284
1285
1261
1210
1260
1249
1228
1209
1152
1590
1362
1647
1321
1544
1444
1685
1508
1550
1453
1526
1401
1082
1258
1254
1222
1225
1335
1223
1319
1210
1397
1239
1275
1490
1299
1646
1654
1997
1550
1568
1552
1480
1557
1328
1599
1196
1312
1260
1296
1127
1256
1206
1370
1205
1354
1178
1398
1587
1611
1587
1509
1475
1738
1846
1592
1438
1689
1543
1693
1260
1342
1212
1262
1160
1358
1236
1278
1220
1252
1189
1356
1583
1624
1624
1708
1439
1697
1601
1709
1556
1762
1634
1716
1149
1384
1174
1330
1129
1453
1209
1593
1420
1490
1205
1531
1589
1964
1536
1796
1326
1752
1323
1579
1489
1661
1707
1527
1281
1260
1288
1212
1372
1426
1344
1552
1288
1444
1172
2106
1568
1607
1512
1769
1587
1939
1511
2160
1528
2213
1459
1756
1358
1148
1341
1240
1244
1203
1187
1302
1221
1231
1276
1304
1479
1394
1503
1373
1449
1392
1583
1387
1567
1471
1608
1361
1252
1192
1235
1254
1198
1240
1212
1283
1288
1276
1260
1283
1576
1363
1607
1430
1696
1408
1756
1595
1878
1403
1516
1397
1233
1182
1158
1324
1178
1238
1194
1432
1263
1335
1292
1224
1620
1381
1923
1606
1894
1566
1633
1584
1631
1607
1528
1538
1195
1276
1214
1314
1164
1176
1173
1325
1141
1356
1212
1327
1636
1508
1526
1589
1574
1643
1765
1873
1478
1699
1585
1736
1206
1368
1150
1444
1162
1346
1168
1332
1214
1294
1137
1272
1453
1738
1518
1667
1634
1666
1646
1652
1625
1785
1688
1810
1210
1298
1207
1376
1216
1447
1274
1498
1312
1503
1202
1529
1561
1768
1858
1976
1798
1771
1708
1688
1561
1685
1484
1759
1268
1206
1234
1359
1256
1386
1268
1426
1308
1456
1266
1889
1646
1648
1605
1790
1542
1855
1599
1885
1553
1917
1505
2008
1328
1096
1276
1128
1292
1226
1399
1250
1427
1282
1399
1364
1603
1453
1499
1407
1618
1436
1580
1514
1470
1491
1670
1376
1306
1264
1312
1288
1281
1280
1334
1262
1326
1281
1330
1467
1682
1479
1640
1459
1767
1409
1618
1540
1711
1409
1790
1380
1284
1199
1308
1175
1324
1271
1298
1410
1311
1356
1335
1177
1646
1387
1663
1430
1549
1383
1514
1452
1557
1471
1566
1545
1208
1244
1226
1351
1178
1256
1213
1328
1207
1284
1232
1346
1635
1583
1409
1626
1605
1717
1643
1798
1509
1804
1538
1901
1178
1292
1194
1376
1168
1345
1232
1276
1263
1311
1421
1296
1772
1744
1572
1658
1372
1694
1546
1815
1521
1719
1557
2037
1380
1296
1456
1471
1277
1505
1282
1595
1270
1506
1321
1502
1429
1929
1505
1656
1592
1541
1560
1727
1537
1736
1557
1723
1305
1213
1384
1356
1336
1356
1291
1390
1147
1492
1176
1400
1400
1703
1510
1835
1654
1735
1456
1691
1522
1872
1508
2187
1473
1251
1394
1238
1329
1204
1482
1308
1334
1271
1432
1200
1511
1425
1422
1313
1449
1424
1346
1491
1461
1537
1536
1434
1406
1220
1385
1326
1326
1292
1338
1323
1404
1221
1320
1268
1578
1486
1524
1489
1720
1433
1746
1435
1630
1437
1572
1453
1289
1258
1344
1206
1275
1284
1308
1314
1290
1336
1243
1210
1620
1388
1564
1382
1714
1377
1578
1323
1565
1441
1671
1551
1292
1208
1341
1299
1269
1206
1276
1290
1224
1305
1268
1355
1446
1636
1475
1731
1453
1743
1615
1776
1408
1844
1466
1867
1233
1350
1340
1284
1303
1340
1328
1416
1388
1379
1264
1262
1512
1742
1360
1702
1504
1772
1476
1894
1500
1917
1596
1884
1203
1329
1195
1424
1219
1441
1387
1329
1573
1141
1507
1576
1518
1796
1476
1653
1498
1600
1419
1544
1550
1692
1577
1744
1369
1127
1360
1237
1216
1312
1265
1420
1288
1408
1304
1456
1649
1681
1719
1885
1669
1826
1637
1824
1725
1939
1509
2009
1320
1304
1363
1278
1341
1176
1543
1276
1385
1330
1394
1306
1778
1549
1388
1477
1490
1495
1590
1444
1632
1449
1602
1450
1278
1238
1350
1284
1354
1359
1314
1444
1370
1366
1347
1332
1607
1532
1581
1481
1657
1488
1828
1426
1838
1377
1726
1404
1302
1262
1501
1240
1492
1362
1472
1390
1411
1400
1148
1206
1789
1533
1634
1504
1634
1497
1786
1475
1534
1484
1531
1508
1208
1401
1136
1402
1234
1264
1265
1270
1257
1303
1189
1338
1543
1476
1432
1604
1453
1718
1435
1690
1474
1895
1604
1884
1260
1402
1284
1588
1307
1431
1320
1338
1438
1308
1328
1244
1418
1611
1493
1716
1616
1755
1552
1700
1448
1759
1464
1743
1268
1367
1297
1404
1266
1373
1280
1452
1272
1366
1194
1536
1496
1759
1562
1961
1914
1589
1546
1572
1559
1767
1668
1869
1189
1210
1240
1305
1338
1328
1332
1335
1249
1516
1211
1582
1550
1800
1678
1921
1642
1902
1619
1850
1744
2168
1671
1873
1296
1323
1262
1350
1312
1160
1420
1320
1479
1286
1352
1290
1516
1631
1626
1549
1707
1517
1446
1479
1524
1402
1596
1483
1347
1444
1406
1271
1316
1332
1381
1291
1290
1254
1305
1318
1507
1376
1588
1440
1904
1556
1917
1575
1547
1418
1424
1548
1224
1322
1255
1275
1251
1191
1224
1524
1330
1475
1234
1256
1448
1573
1733
1564
1695
1478
1568
1557
1564
1620
1750
1751
1228
1232
1271
1301
1240
1392
1204
1394
1317
1382
1263
1284
1376
1483
1439
1507
1941
1734
1535
1552
1574
1730
1597
1775
1373
1415
1300
1388
1340
1399
1328
1455
1264
1308
1307
1278
1536
1850
1540
1642
1480
1663
1641
1785
1487
1780
1647
1517
1252
1273
1177
1358
1231
1525
1299
1478
1308
1535
1342
1442
1559
1819
2072
2102
1802
1640
1424
1527
1542
1926
1586
1781
1195
1180
1280
1256
1319
1338
1298
1488
1210
1345
1145
1470
1388
1976
1585
2031
1730
2244
1610
2159
1570
2056
1603
2087
1233
1223
1360
1252
1314
1164
1346
1206
1398
1222
1359
1299
2149
1403
1904
1576
1538
1476
1609
1362
1655
1483
1698
1488
1360
1226
1346
1278
1210
1305
1226
1398
1290
1315
1372
1273
1604
1397
1532
1529
1554
1549
1690
1525
1502
1478
1691
1589
1198
1264
1257
1302
1320
1268
1259
1314
1272
1298
1236
1229
1613
1495
1624
1620
1712
1610
1555
1525
1546
1663
1570
1865
1334
1350
1354
1315
1236
1228
1319
1252
1265
1240
1268
1288
1514
1501
1467
1559
1555
1625
1522
1515
1581
1795
1598
1831
1436
1338
1376
1283
1263
1323
1393
1288
1231
1306
1228
1354
1427
1712
1521
1827
1691
1607
1588
1767
1700
1662
1682
1823
1229
1383
1204
1364
1236
1482
1241
1455
1311
1454
1260
1466
1440
1818
1538
1770
1698
1736
1784
1625
1482
1503
1560
1702
1291
1160
1323
1277
1264
1339
1241
1486
1279
1550
1130
1375
1532
1675
1440
1871
1476
1989
1525
2153
1672
1825
1571
1721
1400
1244
1392
1165
1412
1220
1283
1242
1393
1324
1418
1260
1742
1407
1480
1476
1603
1481
1522
1582
1482
1476
1429
1396
1399
1250
1407
1182
1317
1310
1204
1313
1335
1293
1423
1330
1556
1456
1574
1572
1485
1464
1627
1484
1613
1462
1528
1556
1322
1224
1291
1300
1316
1352
1297
1394
1296
1298
1474
1172
1450
1504
1507
1581
1523
1508
1596
1606
1482
1682
1478
1676
1298
1247
1286
1455
1204
1281
1184
1372
1330
1348
1390
1261
1543
1500
1502
1570
1465
1717
1647
1498
1640
1819
1537
1668
1336
1280
1295
1248
1303
1328
1303
1383
1272
1374
1207
1350
1449
1773
1343
1449
1438
1804
1541
1651
1651
1639
1682
1844
1233
1388
1278
1348
1227
1432
1247
1402
1283
1470
1261
1574
1694
1728
1739
1766
1482
1639
1698
1655
1465
1727
1554
1811
1232
1239
1292
1192
1340
1270
1188
1410
1210
1456
1279
1479
1490
1806
1478
1928
1516
2160
1558
2301
1428
2250
1250
1821
1402
1237
1356
1278
1380
1314
1415
1321
1396
1235
1568
1246
1594
1459
1524
1404
1561
1564
1472
1503
1498
1468
1568
1402
1467
1237
1447
1277
1480
1368
1392
1246
1361
1325
1358
1194
1420
1534
1577
1501
1655
1481
1514
1471
1768
1329
1626
1405
1266
1240
1253
1238
1220
1323
1255
1288
1310
1280
1285
1190
1384
1510
1634
1598
1558
1590
1521
1650
1528
1625
1562
1636
1314
1402
1305
1263
1219
1316
1260
1274
1338
1291
1354
1248
1520
1570
1484
1575
1512
1683
1650
1521
1466
1616
1574
1711
1351
1384
1428
1408
1338
1318
1322
1368
1392
1466
1351
1365
1549
1748
1740
1619
1434
1656
1519
1705
1666
1701
1836
1584
1180
1428
1209
1482
1230
1560
1267
1469
1310
1632
1267
1388
1746
1776
1528
1941
1578
1654
1434
1630
1458
1973
1435
1862
1368
1284
1250
1304
1325
1300
1333
1465
1299
1476
1286
1420
1420
2137
1538
2014
1619
2326
1510
2296
1463
2191
1466
1900
1404
1287
1401
1246
1446
1260
1536
1290
1514
1278
1425
1306
1602
1484
1505
1572
1620
1598
1563
1701
1514
1499
1454
1479
1442
1296
1333
1160
1379
1301
1368
1199
1332
1300
1268
1223
1522
1469
1562
1533
1640
1499
1694
1427
1598
1378
1526
1498
1261
1218
1314
1286
1284
1274
1324
1318
1398
1390
1340
1190
1933
1445
1749
1508
1371
1523
1587
1485
1638
1632
1798
1605
1238
1404
1231
1425
1231
1224
1259
1237
1200
1270
1398
1204
1662
1369
1590
1329
1564
1611
1607
1596
1732
1532
1497
1669
1413
1254
1305
1282
1332
1378
1354
1392
1391
1400
1356
1248
1508
1565
1561
1748
1470
1675
1557
1669
1544
1711
1729
1570
1252
1352
1192
1429
1171
1546
1138
1534
1240
1520
1215
1440
1446
1732
1528
1771
1464
1731
1389
1769
1392
1866
1437
1726
1313
1286
1291
1300
1347
1387
1244
1542
1206
1442
1124
1494
1438
1908
1658
2104
1660
1940
1602
2185
1811
2238
1522
1947
1307
1268
1279
1301
1213
1282
1197
1258
1193
1266
1359
1261
1494
1400
1544
1514
1598
1592
1584
1647
1615
1605
1504
1604
1286
1216
1275
1176
1316
1259
1394
1299
1418
1270
1295
1152
1463
1593
1528
1578
1776
1556
1654
1536
1620
1484
1670
1639
1213
1200
1285
1224
1348
1388
1274
1320
1268
1262
1319
1252
1536
1546
1717
1590
1591
1511
1639
1580
1639
1564
1677
1508
1126
1346
1158
1409
1155
1240
1180
1223
1266
1299
1283
1258
1744
1448
1616
1500
1732
1638
1750
1635
1753
1676
1664
1585
1424
1323
1374
1368
1347
1452
1341
1330
1291
1339
1351
1294
1615
1599
1548
1574
1562
1671
1767
1689
1669
1593
1800
1536
1279
1404
1189
1331
1214
1510
1267
1428
1252
1504
1455
1306
1582
1740
1466
1762
1421
1660
1410
1730
1322
1766
1590
1780
1333
1265
1309
1302
1264
1358
1149
1408
1220
1494
1167
1641
1538
1942
1495
2135
1534
2188
1504
1997
1530
1919
1398
2022
1298
1244
1315
1244
1164
1260
1192
1326
1135
1251
1196
1236
1474
1442
1548
1515
1653
1615
1668
1559
1619
1508
1506
1447
1240
1186
1178
1126
1237
1268
1212
1166
1238
1186
1282
1052
1512
1533
1474
1390
1564
1491
1839
1484
1588
1441
1769
1454
1338
1153
1340
1191
1250
1220
1183
1252
1136
1202
1191
1210
2099
1369
1854
1540
1783
1476
1714
1595
1650
1655
1556
1641
1048
1248
1145
1394
1146
1281
1142
1169
1170
1379
1226
1272
1537
1534
1526
1538
1538
1629
1558
1693
1603
1708
1681
1648
1244
1320
1248
1228
1227
1345
1168
1340
1311
1325
1244
1370
1488
1607
1690
1595
1661
1630
1614
1736
1572
1598
1692
1695
1211
1365
1141
1270
1174
1366
1222
1394
1289
1451
1188
1274
1428
1727
1536
1749
1488
1596
1394
1859
1408
1912
1685
1753
1182
1240
1117
1225
1328
1361
1235
1380
1243
1387
1180
1420
1637
1723
1664
2022
1516
1957
1520
2067
1440
1923
1549
1872
1318
1194
1299
1238
1184
1232
1260
1278
1281
1202
1362
1242
1358
1453
1497
1693
1695
1592
1662
1518
1498
1678
1548
1471
1289
1244
1295
1194
1177
1191
1252
1211
1326
1165
1345
1122
1361
1416
1558
1464
1544
1513
1506
1429
1700
1383
1636
1420
1300
1266
1334
1306
1318
1249
1205
1242
1215
1148
1174
1198
1792
1444
1890
1517
1783
1433
1572
1593
1701
1663
1576
1690
1176
1334
1140
1194
1062
1232
1212
1292
1199
1262
1208
1315
1656
1509
1450
1500
1605
1571
1554
1640
1546
1728
1578
1662
1194
1216
1177
1332
1246
1220
1240
1308
1234
1332
1279
1304
1673
1601
1944
1591
1665
1674
1652
1651
1566
1529
1569
1578
1215
1219
1234
1334
1154
1402
1184
1454
1120
1440
1142
1328
1592
1778
1685
1820
1519
1809
1601
1902
1556
2085
1650
1807
1185
1206
1150
1294
1165
1379
1166
1386
1238
1360
1176
1416
1685
2082
1638
2205
1670
2328
1646
2107
1529
2028
1492
1806
1313
1293
1300
1251
1084
1236
1244
1203
1088
1182
1211
1178
1599
1605
1578
1605
1666
1586
1602
1559
1651
1559
1519
1487
1198
1223
1300
1223
1354
1222
1360
1287
1417
1332
1339
1271
1494
1437
1548
1592
1617
1476
1879
1586
1755
1501
1660
1470
1361
1376
1318
1236
1332
1244
1291
1341
1258
1197
1230
1240
1422
1500
1814
1493
1970
1510
2047
1540
1509
1504
1818
1407
1089
1319
1131
1258
1139
1181
1187
1290
1261
1356
1274
1302
1492
1427
1597
1568
1689
1600
1531
1545
1537
1651
1602
1677
1235
1250
1229
1316
1210
1234
1114
1406
1205
1270
1344
1203
1648
1627
1624
1652
1720
1628
1774
1624
1612
1567
1515
1595
1260
1284
1177
1458
1148
1453
1153
1447
1224
1523
1198
1314
1558
1708
1593
1582
1523
1607
1546
1851
1641
2117
1848
2211
1615
1264
1489
1440
1565
1352
1450
1476
1454
1481
1344
1520
1571
1899
1545
2146
1872
2339
1720
2222
1599
2424
1544
2044
1181
1197
1469
1211
1246
1200
1254
1156
1222
1307
1309
1323
1451
1545
1355
1575
1356
1659
1429
1656
1615
1589
1524
1601
1337
1241
1337
1248
1316
1253
1325
1309
1370
1242
1267
1246
1481
1625
1532
1562
1828
1658
1731
1530
1515
1557
1613
1575
1178
1272
1369
1247
1255
1274
1166
1262
1166
1214
1209
1280
1464
1691
1598
1590
1546
1525
1606
1800
1598
1737
1535
1635
1104
1388
1089
1263
1110
1232
1108
1268
1180
1292
1149
1280
1422
1552
1524
1513
1566
1531
1620
1576
1570
1568
1850
1655
1265
1315
1224
1298
1152
1428
1236
1218
1266
1376
1326
1458
1541
1605
1561
1615
1556
1664
1492
1783
1712
1598
1616
1700
1233
1388
1200
1434
1216
1505
1228
1458
1251
1595
1281
1467
1617
1745
1490
1707
1516
1728
1557
2062
1544
2169
1498
2116
1443
1417
1382
1424
1394
1428
1293
1454
1314
1497
1185
1622
1628
2163
1630
2204
1687
2321
1637
2636
1664
2584
1641
2122
1215
1475
1324
1260
1243
1324
1342
1276
1341
1310
1480
1250
1280
1534
1338
1621
1280
1670
1353
1642
1508
1630
1656
1650
1411
1213
1356
1274
1224
1206
1323
1239
1372
1292
1257
1240
1455
1689
1566
1698
1724
1600
1724
1571
1554
1603
1712
1564
1264
1178
1350
1338
1250
1275
1199
1314
1242
1244
1191
1408
1491
1607
1595
1658
1635
1563
1589
1659
1682
1627
1625
1555
1106
1257
1125
1268
1129
1212
1184
1242
1119
1288
1209
1318
1718
1599
1537
1640
1761
1716
1918
1595
2038
1697
1919
1799
1203
1244
1310
1374
1259
1386
1387
1316
1424
1457
1591
1418
1711
1585
1788
1677
1688
1629
1575
1774
1711
1602
1550
1653
1254
1434
1278
1450
1292
1434
1291
1473
1388
1590
1471
1411
1596
1769
1597
1944
1614
1643
1688
2027
1588
2011
1548
2248
1507
1444
1379
1398
1412
1422
1332
1430
1369
1552
1328
1670
1634
2365
1737
2780
1746
2333
1602
2068
1644
2057
1624
2160
1352
1270
1233
1250
1251
1256
1263
1338
1305
1266
1316
1214
1435
1638
1317
1721
1425
1692
1333
1700
1492
1560
1551
1656
1317
1200
1323
1199
1336
1238
1326
1213
1238
1274
1260
1232
1519
1749
1528
1631
1519
1702
1712
1532
1821
1649
1866
1661
1135
1212
1212
1341
1248
1317
1268
1310
1301
1263
1234
1324
1697
1592
1771
1623
1769
1561
1653
1558
1492
1653
1671
1538
1092
1366
1128
1284
1214
1177
1279
1190
1201
1355
1240
1348
1625
1547
1542
1611
1675
1770
1744
1540
1634
1468
1518
1600
1107
1362
1245
1318
1373
1409
1340
1324
1341
1342
1295
1464
1644
1705
1602
1592
1567
1767
1530
1689
1660
1658
1530
1616
1268
1392
1232
1376
1229
1440
1171
1492
1301
1306
1316
1306
1661
2156
1534
1818
1604
1760
1580
1909
1728
2239
1767
2164
1500
1312
1551
1382
1481
1450
1404
1460
1220
1514
1264
1682
1690
2208
1638
2189
1688
2227
1760
2436
1625
2251
1600
2012
1152
1299
1280
1302
1319
1294
1257
1318
1253
1316
1259
1263
1433
1673
1433
1482
1380
1619
1409
1744
1500
1544
1518
1605
1276
1270
1273
1222
1245
1285
1273
1287
1344
1306
1141
1282
1601
1655
1612
1560
1676
1681
1872
1639
1569
1530
1538
1789
1230
1178
1188
1240
1324
1289
1136
1348
1206
1247
1200
1222
1666
1764
1750
1795
1660
1732
1629
1617
1643
1690
1570
1471
1093
1284
1212
1212
1188
1124
1201
1325
1301
1336
1269
1550
1624
1424
1553
1671
1534
1819
1635
1659
1532
1591
1530
1646
1261
1420
1306
1342
1226
1362
1291
1371
1410
1446
1436
1416
1596
1720
1589
1836
1613
1843
1722
1619
1511
1687
1599
1681
1316
1363
1392
1387
1347
1456
1326
1514
1316
1492
1362
1326
1539
1837
1549
1723
1600
1907
1869
1879
1681
1857
1758
1965
1374
1325
1455
1296
1332
1466
1287
1459
1271
1555
1280
1698
1717
2318
1752
1837
1643
1978
1486
2051
1488
1868
1606
2077
1256
1256
1306
1264
1305
1308
1260
1286
1434
1348
1426
1262
1545
1513
1503
1625
1475
1715
1605
1713
1542
1682
1567
1588
1322
1280
1260
1222
1198
1299
1302
1386
1313
1263
1223
1297
1596
1540
1515
1548
1715
1556
1819
1685
1537
1591
1650
1883
1335
1264
1207
1218
1222
1269
1188
1255
1074
1227
1230
1161
1632
1606
1537
1589
1522
1634
1621
1575
1631
1710
1597
1540
1195
1236
1179
1262
1206
1145
1179
1236
1275
1378
1394
1473
1578
1468
1548
1641
1420
1713
1521
1603
1506
1843
1669
1647
1334
1350
1348
1266
1364
1324
1360
1337
1457
1320
1519
1411
1672
1614
1643
1717
1535
1655
1728
1697
1769
1791
1585
1692
1391
1302
1364
1394
1341
1309
1365
1504
1383
1516
1382
1304
1412
1799
1572
1833
1663
1807
1580
1803
1820
1841
1480
1875
1335
1387
1434
1397
1275
1363
1282
1474
1267
1484
1197
1622
1650
2062
1604
2291
1787
2667
1592
2418
1696
2139
1702
2198
1332
1327
1283
1289
1247
1276
1251
1283
1368
1130
1260
1165
1470
1593
1494
1636
1552
1777
1661
1666
1714
1647
1632
1689
1145
1239
1223
1321
1272
1203
1181
1195
1130
1182
1099
1272
1538
1621
1598
1528
1476
1555
1471
1517
1530
1587
1630
1689
1198
1232
1219
1201
1209
1196
1270
1336
1317
1280
1287
1306
1641
1748
1554
1719
1528
1544
1542
1700
1578
1579
1412
1527
1086
1252
1283
1214
1217
1191
1342
1159
1252
1173
1416
1382
1404
1679
1492
1809
1482
1880
1529
1734
1398
1829
1600
1776
1336
1386
1384
1308
1334
1352
1144
1342
1438
1401
1440
1372
1669
1889
1716
1643
1535
1599
1674
1676
1978
1771
1684
1839
1282
1319
1346
1390
1247
1390
1251
1324
1278
1358
1302
1318
1744
1724
1851
1906
1736
1909
1567
1991
1692
1978
1884
2057
1388
1316
1456
1364
1359
1434
1344
1422
1202
1474
1146
1622
1767
1935
1815
2240
1686
2324
1612
2145
1801
2188
1569
2210
1485
1254
1435
1282
1226
1244
1276
1340
1288
1222
1276
1164
1774
1642
1631
1759
1458
1911
1636
1716
1937
1622
1530
1717
1246
1230
1280
1290
1182
1277
1229
1179
1188
1245
1149
1220
1454
1878
1309
1760
1471
1755
1512
1653
1591
1656
1687
1660
1095
1268
1160
1263
1214
1269
1202
1280
1322
1264
1344
1295
1555
1671
1645
1769
1599
1693
1628
1720
1541
1824
1577
1579
1306
1264
1288
1344
1226
1306
1370
1225
1257
1263
1316
1369
1548
1763
1434
1751
1532
1879
1625
2042
1579
1960
1540
1670
1401
1389
1383
1314
1384
1350
1546
1356
1370
1312
1350
1380
1638
1728
1723
1835
1564
1950
1569
1735
1548
1751
1614
1776
1368
1340
1294
1250
1510
1371
1360
1286
1265
1280
1341
1236
1626
1637
1523
1880
1582
1948
1719
1899
1697
1896
1615
1834
1281
1318
1330
1372
1246
1416
1236
1554
1280
1572
1222
1556
1760
2167
1608
2508
1783
2243
1598
2447
1822
2467
1637
2230
1264
1282
1323
1289
1272
1404
1323
1413
1372
1132
1486
1342
1540
1789
1481
1547
1611
1809
1584
1779
1640
1821
1453
1796
1334
1246
1230
1288
1271
1224
1193
1218
1316
1194
1301
1216
1494
1911
1658
1862
1516
1642
1639
1641
1647
1547
1868
1717
1207
1274
1234
1280
1218
1388
1325
1250
1344
1228
1327
1206
1433
1584
1584
1624
1483
1618
1486
1739
1573
1663
1670
1483
1276
1243
1357
1344
1270
1310
1451
1256
1424
1306
1314
1449
1520
1649
1433
1900
1650
1826
1619
1957
1682
1938
1456
1834
1352
1404
1366
1254
1447
1275
1499
1286
1293
1283
1472
1299
1634
1714
1912
1774
1679
1746
1468
1685
1536
1736
1592
1709
1451
1368
1213
1365
1191
1220
1238
1255
1218
1252
1202
1350
1588
1772
1623
1868
1573
1830
1731
2261
1560
2090
1668
1907
1269
1368
1253
1362
1230
1433
1245
1449
1268
1590
1255
1500
1762
2187
1761
2110
1690
2329
1573
2257
1618
2208
1656
2067
1238
1302
1266
1304
1213
1360
1196
1400
1266
1331
1312
1299
1416
1595
1405
1543
1458
1679
1498
1697
1466
1896
1545
1773
1390
1359
1272
1310
1198
1316
1378
1179
1446
1280
1401
1291
1508
1900
1472
1792
1510
1738
1455
1654
1436
1708
1414
1769
1285
1340
1369
1300
1404
1315
1298
1286
1423
1324
1456
1237
1344
1660
1468
1692
1502
1547
1474
1526
1544
1596
1566
1417
1235
1390
1446
1293
1334
1266
1306
1418
1454
1260
1370
1305
1509
1613
1536
1802
1437
1782
1537
1797
1554
1845
1557
1960
1328
1312
1346
1374
1373
1302
1398
1316
1497
1330
1412
1327
1634
1843
1729
1692
1589
1717
1569
1792
1551
1799
1623
1802
1338
1398
1363
1408
1266
1353
1226
1360
1203
1226
1252
1318
1574
1787
1638
1896
1754
2086
1620
2188
1706
2319
1677
1981
1327
1407
1333
1414
1240
1421
1259
1530
1257
1658
1316
1691
1702
2284
1761
2271
2638
2437
1954
2397
1658
2322
1557
2269
1266
1279
1262
1326
1232
1328
1219
1312
1339
1476
1335
1325
1281
1683
1472
1637
1378
1684
1378
1654
1374
1484
1436
1607
1246
1373
1359
1307
1245
1381
1345
1304
1513
1166
1409
1237
1514
1758
1485
1666
1616
1755
1676
1761
1530
1732
1313
1738
1413
1244
1372
1318
1417
1381
1298
1310
1285
1218
1248
1224
1408
1764
1568
1620
1703
1660
1646
1630
1554
1574
1781
1624
1308
1181
1317
1338
1266
1276
1317
1282
1291
1320
1314
1338
1742
1631
1493
1721
1589
1944
1709
1903
1673
1912
1621
1944
1300
1371
1284
1280
1280
1233
1413
1400
1406
1304
1321
1250
1627
1895
1584
1709
1562
1828
1906
1781
1779
1842
1692
1781
1243
1377
1305
1440
1245
1530
1374
1468
1164
1320
1322
1321
1671
1932
1646
1932
1656
2049
1607
2125
1635
2236
1750
2183
1254
1432
1354
1414
1297
1458
1392
1463
1223
1706
1205
1746
1738
2208
1616
2408
1604
2603
1757
2716
1582
2488
1524
2516
1422
1412
1322
1324
1346
1324
1251
1476
1370
1388
1282
1230
1403
1609
1523
1757
1360
1767
1426
1567
1444
1464
1623
1674
1357
1328
1268
1362
1257
1385
1314
1220
1271
1212
1339
1238
1430
1972
1472
1868
1619
1895
1601
1859
1444
1728
1296
1904
1305
1236
1277
1274
1403
1194
1249
1172
1257
1304
1172
1182
1381
1840
1398
1804
1640
1784
1674
1786
1623
1919
1587
1852
1182
1406
1225
1310
1233
1312
1267
1338
1339
1353
1402
1346
1500
1802
1465
2096
1526
2282
1544
2167
1510
2249
1504
2228
1284
1300
1444
1304
1210
1312
1448
1234
1233
1402
1214
1204
1531
1899
1665
2026
1657
1841
1463
2104
1335
1906
1482
1873
1220
1298
1304
1439
1260
1412
1498
1424
1305
1336
1204
1256
1633
2025
1623
2152
1623
2132
1530
2254
1641
2440
1676
2228
1280
1441
1288
1404
1213
1505
1497
1566
1495
1558
1337
1682
1815
2632
1515
2614
1571
2707
1698
2717
1575
2424
1609
2517
1367
1571
1282
1385
1292
1340
1347
1394
1352
1415
1339
1335
1334
1615
1350
1657
1400
1772
1415
1728
1486
1668
1452
1673
1244
1445
1358
1374
1463
1311
1498
1221
1397
1250
1302
1250
1612
1954
1610
1937
1392
1800
1452
1793
1512
1754
1461
1967
1184
1310
1487
1297
1382
1204
1325
1190
1282
1304
1354
1342
1470
1885
1919
1884
1979
1841
1780
1820
1745
1888
1579
1856
1179
1429
1230
1294
1359
1353
1346
1342
1200
1366
1277
1376
1481
1917
1563
2016
1495
2281
1530
2135
1448
2271
1551
2177
1204
1248
1308
1272
1291
1306
1290
1302
1359
1298
1283
1292
1445
2186
1586
2192
1714
2213
1946
2187
1526
2065
1472
1841
1053
1510
1154
1330
1187
1511
1302
1489
1248
1388
1335
1275
1659
2182
1661
1910
1791
2157
1503
2116
1722
2389
1928
2352
1269
1405
1341
1403
1282
1578
1467
1492
1372
1572
1297
1610
1728
2705
1852
2599
1634
2719
1772
2767
1661
2555
1502
2565
1286
1370
1451
1320
1362
1223
1228
1280
1354
1480
1350
1472
1358
1630
1439
1842
1405
1795
1595
1737
1458
1674
1486
1726
1407
1339
1408
1356
1415
1466
1535
1394
1429
1302
1368
1300
1555
1868
1698
1797
1461
1753
1744
1708
1507
1679
1598
1785
1371
1312
1321
1346
1361
1386
1263
1356
1261
1562
1234
1434
1627
1921
1684
1798
1574
1771
2003
1831
1456
1805
1420
1770
1189
1246
1203
1278
1222
1355
1265
1422
1151
1396
1218
1396
1467
1800
1548
1964
1482
2224
1392
2020
1444
2177
1470
2105
1116
1304
1133
1330
1249
1284
1361
1298
1390
1352
1204
1492
1537
2103
1501
2184
1608
2095
1625
2124
1551
2136
1640
2202
1185
1540
1418
1492
1348
1452
1473
1458
1392
1330
1263
1406
1842
2074
1623
2143
1712
2011
1815
2323
1454
2267
1610
2320
1406
1414
1206
1400
1416
1491
1349
1703
1649
1666
1296
1660
1540
2456
1574
2510
1880
2654
2106
2701
1693
2555
1627
2733
1441
1394
1428
1406
1380
1370
1406
1506
1288
1402
1298
1428
1337
1561
1508
1653
1546
1739
1462
1695
1613
1631
1345
1545
1325
1392
1322
1446
1220
1471
1244
1409
1196
1404
1280
1374
1405
1739
1436
1764
1518
1790
1570
1868
1433
1724
1493
1917
1258
1358
1301
1380
1284
1346
1266
1304
1290
1253
1220
1348
1540
1956
1468
1776
1430
1822
1498
2025
1458
1917
1375
1847
1298
1380
1229
1376
1345
1360
1327
1346
1336
1340
1208
1390
1385
1816
1560
1826
1478
2134
1544
2047
1487
1991
1452
2312
1348
1396
1140
1376
1160
1330
1342
1369
1290
1362
1260
1385
1534
1991
1624
2059
1418
2314
1541
2110
1550
1936
1590
1821
1261
1474
1433
1526
1320
1612
1247
1400
1269
1313
1334
1469
1522
1979
1479
1935
1563
1927
1555
1956
1465
2159
1686
2123
1328
1442
1323
1384
1341
1429
1326
1430
1172
1535
1218
1729
1749
2364
1650
2399
1900
2552
1739
2439
1703
2376
1690
2705
1435
1662
1360
1488
1314
1375
1483
1502
1215
1468
1250
1630
1355
1503
1393
1423
1637
1595
1396
1537
1409
1591
1456
1707
1331
1518
1190
1442
1258
1470
1385
1500
1398
1397
1378
1442
1526
1715
1472
1753
1660
1762
1501
1799
1496
1686
1492
1872
1375
1405
1402
1356
1384
1326
1256
1334
1283
1302
1332
1408
1761
1889
1526
1881
1371
1887
1464
1982
1416
1905
1355
1772
1196
1462
1230
1364
1296
1396
1233
1408
1204
1429
1419
1480
1354
1741
1341
1776
1411
1852
1991
1921
1468
1983
1568
2047
1356
1368
1240
1332
1451
1310
1398
1287
1286
1382
1320
1483
1596
2087
1673
2168
1628
2205
1394
2107
1537
1985
1817
2079
1194
1492
1364
1561
1197
1426
1254
1470
1316
1377
1301
1495
1478
2061
1514
1998
1482
2060
1424
2017
1494
2460
1629
2398
1324
1464
1487
1473
1295
1506
1488
1629
1578
1674
1537
1864
1550
2645
1891
2919
1672
2706
1707
2447
1744
2456
1616
2379
1420
1390
1338
1414
1217
1340
1238
1433
1296
1390
1290
1479
1364
1609
1699
1703
1339
1861
1437
1656
1586
1894
1449
2013
1343
1397
1362
1358
1213
1318
1456
1297
1314
1296
1331
1371
1466
1745
1406
1771
1662
1853
1612
1893
1649
1832
1751
2045
1276
1376
1302
1432
1102
1404
1292
1388
1244
1397
1246
1470
1666
2005
1918
2067
1778
1934
1553
2084
2089
2037
1907
1847
1196
1476
1166
1306
1326
1472
1334
1470
1270
1573
1401
1485
1694
1864
1383
1969
1518
1968
1620
1875
1642
1725
1868
1864
1273
1373
1271
1264
1271
1323
1445
1311
1471
1326
1344
1398
1782
2002
1816
2142
1621
1995
1658
2049
1608
1756
1644
2146
1318
1630
1379
1486
1263
1742
1338
1518
1344
1458
1268
1650
1622
2015
1596
2080
1610
2125
1576
2328
1658
2282
1697
2431
1292
1492
1308
1504
1267
1618
1234
1648
1438
1782
1471
1684
1665
2805
1679
2968
1823
2809
1937
2624
1748
2360
1658
2511
1357
1290
1395
1380
1310
1440
1336
1436
1378
1296
1320
1501
1494
1706
1327
1714
1297
1884
1376
1875
1504
1897
1430
1784
1367
1280
1296
1347
1390
1401
1328
1403
1360
1326
1341
1396
1477
1785
1404
1871
1582
1689
1695
1692
1628
1760
1714
1789
1286
1380
1246
1398
1359
1370
1309
1372
1341
1392
1278
1436
1727
1892
1686
1899
1495
1863
1826
1929
1668
1980
1560
1984
1263
1434
1385
1409
1370
1507
1222
1366
1332
1384
1365
1520
1733
2336
1429
2353
1614
2312
1650
2187
1770
2105
1680
2025
1224
1394
1239
1345
1190
1308
1380
1329
1488
1423
1349
1426
1767
2034
1871
1880
1681
2233
1706
2058
1624
1977
1624
2013
1291
1498
1481
1586
1597
1678
1281
1470
1307
1381
1198
1635
1827
1919
1733
2109
1650
2032
1751
2145
1813
2158
2133
2241
1358
1520
1439
1516
1302
1660
1475
1653
1526
1720
1394
1760
1839
1557
1605
1869
1503
2466
1916
2520
