1848
1390
1428
1430
1604
1562
1550
1583
1727
1287
1694
1612
1693
2783
968
1394
1420
1441
1439
1389
1618
1305
1582
1362
1397
1466
1725
1717
1655
1579
1546
1691
1565
1740
1595
1892
1622
1644
1327
1389
1484
1385
1445
1362
1630
1398
1458
1256
1818
1486
1736
1674
1510
1687
1639
1795
1472
1716
1898
1767
1686
1900
1389
1582
1529
1537
1569
1495
1942
1804
1994
2011
1595
2244
1367
1704
1450
1628
1541
1427
1278
1539
1540
1371
1586
1525
1352
1433
1378
1639
1617
1732
1398
1577
1434
1702
1486
1666
1587
1383
1673
1386
1463
1407
1459
1517
1835
1448
1849
1406
1642
1863
1620
1535
1723
1553
1531
1425
1662
1526
1571
2078
1886
1398
1612
1330
1656
1352
1562
1405
1559
1374
1451
1446
1900
1436
1926
1806
1725
1554
1858
1622
1728
1716
1827
1888
1265
1404
1620
1235
1597
1427
1776
1374
1439
1445
1495
1468
1668
1676
1732
1756
2673
1623
1920
1679
1990
1585
2094
1716
1650
1506
1575
1542
1807
1415
1460
1357
1581
1579
1425
1333
1701
1641
1712
1964
1789
1708
1668
1574
1589
1811
1642
1599
1201
1329
1220
1505
1225
1268
1257
1458
1156
1433
1228
1487
1818
1892
1610
1963
1714
1636
1644
1723
1598
1793
1767
2039
1184
1495
1203
1642
1161
1432
1130
1401
1260
1430
1262
1669
1754
1904
1970
2477
1867
2757
2120
1809
1941
2631
3335
2990
1131
1366
1148
1475
1191
1611
1165
1475
1229
1511
1190
1346
1470
2531
1745
1723
1980
1580
1699
1791
1452
1618
1494
1607
1222
1423
1274
1333
1216
1482
1199
1423
1213
1442
1180
1466
1848
1677
2013
1944
1767
1830
1702
1542
1647
1413
1506
2046
2843
1437
1074
1321
766
1376
4161
1344
1255
1397
1349
1490
2106
1984
2084
1800
2062
1718
2308
1822
2009
2329
1751
1989
1444
1384
1793
1397
1438
1446
1405
1429
1360
1433
1654
1466
1684
4219
1968
2018
2004
2423
2242
1577
1702
2324
1797
2555
1428
1520
1442
1409
1361
1429
1307
1337
1379
1434
1339
1357
1695
2080
2322
1631
1888
2201
1969
1646
1773
1779
1674
2201
1364
1319
1324
1316
1227
1282
1328
1489
1235
1429
1260
1463
1713
1913
1621
2216
1599
1700
1826
1624
1678
1959
1641
1671
1286
1486
1242
1576
1289
1510
1193
1443
1283
1233
1280
1559
1702
1912
1892
2069
1662
2435
1822
1806
1919
2011
3838
2157
1115
1415
1182
1435
1151
1400
1159
1343
1229
1346
1281
1389
1323
1512
1438
1438
1564
1536
1524
1415
1522
1412
1536
1492
1235
1449
1228
1551
1235
1482
1228
1495
1337
1313
1137
1443
1706
1539
1649
1584
1631
1572
1825
1480
2058
1342
1636
1712
1451
1326
1468
1423
1524
1506
1540
1482
1527
1323
1612
1428
1547
1418
1603
1504
1620
1480
1755
1492
1900
1480
1758
1566
1425
1457
1505
1356
1484
1416
1614
1497
1815
1462
1888
1466
2038
1514
2830
1574
1862
1552
3424
1548
1632
1474
1798
1552
1995
1359
1649
1387
1756
1338
1797
1408
1484
1446
1518
1521
2228
1512
2544
1652
5084
1907
2728
1482
2179
1477
2284
1583
1455
1390
1516
1337
1578
1365
1569
1321
1652
1375
1610
1405
1784
1674
1726
1779
2503
1824
5684
1661
1726
1616
1916
1682
1582
1558
1773
1483
1495
1710
1690
1505
1470
1540
1455
1761
1912
2017
4540
1866
3290
1875
2700
1874
1870
1998
2450
2652
1311
1468
1551
1379
1547
1387
1401
1530
1471
1535
1479
1482
1596
1486
1811
1547
1669
1488
1520
1436
2030
1360
1420
1387
1535
1338
1416
1448
1365
1498
1135
1417
1517
1442
1797
1438
1562
1512
1936
1653
3413
1577
2740
1750
2108
1644
2070
1872
1738
1466
1413
1415
1496
1370
1452
1375
1544
1426
1633
1460
1892
1541
1618
1521
1884
1389
1925
1442
5108
1697
3036
1714
1729
1483
1703
1438
1524
1339
1502
1375
1596
1431
1638
1398
2284
1551
1982
1478
1925
1492
2551
1580
1986
1506
2038
1453
1572
1385
1623
1399
1581
1314
1624
1372
1599
1426
1577
1386
2734
1392
2306
1510
1790
1426
2352
1576
2336
1470
2793
1629
1609
1376
1541
1386
1748
1462
1835
1318
1924
1375
1588
1418
2374
1734
1796
1840
1710
1748
1924
1705
2025
1578
1930
1666
1598
1474
1707
1606
1456
1506
1745
1409
1488
1500
1495
1498
1868
1773
3700
1846
2098
1865
3103
1713
1604
1957
3002
2696
1821
1427
2170
1691
1449
1693
1627
1406
1884
1506
1649
1587
9537
1600
2528
1560
4590
1571
2386
1618
3858
1824
2038
1604
1188
1442
1477
1516
1460
1475
1553
1381
1551
1395
1540
1408
1696
1552
1866
1561
1752
1564
1719
1683
5917
1659
4172
1700
1559
1496
1511
1399
1604
1515
1584
1394
1800
1510
1574
1580
2358
1485
2410
1490
3814
1562
2377
1428
7770
1544
3509
1504
1519
1501
1660
1466
1716
1512
1636
1514
2868
1596
2064
1657
4953
1570
2376
1700
2092
1720
2866
1531
1827
1598
2440
1562
1819
1466
1660
1478
1781
1222
1825
1413
1889
1583
2003
1603
2139
1619
1891
1488
1960
1466
2356
1558
1724
1710
1886
1864
1777
1506
2473
1417
1772
1403
1595
1384
1745
1465
1668
1478
2938
1677
2300
1697
1552
1730
1600
1676
1728
2002
1458
1686
1671
1543
1545
1515
1432
1507
1565
1401
1472
1471
1470
1627
2212
1839
2106
2040
1594
1791
1721
1946
1748
2075
1658
2190
1873
1581
2196
1640
1861
1401
1421
1432
1672
1421
1387
1618
1722
1770
1478
2016
1720
1632
1624
1582
1652
1756
1880
1540
1708
1508
1494
1443
1722
1438
1846
1466
2048
1525
2421
1383
1612
1686
1770
1544
1660
1518
1582
1579
1748
1589
1610
1579
1397
1428
1725
1390
1449
1461
1609
1517
1749
1454
1779
1541
1718
1462
1607
1592
2742
1318
2504
1346
1830
1504
1739
1668
1692
1476
2087
1462
1897
1456
1898
1597
1777
1531
1804
1707
1966
1529
1918
1488
1726
1790
2300
1432
1638
1622
1738
1623
1721
1537
1847
1389
1713
1633
1736
1453
2497
1515
1771
1415
1735
1682
2102
1717
1604
1613
1776
1726
1801
1562
1778
1706
1713
1513
1916
1458
1802
1578
1985
1641
5096
1431
1924
1530
1706
2059
1802
1706
1564
1796
1611
1692
1626
1920
1846
1805
1775
1684
1700
1508
1989
1470
2287
1391
1724
1425
1524
2232
1649
1758
1508
1756
1660
1909
1642
2010
1864
2392
2186
2186
1223
1419
1487
1523
1441
1430
1407
1437
1592
1646
1465
1416
1439
1684
1474
1752
1456
1705
1462
1672
1616
1778
1597
1725
1517
1431
1528
1475
1492
1357
1591
1479
1828
1443
1625
1491
1533
1648
1676
2165
1530
1550
1608
2443
1914
1609
1656
1585
1652
1534
1882
1505
1577
1381
1543
1574
1892
1459
2074
1642
1810
1541
1855
1847
2376
1458
2179
2044
1921
1558
1902
1685
1710
1421
2116
1491
2336
1471
2532
1486
2419
1533
3116
1477
2206
1450
1770
1698
1840
1665
1699
2210
1672
1669
1775
1772
2296
1532
2110
1536
2239
1309
1771
1405
1964
1529
1848
1461
1818
2062
1837
2336
1716
1888
1708
1591
1684
2031
1640
1810
1777
1549
1959
1493
1748
1585
1953
1491
1625
1511
1525
1536
1581
2138
2214
2466
2078
2008
1997
1974
1677
2083
1596
2548
1775
1599
1602
1617
1776
1331
2268
1442
1823
1635
1925
2208
1630
1926
1722
2386
1558
1848
1571
2142
1826
2526
2180
2996
1424
1486
1735
1514
1931
1517
1969
1529
1991
1785
1945
1528
1439
1600
1357
1836
1514
2572
1571
2429
1456
2146
1611
1998
1620
1424
1671
1425
1863
1394
1945
1441
2098
1570
2289
1541
1550
1804
1578
2211
1710
1700
1559
1906
1526
2122
1574
1605
1857
1370
1776
1389
1999
1426
2060
1400
1821
1516
3200
1527
1532
1658
1995
1632
1845
1574
1894
1652
1822
1712
1954
2913
1767
1395
1905
1442
2007
1573
1897
1538
1901
1481
2676
1595
2191
3121
1664
1638
2184
2166
2433
1867
2082
2222
1692
4002
1657
1532
2356
1541
2222
1457
1748
1536
1828
1554
1968
1486
1794
1550
1926
1800
1630
1661
1970
2077
1634
1940
1675
2657
1818
1569
2668
1593
2348
1473
2209
1810
1839
1463
2045
1517
1738
2263
1967
1975
1887
1611
2276
2578
1763
1966
1705
1840
1561
1573
1623
1639
1713
1483
1580
1305
1555
1661
1811
1757
1636
1965
1664
2017
1732
1710
1624
1882
1754
2028
1830
2498
1929
1779
1873
1553
1765
1625
2320
1697
1636
1563
1633
1383
1388
1754
1392
1853
1364
1750
1509
1901
1470
2755
1493
1965
1348
1339
1623
1511
1740
1443
1764
1511
1943
1454
1763
1351
1642
1712
1575
1619
1722
1656
1734
1558
1698
1718
1760
2605
1772
1497
1969
1420
1764
1443
1886
1502
1820
1541
1769
1487
1801
1591
1642
1578
1856
1677
2124
1602
2836
1623
2158
1715
1756
1365
2267
1403
2701
1502
1769
1378
1625
1394
1947
1446
2310
2232
2066
1818
1984
1528
2128
1466
1702
1704
1913
1918
1726
1552
1753
1460
2308
1482
1698
1411
1885
1492
2227
1424
1998
1718
1681
1630
1799
1437
1616
1873
1880
1820
1844
2236
1721
1634
1801
1383
2196
1529
2719
1478
4345
1402
3561
1585
1854
1640
1978
1677
1812
1599
1718
1744
1858
1751
1683
1740
2068
1633
2190
1713
1638
1525
1820
1482
1943
1647
2321
1793
1646
1730
1596
1666
1780
1742
1764
1740
2816
1850
3253
2166
1753
1586
1654
1639
2014
1443
2327
1519
2187
1474
1660
1495
3414
1770
1817
1901
1824
2259
2693
1548
1642
1508
1908
1921
1577
1332
1612
1439
1691
1517
1869
1446
1767
1499
1796
1463
2175
1634
2302
1620
1846
1628
2033
1511
5338
1464
3314
1526
1709
1457
2426
1491
1927
1488
1934
1635
2553
1475
1598
1457
4964
2062
2342
1615
2246
1648
4518
1584
2192
1510
2040
1506
1831
1551
1587
1494
1798
1473
1901
1500
1938
1502
1673
1537
2204
1448
2172
1661
2253
1556
1933
1406
2316
1717
4126
2474
2091
1665
1767
1633
1804
1431
1898
1498
2020
1475
2413
1504
2440
1634
2567
1662
3176
1722
2220
1654
2046
1641
2153
1704
1913
1570
1996
1504
2611
1598
2023
1606
1589
1487
1569
1685
2130
1726
2316
1932
2472
1642
2256
1700
2051
1639
2584
1685
1476
1564
1643
1640
1748
1570
2225
1542
1548
1719
1769
2129
2056
1610
3306
1710
3064
1752
2725
1750
4594
1982
3508
2104
1544
1690
1588
1654
1696
1538
1907
1642
1790
1494
1924
1503
1490
2049
1693
1873
1652
1476
1522
1604
1447
1527
1651
2193
1622
1470
1819
1409
1671
1458
1892
1425
1717
1441
1579
1466
1630
1807
1794
1530
2510
1630
4874
1889
1621
1588
1580
1584
1473
1470
1545
1446
1652
1296
1643
1514
1869
1627
1649
1517
1600
1981
2410
2201
2220
1544
2213
1854
3033
1578
3405
2154
1540
1479
1570
1495
1719
1462
1757
1497
1650
1509
1641
1470
2034
1424
2946
1508
5788
1802
2707
1326
2220
1478
3519
1792
1868
1635
1809
1530
2151
1387
2218
1452
1875
1449
2559
1407
2982
1881
2280
1624
1973
1668
3082
1714
1958
2556
2504
1576
2897
1418
2264
1538
2223
1609
2003
1501
1630
1585
2089
1574
2265
2288
7114
3092
3718
2816
1946
2014
3899
11014
2362
1878
1583
1762
1932
1795
1922
1678
2289
1599
1673
1614
1695
1853
1810
4803
2801
1818
2716
2480
2035
2017
1933
2034
2068
3890
1334
1486
1512
1535
1656
1633
1815
1641
1840
1586
1799
1476
2170
1574
3298
1898
1565
1710
1786
1947
2588
1584
3680
1602
1854
1461
1901
1505
1577
1465
1595
1447
1610
1495
1623
1448
2370
1510
2060
1590
1673
1583
3976
1565
1760
1588
1995
2999
1505
1481
1545
1366
2433
1538
1795
1357
1799
1376
1717
1447
1865
1586
2005
1447
2434
1601
1894
1569
2032
1902
2951
5793
1977
1410
1679
1428
1625
1414
1739
1343
1585
1427
1581
1382
2568
1650
2361
1633
2800
1596
2185
1304
3544
1522
2292
1667
1936
1523
1779
1449
1889
1433
1937
1427
2141
1513
2253
1495
1895
1701
2020
1698
2500
1759
2090
1622
2470
1662
3556
1753
1892
1490
1882
1503
1960
1596
1738
1534
1838
1478
1524
1636
1991
1624
1857
1681
3363
1746
3576
1872
2316
1618
2142
1839
1641
1594
1751
1806
1684
1824
1863
1705
1964
1799
1815
1951
2116
1544
2015
1846
2118
1969
2203
1842
2524
1884
2846
2118
1719
1553
1801
1389
1740
1460
1676
1524
1680
1552
1724
1423
2310
2146
2018
1622
1519
1540
1483
1884
1969
1614
1672
1567
1380
1490
1521
1463
1548
1374
1457
1417
1621
1414
1863
1505
3647
1750
2492
1620
1770
1468
2118
1488
2072
1631
1922
1526
1665
1445
1780
1490
1710
1482
1733
1401
1943
1370
1727
1401
1990
1527
1791
1522
1897
1400
2144
1478
3012
1674
2056
1746
1557
1425
1634
1503
1655
1376
1765
1435
1826
1573
1865
1379
2006
1390
3472
1762
1721
1727
1956
1356
3024
1602
1950
1622
1966
1409
1695
1415
1810
1500
1871
1594
1833
1509
1657
1435
1691
1718
1623
1576
2006
1904
2498
1704
2341
1522
2713
2482
1849
1472
1773
1505
1641
1549
1627
1478
1671
1538
1687
1663
2770
1564
3165
1567
1981
1556
4282
1668
2022
1585
1929
1674
1799
1718
1915
1663
1778
1617
1525
1505
1500
1643
1698
1966
1880
1752
2180
1893
1858
1810
2108
1954
2174
1974
1946
2128
2043
1391
1628
1400
1882
1478
1828
1523
1924
1456
1836
1438
1540
1744
2075
1554
1821
1623
2213
1570
1750
1426
1628
1494
1765
1463
1873
1432
2340
1666
1874
1337
1678
1438
1656
1525
1758
1679
2272
1454
2162
1709
1866
2210
2326
1600
2818
1645
1567
1477
1620
1370
1603
1432
1640
1418
1752
1502
1516
1484
1900
1678
2458
1494
2509
1632
2220
1648
2578
1446
1875
1622
1548
1477
1572
1520
1657
1471
1775
1594
1662
1482
1684
1457
1758
1826
2146
1554
2554
1868
2468
1694
2908
1544
2143
1690
1703
1555
1670
1487
1716
1504
1697
1609
1876
1575
1602
1466
2322
1553
5798
1532
1755
1626
2244
1578
2077
1658
3816
1460
1580
1634
1588
1679
1682
1762
1960
1582
1564
1679
1599
1525
5870
1905
2291
7538
2352
1702
2197
1497
1986
1712
2075
1776
1650
1702
1489
1666
1543
1638
1780
1633
1572
1687
1695
1795
1816
1680
2311
1690
3334
1758
2113
1775
1962
1732
2214
1837
1332
1405
1466
1519
1731
1457
1970
1530
1699
1565
1671
1599
2342
1629
1590
2146
1953
2210
2000
1902
2392
1582
2630
2044
1710
1536
1683
1365
1724
1415
1559
1453
1699
1533
1624
1508
2360
1485
2129
1634
2064
2064
3040
1620
1840
1494
1696
1898
1660
1431
1751
1324
1880
1381
2267
1447
1727
1525
1589
1460
6486
1577
4074
1336
1645
1528
1756
1340
1754
1648
2928
1631
1393
1481
1498
1396
1572
1401
1749
1399
1593
1424
1686
1445
1827
1430
3528
1442
2428
1526
2974
1706
6670
1402
2365
1617
1526
1446
1390
1444
1406
1499
1367
1702
1388
1755
1320
1475
1836
1465
2697
1594
1764
1588
2154
1532
1873
1582
3954
1542
1369
1534
1355
1694
1351
1556
1323
1615
1263
1610
1276
1593
2057
1513
1944
1482
1848
1658
2487
1648
3519
1473
2268
1480
1276
1666
1266
1614
1303
1635
1227
1736
1200
1803
1208
1810
1800
1548
2436
1604
4459
1694
1814
1980
4670
2132
2668
2332
1208
1415
1279
1482
1367
1483
1322
1403
1360
1451
1463
1538
1616
1470
1657
1995
1578
1628
1943
1412
1870
1390
1647
1466
1496
1473
1383
1482
1527
1469
1576
1450
1551
1475
1598
1423
1617
1760
1736
1566
1733
1642
1617
1794
1609
1812
1988
1492
1499
1469
1599
1488
1820
1406
1732
1393
1572
1394
1700
1461
1967
1989
2254
1571
1906
1979
1850
1749
1968
1451
1994
1467
1579
1434
1528
1310
1643
1376
1599
1486
1487
1475
1544
1575
1730
1412
1743
1724
1863
1625
2290
1702
2839
1892
1758
1454
1496
1515
1583
1416
1618
1489
1705
1547
1465
1463
1403
1513
1748
1525
1740
1719
1730
1533
2016
1731
1917
1783
1977
1533
1441
1724
1409
1533
1453
1425
1536
1602
1550
1517
2113
1603
1728
1728
1596
1689
1748
1796
1607
1568
1547
1504
1750
1608
1564
1533
1612
1577
1540
1694
1388
1657
1446
1770
1441
2049
1833
1811
1695
1762
1794
2038
1840
2191
1725
2440
1704
2916
1394
1473
1460
1450
1679
1509
1593
1554
1551
1377
1527
1471
1727
1644
1492
1700
1898
2309
1931
1425
1666
1589
1506
1583
1551
1485
1553
1423
1615
1375
1630
1435
1532
1503
1668
1384
1594
1944
1739
1389
1863
1639
1817
1497
1538
1579
1704
1453
1815
1574
1617
1498
1635
1430
1461
1411
1423
1438
1551
1498
2664
1455
1835
1697
1953
1438
1786
1590
1876
1628
2194
1760
1466
1474
1477
1483
1604
1447
1516
1441
1507
1452
1603
1526
1647
3884
1683
1485
1573
2460
1640
1826
1579
1940
1864
1504
1583
1601
1607
1463
1584
1430
1480
1363
1532
1372
1521
1571
1529
1621
1762
1694
1673
1742
1752
1678
1555
1600
1574
1569
1520
1469
1629
1550
1553
1475
1599
1514
1679
1490
1779
1547
1423
1602
1806
1534
2198
1547
1685
1682
1594
1472
2456
1532
1631
1499
1465
1495
1574
1625
1469
1679
1600
1594
1736
1797
1671
1536
1760
1561
1588
1653
1625
2018
1631
1891
1647
2371
1403
1393
1456
1490
1656
1402
1497
1633
1583
1359
1726
1444
1478
1450
1563
1458
1904
1541
1713
1479
1555
1409
1670
1496
1499
1385
1602
1462
1580
1411
1468
1442
1454
1374
1604
1402
1485
1430
1644
1400
1712
1534
1610
1332
1888
1428
2082
1401
1718
1461
1652
1461
1806
1506
1577
1430
1524
1427
1711
1413
2285
1356
2041
1545
1757
1342
1645
1529
1875
1491
1661
1591
1540
1483
1418
1356
1401
1435
1604
1542
1574
1470
1450
1446
1824
1803
1589
1524
1652
1529
1898
1694
1754
1766
1741
1570
1380
1485
1577
1425
1735
1377
1844
1383
2007
1486
1918
1428
1751
1581
2074
1612
1617
1624
1544
1680
1552
1532
1645
1496
1643
1429
1540
1532
2390
1523
1646
1577
1379
1456
1455
1552
1631
1440
2340
1612
2198
1761
2790
1558
1765
1653
1615
1588
1420
1561
1534
1578
1407
1594
1468
1798
1663
1518
1515
1795
1545
1684
1575
1548
1637
1787
1645
1792
1540
1870
1584
1965
1405
1359
1470
1450
1393
1415
1602
1463
1420
1359
1570
1447
1764
1547
1797
1684
1703
1462
1612
1487
1702
1386
1562
1439
1441
1364
1981
1454
2230
1475
2284
1485
2535
1510
2041
1458
1749
1489
1916
1522
1721
1349
2146
2294
2478
1488
1716
1507
2765
1546
1663
1409
1792
1447
1453
1637
1543
1558
1704
1345
1703
1657
2092
1450
2265
1448
1687
1565
1745
1407
2352
1435
1367
1474
1604
1492
1591
1371
1665
1542
1715
1441
1540
1447
1500
1516
1554
1744
2110
1775
1641
1660
1646
1664
1654
1724
1465
1473
1679
1425
1487
1423
1349
1382
1287
1425
1745
1379
1773
1828
1579
1718
1752
1808
2298
1536
1518
1497
1578
1552
3140
1638
4812
1819
1768
1429
1580
1517
1676
1605
1668
1546
1619
1449
1685
1600
1748
1665
1704
1679
1593
1672
1895
4456
5702
1468
4409
1469
4250
1605
4438
1612
3324
1739
3692
1690
1805
1537
1806
1885
3625
2159
2099
1764
1792
1876
1712
2106
1451
1397
3290
1558
1959
1382
1761
1427
1675
1421
1577
1414
1660
1421
1653
1872
1478
1625
1703
1648
2031
1592
1663
1549
2448
1423
2308
1440
1812
1339
1671
1443
1800
1365
1746
1513
1889
1850
2022
1441
2444
1659
2330
1352
1783
1419
1855
1853
1759
1586
1932
1447
1642
1429
1476
1455
1470
1437
1464
1378
1722
2098
1868
1530
1708
1435
1573
2272
1901
7376
1605
2342
1984
1456
1420
1406
1645
1402
1533
1510
1799
1421
1556
1385
1607
1597
1738
1648
1578
1531
2173
1930
1766
1746
2312
2008
1239
1549
1513
1383
1548
1427
1730
1391
1561
1502
1404
1571
1700
1760
1675
1603
1902
1907
1814
2305
1788
1672
2086
1826
1456
1569
1612
1451
1549
1633
1332
1462
1811
1606
1727
1635
1926
1696
1823
1618
1890
1731
1598
1851
1588
2166
1721
1663
1984
1676
1568
1787
1562
1637
1404
1551
1399
1730
1373
1667
1772
1539
1868
1590
1794
1720
1770
1902
1663
2066
1803
1940
1548
1843
1489
1354
1601
1418
1614
1342
1766
1382
1581
1444
1435
1669
1732
2244
1431
1741
1574
1504
1689
1510
1568
1800
1373
1382
1639
1379
1512
1408
1407
1335
1825
1455
1745
1478
1552
1424
1646
1772
1724
1657
1824
1910
1688
1508
1819
1623
1586
1425
1492
1552
1577
1362
1529
1484
1635
1482
1641
1491
1686
1507
1624
1596
1721
1732
1729
1647
1948
1701
1809
1852
1541
1377
1681
1431
1824
1487
2061
1492
1766
1419
1750
1383
1929
1707
1777
2613
1690
1840
1983
2054
2463
1837
2273
2820
1687
1444
1995
1374
1693
1403
2020
1488
2170
1400
3424
1357
1657
1795
1632
2155
1783
2150
1676
2485
1716
1664
1800
1504
1311
1476
1668
1465
1637
1417
1691
1507
1620
1501
1550
1534
1697
1541
1789
1757
1564
1572
1615
1815
1657
1651
1654
1705
1638
1483
1438
1643
1804
1601
1575
1541
1793
1681
1737
1691
1678
1763
1605
3087
1831
1745
1572
1662
1558
1778
1528
1839
1442
1437
1376
1355
1376
1331
1451
1410
1482
1411
1531
1464
1514
1992
1395
2260
1501
2004
1474
1584
1559
1430
1452
1514
1462
1471
1340
1454
1464
1397
1400
1347
1370
1446
1642
1374
1476
1563
1441
1384
1484
1689
1733
1405
1752
1840
1867
1619
1360
1306
1498
1576
1728
1383
1638
1449
1741
1427
1913
1451
1864
1393
1974
1512
2060
1438
1854
1573
1614
1624
1826
1555
1572
1387
1874
1374
2042
1491
1972
1400
1918
1539
1756
1558
1810
1738
1660
1764
1693
2716
1668
1476
1794
1583
1640
1564
1611
1566
1814
1386
1940
1498
1520
1517
1451
1409
1383
1453
1775
2901
1627
1552
1636
1613
1740
2216
1837
1587
1624
1572
1398
1504
1456
1462
1498
1569
1402
1531
1486
1482
1477
1536
1942
2656
1750
1776
1728
1862
1533
1696
1800
3488
1976
3210
1307
1526
1482
1621
1574
1703
1630
1473
1391
1737
1395
1806
1804
1509
1591
1686
1580
1664
1519
1640
1488
1664
1502
1774
1302
1469
1238
1534
1444
1346
1507
1353
1363
1362
1556
1318
1586
2362
1467
1732
1483
1585
1502
1897
1530
1373
1500
2215
1518
1506
1500
1370
1394
1455
1616
1541
1492
1586
1472
1414
1591
1566
1627
1349
1568
1593
2192
2008
1835
1628
1581
2314
1706
1333
1474
1399
1855
1371
1528
1382
1652
1490
1696
1395
2062
1940
2393
2114
1943
2877
1882
1850
1911
2416
1798
1575
1425
1410
1658
1430
1686
1453
1728
1767
2112
1576
1588
1519
1728
1430
1696
1578
1556
1755
1697
1821
1717
1903
1796
1586
1680
1536
1706
1463
1552
1434
1503
1457
1676
1454
1820
1408
1796
1655
1679
1804
1718
3281
2201
1619
1720
1596
1796
1577
1462
1411
1492
1489
1582
1627
1508
1511
1428
1478
1540
1605
1791
1815
1743
1715
1693
1854
2644
1685
2164
1524
1953
1571
1540
1499
1679
1674
1513
1657
1474
1637
1449
1872
1597
1856
1684
2959
1521
1608
1386
1704
1417
1586
1365
1752
1485
1952
1244
1462
1365
1453
1588
1281
1530
1437
1663
1506
1675
1382
1687
1498
1498
1640
1583
1622
1719
1874
1556
1902
1685
2619
1394
1406
1515
1345
1492
1367
1700
1519
1712
1443
1662
1489
1576
1340
1652
1780
1708
1586
2021
2268
1606
1653
1726
2126
2007
1333
1642
1432
1436
1344
1542
1373
1527
1344
1527
1363
1658
1522
1630
1660
1634
1833
1891
1805
2125
1596
1916
1690
1662
1390
1518
1335
1685
1477
1813
1445
1854
1513
1746
1671
1755
1532
1859
1556
1692
1778
1607
1929
1555
2038
1795
1668
1528
1560
1604
1410
1560
1347
1478
1451
1476
1615
1474
1573
1674
1521
1776
1690
1644
1638
1729
1774
1733
1552
1645
1477
1364
1469
1462
1401
1380
1407
1405
1586
1406
1610
1456
1657
1644
1752
2138
1755
3200
1863
1628
1694
1930
1613
1544
1639
1472
1674
1559
1653
1468
1682
1450
1669
1386
1750
1413
1752
1620
1691
1484
1703
1613
3004
1580
2284
1985
1853
1528
1961
1528
1497
1449
1471
1576
1395
1614
1438
1784
1378
1558
1389
1707
2259
1551
2049
1689
1651
1876
2166
1853
1548
2326
3380
1378
1420
1661
1398
1576
1467
1554
1366
1462
1237
1381
1377
2159
1724
2347
1688
1689
1617
1733
1696
1775
2123
1745
1562
1655
1286
1630
1371
1516
1402
1614
1370
1624
1466
1636
1503
2272
1621
1710
2072
1735
1499
2073
2470
1788
1800
1553
1757
1478
1419
1450
1439
2092
1474
2796
1409
2758
1427
3231
1449
1562
1814
1735
1588
2408
2864
1704
1761
1530
1734
1649
2638
1661
1521
1559
1498
1660
1366
1458
1523
1534
1558
1468
1504
1626
2092
1693
1506
1683
1555
1680
1792
2472
1702
1610
1689
1370
1478
1423
1589
1476
1459
1468
1575
1588
1545
1714
1563
1869
1722
1910
2270
1903
1908
1650
2289
1814
1735
1948
2112
1662
1644
1668
1643
1610
1553
1478
1605
1491
1701
1455
2131
1652
1682
1891
1650
1842
1908
1737
1884
1633
1868
1632
2004
1574
1443
1488
1383
1506
1393
1480
1514
1538
1306
1477
1435
2334
1723
2212
1622
1812
1432
1850
1734
2285
1566
1606
1688
1560
1443
1648
1415
1586
1447
1568
1391
1505
1384
1572
1399
1570
1706
1580
1542
1729
2090
1826
2021
1852
2352
1993
1857
1400
1365
1558
1397
1558
1346
1439
1308
1592
1337
1618
1358
1855
1687
2789
2182
1909
1981
1960
1969
1791
2322
2169
1723
1650
1406
1531
1627
1821
1513
2152
1441
2224
1499
2036
1538
1572
1506
1673
1388
2003
1594
2189
1963
1683
1793
1705
1470
1694
1486
1678
1502
1574
1546
1634
1626
1429
1466
1540
1555
1834
2484
1856
1990
2177
5470
1780
1542
1729
2818
1778
1836
1766
1593
1688
1499
1737
1502
1765
1609
1572
1487
2093
1416
1836
1504
1737
1880
1608
2331
1756
1763
1752
1657
1673
1711
1309
1514
1345
1671
1330
1493
1428
1695
1406
1682
1482
1778
1642
1748
1495
2409
1603
1900
1587
2040
1812
1969
1729
2165
1331
1484
1367
1455
1458
1383
1654
1425
1642
1345
1768
1546
1846
1772
1800
1720
1728
1577
1562
1615
2241
1511
1704
1660
1428
1315
1336
1474
1492
1374
1403
1372
1479
1387
1702
1276
1705
1946
2319
1530
1930
1559
2425
2280
2060
1492
2708
1547
1500
1346
1535
1394
1464
1435
1492
1378
1453
1431
1446
1362
1655
1529
1838
1429
1741
1468
1738
1514
1680
1622
1952
1537
1382
1253
1447
1353
1554
1553
1585
1422
1764
1447
1836
1587
1742
1517
1579
1537
2648
1569
2190
1516
2207
1594
1612
1459
1900
1628
1708
1502
1430
1583
1399
1483
1508
1619
1482
1539
1786
1518
1685
1573
1939
1628
1555
1463
1656
1505
1743
1520
1904
1615
1468
1579
1442
1515
1490
1518
1482
1681
1442
1570
1809
1656
2186
1758
1815
1517
2232
1699
1714
1547
1826
1618
1402
1497
1429
1543
1441
1626
1409
1650
1483
1702
1394
1771
1644
1591
1494
1604
1502
1695
1506
1716
1505
1791
1682
1824
1336
1450
1348
1402
1450
1357
1480
1431
1554
1446
1499
1406
1567
2038
1551
1611
1629
1604
1659
1451
2799
3234
2816
2417
1359
1505
1524
1458
1453
1476
1434
1410
1524
1403
1878
1418
1525
1650
1558
1674
1756
1425
1816
1555
1856
1981
1810
1667
1623
1385
1636
1377
1694
1403
1536
1353
1524
1447
1708
1378
1597
1700
1703
1665
1973
1669
1647
1561
1717
1545
1960
1485
1488
1438
1665
1446
1548
1445
1553
1443
1626
1397
1466
1499
1772
1606
1706
1617
1918
1449
1760
1537
1724
1521
1689
1918
1381
1595
1430
1509
1517
1547
1560
1531
1518
1498
1516
1598
1671
1613
1827
1662
2036
1546
1664
1579
1909
1770
1863
1535
1326
1405
1400
1358
1375
1550
1412
1586
1492
1610
1370
1443
1697
1636
1793
1476
1812
1632
1600
1885
1676
1749
1755
1669
1540
1594
1515
1393
1412
1605
1447
1875
1504
1615
1452
2013
1744
1611
1775
1758
3807
1831
2366
1641
1536
1841
1617
1927
1374
1401
1443
1370
1424
1470
1468
1489
1448
1677
1470
1499
1714
1738
2645
1561
1527
1411
1475
1518
1365
1499
1571
1440
1240
1395
1502
1317
1490
1450
1524
1395
1546
1340
1586
1502
1724
1439
1938
1497
1908
1652
2380
1630
2194
1820
1794
1526
1665
1399
1639
1385
1548
1491
1470
1405
1523
1413
1451
1338
1761
1657
1749
1535
2416
1535
1720
2069
2047
1491
2005
1546
1635
1345
1665
1507
1548
1461
1630
1401
1477
1462
1476
1494
3298
1639
1749
1633
2144
1540
2552
1497
2333
1540
1724
1637
1536
1535
1490
1568
1446
1463
1570
1414
1611
1618
1885
1433
1731
1527
1648
1635
1784
1535
3227
1471
2040
1510
1732
1632
1291
1582
1534
1495
1450
1706
1622
1666
1528
1692
1734
1584
1802
1733
1667
1651
1649
1515
1500
1473
1852
1584
2065
1832
1497
1534
1524
1568
1452
1792
1634
1636
1529
1723
1366
2018
1901
1665
1682
1616
1580
1885
1703
1781
1492
1769
1615
1951
1631
1604
1462
1431
1554
1394
1508
1625
1626
1398
1454
1309
1741
1661
2728
1944
1523
1477
1790
1578
1668
1480
2158
1835
1449
1314
1460
1385
1525
1300
1505
1302
1566
1279
1506
1417
1544
1716
1893
1420
1923
1784
1822
1579
1870
1405
1803
1355
1586
1298
1556
1434
1976
1359
1652
1351
1558
1385
1494
1286
1611
1492
1683
1486
2457
1517
1749
1435
1984
1554
1773
1517
1588
1420
1498
1386
1620
1394
1612
1381
1681
1398
1772
1501
1676
1529
1571
1659
1812
1599
1795
1672
1941
1645
1768
1621
1510
1567
2286
1464
1712
1483
1892
1410
1503
1593
1678
1556
1688
1468
1703
1531
1788
1512
1444
1439
1363
1387
1532
1537
1814
1583
1966
1563
1800
1630
2362
1618
1748
1726
1474
1477
1764
1605
1752
1668
1888
1592
1562
1644
1658
1555
1895
1594
1400
1455
1393
1819
1634
1780
3946
1764
3468
1650
2174
1854
1906
1544
1591
1563
1565
1773
1746
1625
1903
1855
1697
1811
1270
1571
1466
1381
1546
1295
1720
1348
1892
1363
1986
1299
1493
1486
1575
1465
1611
1521
1508
1557
1914
1573
1784
1474
1708
1496
2264
1446
2240
1473
2541
1429
2240
1419
2087
1417
1868
1394
1849
1524
1608
1513
1659
1618
1748
1527
1527
1442
1860
1375
3814
1379
2480
1318
2734
1439
2696
1309
6864
1483
1580
1532
3793
1717
3434
1767
2923
1524
2426
1512
1663
1587
1916
1469
1817
1425
1602
1579
2348
1493
1830
1377
1530
1563
1647
1547
2091
1502
1618
1575
1724
1599
1771
1492
1926
1536
1964
1443
1794
1458
1335
1415
1714
1590
2194
1565
1906
1528
1666
1667
1777
1708
1880
1903
2308
1653
1452
1493
1480
1493
1310
1592
1484
1634
1730
1631
1994
1639
1998
1653
2548
1561
1632
1574
1584
1512
2104
1751
1535
1553
1741
1493
1967
1561
2096
1490
1568
1545
1816
1522
2214
1576
1796
1638
1808
1826
1841
1661
2608
1559
1660
1774
1770
1883
2512
1686
1807
1672
1263
1680
1984
1416
1892
1334
1332
1460
1896
1542
2024
1486
1542
1489
1654
2351
1585
1639
1800
1983
1477
1594
1630
1538
2280
1371
1691
1403
2458
1516
2368
1274
2362
1315
1966
1454
1613
1610
2514
1901
1746
1742
2244
1649
2116
1574
1810
1685
1940
1365
1910
1417
2014
1371
1791
1338
1761
2189
1464
2043
1813
1737
2073
1669
1992
1634
2881
1673
1696
1735
1609
1531
1629
1465
1691
1432
2151
1514
2275
1441
1978
1375
1700
1505
1560
1571
1666
1627
1829
1747
1559
1696
1650
1599
1746
1524
1227
1509
1506
1420
2168
1395
2068
1379
2531
1542
1638
1544
1940
1709
1632
1670
1952
1628
1878
1593
1904
1661
1928
1659
1730
1553
3374
1638
2118
1619
1748
1387
2091
1522
1800
1622
2779
1558
1729
1448
2024
1641
1968
1697
1649
1573
1549
1641
1832
1425
1412
1542
3206
1670
2180
1491
4276
1600
2096
1973
1701
1523
1685
1525
1811
1781
2011
1643
1956
1641
1609
1801
1570
1617
1956
1448
1840
1378
3380
1605
1570
1429
1940
1419
1908
1663
1961
1695
1783
1424
1492
1585
2268
1621
1781
1519
1858
1404
2466
1433
1485
1512
1849
1322
2211
1391
1984
1395
1678
1514
1728
1929
1890
1602
1893
1847
1832
1743
1784
1741
1750
1407
1285
1473
1809
1430
1512
1401
1348
1374
1863
1433
1861
1816
1972
1895
1959
1675
1733
1751
1880
1618
1641
1678
1692
1382
2054
1462
2294
1394
1937
1481
2272
1415
1682
1497
1478
1724
1620
1560
1851
2220
1917
1672
2441
1569
1766
2003
4376
1482
2763
1375
1597
1452
2066
1536
1634
1443
1752
1591
1789
1637
2042
1797
1586
2225
1834
1687
1865
2162
2408
1566
1740
1519
2120
1618
2173
1592
1866
1584
1744
1513
2478
1541
1888
1609
1717
1447
1716
1509
1982
1547
1803
1584
1830
1595
1932
1547
2301
1759
2864
1623
1814
1554
1590
1654
1740
1888
2004
1603
1852
1673
3127
1707
1600
1607
1613
1650
1705
1847
2700
2054
1844
1571
1421
1439
3417
1590
1418
1463
1599
1552
1434
1659
1838
1619
1728
1583
1450
1585
1462
1733
1868
1843
2329
1482
1615
1490
1706
1422
2856
1501
6067
1401
3438
1498
1939
1596
1619
1465
2008
1557
1607
1679
1592
1537
1868
1666
2332
1522
1944
1390
2106
1348
1968
1417
1758
1315
1768
1455
2663
1665
1828
1604
1872
1552
1989
1665
1780
1623
1716
1523
1616
1441
1572
1492
2748
1397
1416
1401
1774
1534
2646
1469
1634
1624
1613
1662
1840
1637
2676
1649
1831
1652
1896
1596
1594
1414
2044
1490
3514
1415
4072
1527
2288
1548
3202
1596
1931
1616
1859
1787
1638
1507
1714
1507
1991
1551
3349
1657
1718
1610
2673
1554
1804
1525
1853
1510
2042
1605
2386
1562
1808
1641
1660
1476
1702
1609
1705
1692
1660
1427
1684
1832
2056
1639
5000
1803
1895
1691
2472
1653
2575
1699
3532
1912
1680
1596
1964
1986
1850
1611
1697
1575
1991
1859
2000
1693
3801
1431
2182
1546
1432
1338
1522
1370
1978
1565
2073
1469
1745
1620
1967
1557
1515
1540
1466
1603
1570
1943
1600
1801
2755
1431
3274
1359
1436
1449
3608
1378
2266
1404
3932
1414
1643
1546
1605
1629
1984
1702
1839
1478
1820
1585
1969
1629
1607
1400
1502
1518
1688
1381
2482
1311
1624
1355
2614
1400
1647
1575
2198
1473
2123
1543
1765
1529
3489
1648
2774
1443
1414
1475
1380
1439
3020
1512
2645
1483
2362
1494
3227
1455
2063
1580
1651
1696
1920
1796
1854
1705
1650
1621
2110
1552
1524
1481
1991
1418
1640
1406
2750
1529
4689
1507
6724
1422
1768
1601
1905
1683
1555
1650
1823
1552
1616
1461
1683
1860
2759
1649
2979
1480
1682
1588
2118
1579
3728
1683
1958
1713
1903
1650
1705
1635
1886
1468
1705
1676
1851
1561
1576
1895
1873
1695
2239
1869
1638
1871
1353
1636
2018
1662
1712
2132
1701
1689
1620
1736
1794
1637
1900
1812
1768
1595
1831
1653
1263
1365
1779
1471
1958
1329
1982
1436
2615
1437
1958
1436
1637
1481
1715
1563
1415
1665
1388
1684
1606
1699
1777
1611
1594
1383
2126
1325
1484
1307
1577
1499
3427
1453
3804
1462
1656
1623
1615
1527
1899
1541
1898
1590
1827
1532
1830
1481
2062
1444
1492
1422
2767
1397
1862
1443
2662
1522
2532
1466
1785
1624
2063
1609
1586
1571
1955
1493
1906
1633
1839
1727
1866
1432
3067
1463
2366
1470
1688
1486
2128
1381
2204
1539
3632
1617
1838
1593
2042
1725
2258
1725
2248
1570
1609
1638
1402
1327
2127
1431
1929
1413
3018
1505
4584
1549
1942
1889
1922
1737
2500
1553
1828
1677
1857
1600
1865
1692
2156
1578
2132
1577
4714
1507
4972
1666
1950
1589
2958
1635
2429
1701
2716
1609
1994
1608
1716
1570
1889
1730
1636
1558
1714
1565
2215
1688
2714
1685
1600
1745
2252
1806
2759
1838
1987
1837
1693
1394
1482
1467
1495
1649
1997
1927
