2477
6119
1984
2122
1784
6740
3492
4015
2675
1848
2191
1635
4770
9254
1818
2102
6281
13036
9246
2629
5284
2600
2203
3017
3068
2085
2610
2646
5054
2659
1338
3208
1943
3757
1531
2769
1522
2810
2471
2182
2035
6647
2122
2810
3694
2591
1722
1882
4408
6818
2873
1735
5321
3180
2913
3230
2022
3078
5592
2466
2099
1902
1941
3531
2690
4791
5821
2147
4028
1849
3080
1909
1787
3465
1889
5980
2225
4098
1783
2576
2825
3404
1589
1677
2771
2348
2411
1875
1809
2034
2753
3472
1453
3601
2699
1999
1556
1629
2507
1977
3985
1999
1690
2891
2684
2846
2983
11322
4792
2798
10963
12437
2242
2565
6983
1656
1789
1779
2920
1883
1593
2309
5616
1876
2855
1825
2044
1800
1765
4180
2337
2482
1720
2136
5682
2159
4486
7859
1540
2828
4017
2422
2024
2074
2017
2497
2713
2478
3583
2238
2774
2011
3249
2268
1869
2890
2189
3362
3045
1935
1953
2780
2913
2671
2292
4265
2128
2208
5274
2835
2325
4548
2413
3511
4574
3224
1863
2175
2063
8126
1734
1753
7937
3363
2627
4824
2534
1858
6301
1756
1772
2488
1780
2349
1610
2144
1383
2901
1320
6194
1433
2600
2286
3450
1406
2867
9609
4599
6159
8093
8866
3009
1986
3765
4466
4520
2694
4174
1362
4030
1482
5808
1561
2261
1406
2708
1357
6507
1442
2406
2235
4980
7500
6130
1833
10280
16693
2022
2341
2836
8014
4703
1433
1950
1481
1785
1472
4439
1451
5449
1512
2569
1402
3171
2358
9601
5675
4208
5884
2545
3937
2247
2130
4931
1482
2530
1482
2652
1407
3906
1371
2605
1473
2577
1395
2671
1628
3982
6005
1830
4650
2168
2525
3026
1895
1692
2364
1404
1675
2015
2473
6899
2593
3093
2686
3966
8116
2243
1654
1931
1518
2004
5211
4878
3778
3161
3881
1880
6087
1883
2705
2686
1713
1698
1577
4576
2680
1997
1539
2767
1435
2777
1567
2627
1730
2256
2029
4124
3572
1947
2211
2555
5117
1571
2150
3170
2334
2729
1564
6678
1546
2691
1561
4359
1414
2077
1460
5426
1383
2429
1819
1853
9117
4081
2476
2175
4360
1622
2567
1834
3741
4688
1464
2868
1324
3452
1395
2084
1278
4709
1415
4546
1388
2365
1925
4968
3112
2487
1935
2334
3930
2329
5531
1870
1673
1649
1465
2224
1429
2864
1342
1669
1315
1582
1440
2071
1471
2967
2344
3284
3849
2043
2093
2177
6559
2779
2692
2045
9300
2344
1347
1618
1383
1842
2939
2352
1311
2016
1388
2061
1430
2303
2065
2825
2149
2163
3234
2443
2308
1692
3274
2019
2329
2029
1250
2128
1313
1910
1334
5436
1356
6175
1408
1340
1926
3223
1900
1525
5515
3831
1964
2344
2747
2178
1377
1213
2114
2577
2014
2110
2113
4151
1924
4229
4144
1891
2153
2339
2539
2746
3214
1464
2802
2022
2800
2043
2279
1670
2246
1520
2116
1717
1381
2990
2308
2015
2899
2327
2004
3174
5087
2899
2589
2346
2769
2058
3578
1543
1848
1732
4159
1818
1665
2067
1944
1547
5655
3608
2069
2440
3374
7026
4632
5536
5527
2152
4497
3364
2093
1828
4149
1862
4607
5452
2283
2619
2372
1802
1970
2941
2852
2066
1918
2190
1914
2581
2243
2894
4702
2952
2414
2048
1502
1921
1511
3646
2838
11930
8245
6008
1770
1558
1771
2642
1913
3045
4013
2444
2823
3772
3785
3447
3481
4372
2078
2637
1877
4752
8002
3907
4481
6380
3074
2733
1709
2364
2775
2796
1401
2616
2953
2592
3901
2125
2852
3183
2335
2607
1613
2004
1696
1436
3501
1648
1720
3294
1961
1524
4160
1291
1382
1394
1738
2406
1730
2539
2751
3408
1539
1804
2336
3713
3603
1737
1654
2146
1841
3651
4376
1620
4144
2317
2291
3603
5426
13021
16693
2143
1705
2745
2001
2816
1870
2095
1861
2440
2122
1845
2558
2095
1715
1641
4363
2089
2448
2026
4086
3288
5024
6437
1853
2292
2648
3088
1931
3617
1561
2077
3637
2117
1814
2582
2847
1683
1854
1350
1881
1618
3148
3897
1822
1827
1555
1410
1405
2350
1891
1735
2015
2024
1911
1956
2080
2755
2309
2509
3382
2294
3101
2175
2573
1825
2142
2399
2707
1622
2729
2515
2996
6939
1585
2377
2635
4550
3651
2360
4104
2521
3681
2406
2145
3131
1861
2470
1513
2027
1870
2263
2016
1708
1950
2167
1947
3313
2083
5301
1788
2408
2106
2171
1921
2324
1664
2173
1993
2127
4170
1888
2340
2475
4052
1860
1599
2100
2891
2360
3031
1885
8270
5054
2129
4096
2577
2209
2628
2616
3980
4200
6648
2455
3886
2056
3538
3792
8068
3988
10924
5417
2193
2632
1426
3024
1812
3806
2153
3492
1966
1894
2245
3198
2921
3525
2526
2752
2468
1784
1729
1765
1733
2326
5569
3269
6808
1875
3423
4172
1883
4124
2001
7504
2762
2332
4358
2048
2903
4236
2617
1910
2202
2496
4890
3249
2422
1915
8513
2214
4888
1706
2271
4733
2833
2528
4481
4605
1770
5767
7327
4493
4892
4166
5850
1912
2753
1884
2081
2350
3171
1663
2007
2508
2614
3769
2681
3387
3371
1938
2444
2606
2693
1898
4279
2487
2661
2979
2008
2692
1878
3024
1399
2437
2701
2217
1536
2238
1461
2241
1739
3704
3481
3174
6316
2027
2199
1991
4489
3834
3153
2644
4404
2519
4618
4158
1949
2211
3005
2019
2076
3504
1518
2817
2603
5515
2411
2894
3084
2117
2162
3265
1954
2508
1656
2599
2791
2616
3017
4837
1827
2078
2172
2630
2697
2248
2975
2970
1805
2065
5130
7029
5105
2121
2027
1953
2285
1887
1741
3379
4803
1976
4306
5253
2643
1349
4073
1698
2914
5170
4274
1754
3016
6841
1558
2588
2334
2358
2784
3187
2322
2548
4355
1713
2021
2024
4602
1623
1759
1503
3064
2461
2627
5576
2044
1887
1328
1895
3005
3389
2929
4786
2538
3683
2473
2896
7250
4372
2249
1631
2148
3218
15379
1938
2908
2013
2079
1626
1787
2013
1759
2413
3296
2018
2468
2497
4212
7043
5750
3377
3289
2707
6319
2792
2807
1804
1516
4930
15270
1610
2008
1683
1973
3029
2448
4897
1894
2111
2369
5079
2035
5587
3496
2996
4846
2662
2113
2089
4648
3204
2054
2742
3224
2973
2071
1967
2562
2111
1713
3178
2450
2154
2081
2846
1995
2647
18343
2180
2821
2523
3632
7801
4718
2172
1826
2942
2463
2273
2578
2494
3863
1746
2347
3885
3163
2226
3770
3589
3265
4811
9515
2059
2075
22792
1745
1967
1479
2405
1792
2667
1945
5258
2824
2586
2688
2130
1993
2230
2793
3928
1806
2945
2415
2703
2712
8108
2035
3070
1684
1496
2585
1653
1889
1491
1892
1980
2081
2517
2222
1602
1725
2544
2618
1987
1651
1902
2070
2189
3138
3316
1825
2043
2027
2057
3091
6478
2324
1547
2076
13682
10527
2429
2635
1992
2807
2222
2117
3185
2000
2213
1551
8041
1686
1899
4164
3217
3172
1817
3945
3655
17980
6927
2739
5048
2892
2755
2250
1868
2064
3271
2949
2487
2130
2366
5757
3114
4727
12116
7083
2714
4746
1797
3925
2759
3328
1622
2635
2847
2023
1896
2260
1947
4149
2499
3772
2638
2995
1696
2062
1939
3709
2551
3190
2415
1685
2841
3069
2412
2941
2472
2768
1848
2073
3597
2693
4252
2854
2451
3139
2539
3409
4097
7630
2210
1709
2952
1621
2258
1730
4297
9018
6053
5112
2662
3606
2439
3279
3351
1589
5421
1879
2202
1856
4744
2148
1760
2499
2570
4110
2334
5837
5336
1573
2172
2386
2668
1727
1912
2506
2681
2189
2589
3019
3350
1459
1724
1868
1932
2443
2662
3852
3969
3852
4232
4154
4185
2935
2427
2149
2016
2883
2549
3894
2714
1875
2177
2868
2638
1943
2597
2070
1960
2084
2487
2368
3172
2026
3753
2609
6855
3748
2246
2816
2559
5798
3229
2104
2803
1823
2139
3048
2006
2674
1922
2171
1981
2694
2715
3292
3176
2275
2031
3376
1798
2293
2144
4283
1728
2124
1663
2261
1731
3056
3471
3496
3489
3142
1969
2258
2311
3837
3897
1972
2316
2423
2595
3016
3351
6595
6618
1564
3107
5048
2580
3281
2379
3817
3488
2249
6690
1360
1807
3455
2504
4520
3325
1881
1933
2357
2797
2412
3084
7739
1671
3183
2067
1386
1695
2983
2901
1721
2111
2337
6446
2748
3183
13978
5618
7556
2103
4298
13799
2384
2438
5273
3569
1880
3888
2146
1916
3135
2320
3916
3135
2590
3108
2279
2834
1621
2103
2027
2468
4093
1953
2441
2127
1961
2943
2858
2771
1544
2154
2025
5369
7619
2195
1874
3443
2841
4026
2762
3488
2480
4041
1945
3633
3221
2042
6324
7111
2826
3307
2992
1773
2606
1649
1769
2229
1881
2161
2113
1794
1768
5440
1972
2185
1498
1612
5523
2889
3012
2655
2618
4047
3736
1898
2064
2081
1925
4173
3712
2045
3222
2164
2884
2006
2498
3860
2060
3496
3542
2889
3118
3608
2147
3122
2125
3258
2183
4290
2280
3309
3885
2542
1696
5477
4612
2867
4409
1848
3704
2084
3706
5724
2205
2276
4287
2835
7177
2125
2295
3508
1678
2472
2810
2116
3709
3190
2938
4840
3486
1885
7055
3510
1852
2009
2080
2258
1720
1554
2292
1738
2709
3115
1873
4669
3700
2302
3184
2054
5895
1767
1834
1775
1722
1757
2328
2096
2765
2248
3273
3672
1890
2698
2256
1934
2186
2232
4393
1866
8551
1715
10620
3089
2494
1793
2687
1616
2491
1823
1798
1634
3425
2489
2094
1608
2891
2337
4920
3505
1539
1870
4443
2636
2647
4209
6946
1910
2570
2190
2112
2170
4564
2167
2265
2728
2633
2083
2792
3420
1692
2636
2689
3954
2855
1724
7308
2813
2509
2506
3028
2185
16821
1644
2042
1962
1842
8129
2557
1897
2142
1793
1992
3430
1594
1714
2099
2435
2881
9410
2743
3344
2212
3729
1961
5329
2000
4170
3118
2651
1826
3378
2724
1818
4915
1599
3832
1869
1334
1919
6669
3766
2266
3699
3597
3276
4056
2240
1635
3319
3685
2811
2495
3772
2201
2310
6326
2453
2470
1555
2049
1594
2091
8476
1454
2850
2759
2326
2932
3707
2418
2297
1755
1889
2190
1681
1723
3910
2707
2621
1614
1575
2563
2735
7082
4086
2802
10358
1972
11114
2123
2438
2194
1923
3073
3092
4854
1988
1647
2060
2053
3294
4936
3939
3145
2153
1715
1535
2197
1742
2478
6056
2502
2440
3834
2146
5041
3200
1893
2037
1758
2866
2663
2655
2332
8341
15765
2060
3682
1701
2317
2028
5942
2842
1379
2436
1756
3106
1737
2090
4066
1993
1889
4011
3378
4673
1949
2089
2738
2935
3005
2036
2119
2905
5863
4129
5766
3773
1696
6136
1844
8197
2000
1881
2898
3564
2502
4095
3503
2307
2025
2801
2212
7563
4110
2332
1759
2253
2287
1587
2143
4026
3362
11458
3470
3470
2139
2695
5810
1910
3853
2532
2460
2002
1919
6198
2033
1734
3794
3592
11298
7148
1980
1791
1554
2058
1622
2493
1513
2308
1684
1552
2016
4728
5306
13117
6832
2975
1694
5129
3521
2451
4165
2945
2546
2906
2805
1463
1776
4715
3742
1665
2302
2592
7717
2422
3480
3064
3162
2572
2243
1679
1780
1469
2403
1847
6021
6960
3375
1631
3317
1776
3261
2512
5022
9340
1785
4203
4205
2988
3015
3722
1941
2044
2502
2718
3236
2598
2154
1926
1954
1697
2873
1878
3282
3120
6676
2069
5050
2639
2614
2921
6453
7179
5176
3844
2626
3886
4714
2488
2297
2742
13510
2718
6330
4162
1528
2360
4612
11326
4295
2255
1582
3681
2374
2660
2376
1620
4554
2223
1890
1937
1877
2560
1544
8973
3278
2417
5417
3923
2152
2231
2282
2320
2229
3663
1381
1768
1919
2966
2141
2071
2700
2586
5105
5139
2696
3721
13288
1306
6175
2709
2391
2225
2168
2342
2545
2015
8196
1811
6749
2411
3675
4407
2577
3078
2739
1696
1922
2663
2425
3504
2391
1723
2677
1919
1884
2724
3796
2146
1856
2654
3693
9312
1517
1699
1615
3519
4934
6998
3400
2586
2484
2489
2573
2534
2100
3400
3164
2341
5074
4701
2340
2089
2164
2310
2173
19270
4133
1995
4736
2279
1954
1926
3116
1845
1630
2252
1774
2116
2634
2193
2045
2329
3363
3100
2080
1557
5946
3615
3624
2086
6519
2404
3050
1956
2314
2158
4033
2390
1592
2060
2510
2815
1686
2017
2189
2654
2853
2805
2451
2262
2947
1799
5391
5579
2187
5430
2799
2508
2570
2842
3373
4280
3223
2207
2147
2972
1702
1620
1416
1833
3600
4688
6780
7512
2106
2124
4314
2487
2237
2601
2391
3315
1800
3259
2509
6281
2915
4449
1395
2158
1581
2214
1650
2272
1913
2190
1786
3749
2236
2031
4609
2435
2949
3105
4524
1606
7639
2090
1763
1941
2240
2902
1816
2155
2822
2816
2695
2710
2419
1959
1471
2315
2559
2936
1842
1568
1289
1750
2719
1999
2346
2178
1493
1766
2100
2463
3076
4287
4386
6895
3617
9329
1994
1637
2278
2083
3452
4406
2527
2083
2306
2094
3021
2971
1923
4200
3203
4724
4292
2782
2549
2058
1851
2106
2202
3179
1970
1544
3174
3291
2695
2697
1946
1747
2049
2009
2409
3848
3538
1822
1579
3115
2663
3469
5570
1739
2214
3161
3171
2168
1714
1835
2080
1811
3419
6906
2771
1807
4102
1701
2255
1781
2881
7636
1872
3998
1995
2395
1445
1854
1640
2858
1363
1406
2437
3412
2392
1954
3630
1900
2913
7370
5244
2872
2507
2103
3137
2349
1943
1923
1853
2816
4384
3140
2302
2665
2803
2272
1836
2192
6066
3401
1978
2322
1830
5109
2928
3721
2878
2009
4579
2087
1695
2719
1724
2607
4413
2121
1566
3091
2108
3523
1989
2057
1920
3780
1664
2605
2090
2941
2975
1859
1660
3314
6332
2218
3076
2511
2805
2066
3546
1552
1965
3261
2760
3028
2098
1870
4981
2798
2155
1738
4189
2229
2442
2410
5027
1981
7798
9730
8405
1573
2235
3530
2136
2257
2028
3604
2702
1570
3644
3298
1767
3382
2545
2774
4678
1730
1845
2925
1443
1900
1543
2278
2821
2687
2150
2418
2133
2920
1567
5215
3773
1752
2827
2135
2242
5128
2898
1869
2742
1977
1759
10192
1703
3533
1834
2340
3013
6570
3753
3970
2357
2057
2467
14931
3341
1729
2997
8959
3424
7862
2923
3013
2559
2522
2155
2186
3700
1908
3255
2084
3663
3752
5372
3592
2020
1793
2082
2977
6978
2059
1593
2574
1922
1972
2995
3268
4325
1678
1635
3702
1699
5185
2074
4520
5802
2831
2697
5924
2936
1994
6988
2447
2392
32807
3132
3968
2064
2339
2302
2792
1797
2956
2738
3744
1540
6232
2322
2740
3531
3807
4659
2754
5520
2093
1525
6719
2450
2492
5232
3601
2228
2561
1590
1993
2304
1766
2001
1424
2023
1977
3135
2336
3877
2357
3066
2813
2823
5111
4277
2231
2132
6308
2673
1761
4562
8580
3306
2538
2709
2642
5078
7035
1905
2112
4173
2380
2479
3021
2338
3877
2331
3483
2697
1995
2087
2375
2316
2839
2873
4051
1665
2767
2094
2570
1509
3648
2475
3462
2157
2220
5694
3085
3505
8547
2794
2499
6885
1552
5070
1534
1441
1605
1717
1740
1701
3012
5730
2490
1268
4430
1992
2287
1626
1951
2003
2146
1851
2228
3615
1680
2316
1680
5100
1377
2648
1807
4354
8047
8623
1337
2387
3841
1933
1904
1767
1693
1247
1952
1236
7179
1204
5627
1369
1935
1824
1574
2391
2144
1705
2124
2099
1585
1746
2756
5486
4136
1402
2654
1291
2814
1281
3377
1250
2595
1218
2749
1305
4294
1724
2373
1971
2028
1566
3431
2248
3279
3929
3270
2153
2078
1203
3240
1325
2850
1305
2984
1298
9539
1257
2275
1288
2670
1566
2078
2433
2928
4817
1850
1735
2863
6506
2916
2519
2078
1404
1346
1300
3336
1423
3639
1370
3290
1322
3358
2506
2700
1560
1112
2914
2477
2246
2375
5494
2089
4733
2143
2198
1938
1942
3904
1695
3216
2950
2387
4984
2452
3040
1975
2356
2492
2324
2792
2848
1566
5813
2588
3656
2678
2629
3150
2695
2558
1433
3266
1434
3644
4997
2958
2614
2262
2034
2456
3194
3437
1903
4761
3941
3712
1831
3480
2813
2729
3109
2386
3150
2146
2007
2118
2064
2877
1985
1995
1762
2386
1587
2167
1674
2120
2298
1804
3658
4572
2456
2378
7980
5252
6857
6892
2335
2390
2796
2694
2056
2085
3145
4209
6220
2778
1656
1782
2071
1814
3497
1901
1813
2389
2346
1792
5096
2739
3324
6026
5973
2348
3938
7155
1601
1893
1899
2682
2707
2495
1594
2164
19279
2926
2019
1991
1499
8192
1789
2147
1155
2927
1385
1592
3439
2128
1850
2212
3958
2920
2003
5383
1653
3316
3132
2683
2561
4134
3483
2621
2070
8212
3524
3206
2211
2871
1886
4170
1431
5249
1577
3392
4180
2654
6529
2986
4775
7546
1752
2342
2063
1951
3497
1914
2538
2219
5662
3270
7396
1702
2247
1672
1492
1801
3064
6741
1948
1589
2312
2801
2166
1905
1518
3426
2405
1712
2156
2137
2449
1352
4992
3407
2558
2240
1353
2937
3159
1970
4812
2673
3391
2378
2991
3112
2238
2244
1697
2606
3709
3312
10177
1681
1712
3061
4087
1745
1825
5330
2288
4756
4758
2221
2274
2293
1950
3044
2568
2430
1983
1880
2164
3348
5560
3259
2512
7470
2188
1871
1672
2926
2371
2261
1915
2823
2861
1664
1704
2461
1798
1922
2539
2196
1680
2936
2001
1926
1982
3493
1587
1900
2922
8953
2418
3998
3190
5169
1757
1827
4051
2306
1797
2407
2519
2113
1952
1897
2142
1782
4452
3825
3368
9939
1287
2503
1934
1857
2865
1557
1359
4293
1456
2616
12365
2349
3181
2251
1600
1771
4145
3443
2310
2303
3150
2719
4352
2704
1870
1689
3568
2127
1344
2006
3338
2719
1477
2086
4528
2380
4814
1594
2184
1930
2567
1687
1709
5980
2554
1862
4167
2797
1594
1442
2940
4509
3153
2655
4208
3698
2022
6551
2271
1866
1571
2894
3233
2770
1406
2137
2132
3146
1833
1773
1894
1905
1492
2392
2301
2568
2452
2040
1440
1442
2146
1592
2557
1625
4301
2305
1970
3772
5150
3341
1669
1743
2602
1729
3376
2292
3491
2528
2627
1990
2285
1923
1430
3335
2432
2007
1570
4782
2454
3433
1396
1574
1463
2110
2409
6728
4398
2241
2374
2192
3163
5555
1400
1854
2328
2495
2431
2428
2848
15263
2193
3661
1469
1656
2050
4009
5080
1890
2253
3132
1804
2747
2325
2418
3267
2011
28140
2291
2946
2648
1917
4920
2053
1663
2199
2485
3109
2033
2669
2936
6113
3859
3027
2830
1515
2081
1677
2362
2735
2862
3523
2638
2596
5657
4850
3858
3423
3408
2863
2268
1497
1872
2643
2609
1507
1857
1583
2255
3173
2387
1974
2021
2700
3302
2168
3275
3192
4084
2083
1992
1630
3245
2366
2726
2964
3600
3889
1978
1475
2231
2426
2860
1616
1756
2045
2155
2825
6598
3195
1948
2118
1490
2950
2726
4097
1875
2078
2118
1945
1543
3994
2267
8939
2208
3390
7284
4964
3301
2935
2650
2628
1783
3256
2877
1712
4295
6909
6524
6119
3742
2355
1535
11101
13359
1674
2159
3723
2668
2500
8651
3281
4708
2530
1560
1871
4502
4991
2062
3662
1822
2286
4703
2051
1846
2673
1528
1376
2823
2280
2044
2164
1936
3609
2945
3934
3180
2309
2036
1344
1667
1777
2931
3993
2678
1976
1876
2695
2408
2212
2276
2141
2258
2389
2167
1873
1943
1437
4243
1447
1773
2559
1480
2763
2657
1632
4254
3729
3110
5664
2192
1922
1835
1626
3183
2831
4062
7217
18751
2037
1930
1850
2439
1945
5090
2010
2714
2138
2358
4605
3925
2041
2216
1850
2955
2303
6559
11663
14371
5778
1638
4114
2265
3129
2150
3539
2357
2780
2609
2859
2334
1662
1606
1572
2722
15477
2871
6750
2711
2726
3053
2509
3853
2160
2090
2687
1960
2634
2112
3101
2542
1828
1914
1807
3695
3802
3144
1963
2460
1841
3027
2871
2820
6165
3567
2899
2395
7266
3582
4634
3038
2474
2196
2355
3425
8532
2315
2342
2359
2546
4054
2442
2037
9864
5599
3645
1544
1964
2365
2006
2601
1773
3802
7330
3616
2401
2867
1652
2541
1655
1890
1696
2183
1817
12667
1957
2250
1724
1483
1564
13542
2435
10837
1513
3356
3175
2340
1460
1960
1992
2040
1852
3001
3694
1776
1698
1953
1615
3816
1880
2073
2186
1747
2671
8563
2052
2405
6712
2408
1264
5586
1904
1872
1730
3156
3072
1821
1955
2430
1985
4466
2036
6498
2392
2547
2153
3515
2033
5861
2964
2059
4415
4664
2505
3990
3155
3103
2224
3931
1961
2348
2342
3531
2398
3407
4569
2371
2544
3787
2529
4158
2279
4785
1538
8709
1737
2865
5351
3147
4274
4222
3088
2572
2928
2175
2821
2835
2541
3510
2383
2409
2152
2389
3025
2898
2688
4617
1687
9168
2870
3345
2551
21032
2660
2266
2534
4296
4639
2671
4373
2453
2318
1687
1841
2158
2899
4388
3257
1795
2614
1625
4066
3186
6460
5340
1290
2053
4915
4635
2019
3155
1726
1675
2314
2312
3300
4319
1714
8360
2077
7541
2586
2195
3328
2382
1488
3714
4787
4197
2602
2123
1645
3863
2180
2461
2216
1868
2439
2260
6421
5914
1400
1676
1831
2809
2834
3566
2464
4411
4973
3782
3282
4407
1662
1849
1820
2848
2290
3034
3638
3286
2786
2220
2103
2814
10969
3272
1896
6269
3476
2954
8377
3041
9139
4606
14684
23807
1869
2030
2830
4710
2124
3754
3546
2451
2534
9617
17723
1985
2001
2637
3468
2747
2736
4615
5436
3471
2511
3339
2341
1609
1349
3399
3964
4262
2346
1851
2605
3023
2494
3212
3348
2638
2660
2216
3274
4808
1628
1644
3053
5024
1868
2750
2359
4257
2594
3887
1645
3307
2466
3343
2023
2356
5580
2352
2548
4180
2165
1938
2455
15096
4954
2934
1578
1904
1854
2210
2504
2185
5849
3734
3942
1691
2023
2395
2527
2490
6617
2341
5104
2609
4124
3811
1643
7086
3391
6237
1945
2263
2675
2263
2741
1972
2386
2029
1529
3119
2720
1988
3530
1483
1497
1690
4237
2066
1959
2355
1507
1439
1407
7143
2504
1916
4220
9800
4449
3675
1261
1902
2105
7624
2399
2320
2530
2428
4866
2021
4708
5380
2895
1921
5455
1957
6446
3527
5190
1870
1311
3027
2234
2009
2249
3716
2657
2028
5594
3117
16604
2009
3257
5793
5592
2450
2567
3083
3018
3006
3838
10915
3859
2062
4185
2203
1564
1825
1621
2280
3459
1903
11480
5833
2433
4791
2285
2819
2460
3224
3029
4895
2291
1721
1928
3320
2476
4418
2858
2164
1558
1929
1555
3319
2418
2374
2741
3006
1601
2668
14960
2398
2221
3670
8012
19060
3751
2864
2161
2605
2563
2072
3816
13897
13279
15913
1281
2432
2437
2283
3739
7809
9240
2033
1506
3221
1786
4019
2735
3700
2176
1959
1640
2145
2102
3668
1596
2332
1594
1758
1496
3078
2122
5694
5588
2813
2214
2514
1626
2303
5248
1965
2231
3706
2008
2113
1453
1344
1814
2802
2490
2448
2547
4734
2272
2280
2355
2309
1970
4643
2331
4434
6795
6500
1514
2416
1784
2441
2563
2181
1554
2734
6369
3111
1929
1774
1467
3254
8703
2165
1724
1791
5794
1912
1932
3436
2557
3237
3868
2389
4234
2012
14118
2774
3664
4464
3876
1857
3131
3067
2931
1569
1222
3226
2625
2632
1985
2100
2676
10910
9236
2284
2282
3944
2254
1580
1998
1944
1949
2723
3372
4932
2180
5264
2536
1888
1905
3907
4006
3002
1844
3231
1602
3224
3084
3850
2092
1907
4095
2383
3284
4090
1838
11938
12733
2118
1659
2702
3084
2766
3035
4167
2240
2705
3477
4545
1888
2607
1596
2262
3254
3208
2044
2933
2585
2547
1811
4256
12291
2347
7135
2233
5558
1958
2293
1777
8688
2038
2074
2732
1874
2683
2330
4607
5835
3152
2006
7115
1979
1672
1450
1780
1359
2099
1275
1885
2601
3411
1342
2365
1894
3148
2124
2215
1903
3006
4129
4200
7578
2000
3768
3355
2401
2176
3321
2341
4306
2702
1688
3228
3256
7127
1502
2564
2436
2859
1626
2176
2114
8057
2577
2364
1898
2712
2124
2750
2100
2362
3838
2576
5254
6065
1562
4907
2826
4683
21226
2492
1770
2554
1462
1830
1847
1779
1682
1701
2332
1544
2116
1609
1891
2513
1736
3755
3102
3732
3762
2313
3701
2637
2226
2067
1599
2841
3201
4769
1790
2791
3078
15611
2338
18678
2362
4435
5929
1650
1713
2190
1710
2949
2178
2802
2629
2054
1345
2691
1881
1723
1987
1585
1593
3744
1659
2478
2306
4298
2004
1574
2279
2164
3240
2002
2088
1933
1978
2499
1440
1978
1868
2248
1677
2107
1506
2092
1563
2527
1721
5648
3656
4799
1278
2122
2549
3814
8808
2579
1416
2196
5515
2447
1488
1573
1495
5789
3349
2042
1983
1833
3201
2039
1527
1949
2765
2282
2043
2392
1524
3108
3665
9000
3137
9755
3119
1938
5787
3392
3172
4820
1940
3168
2691
3334
2373
6063
7512
1307
5146
1383
4138
4201
2993
3183
3516
3403
5968
3345
2588
2017
4609
6795
1248
2573
2127
6073
2045
1932
2721
1766
1435
1461
1401
3048
3164
3446
3637
3158
1850
2383
1719
3163
1694
7254
3198
2423
2358
1340
2288
2297
1756
1693
2280
2327
2962
2652
1990
7681
4656
1831
2014
3386
2578
2059
4314
5598
2060
2121
1772
2425
1461
1854
1412
1962
1615
2149
4085
3563
2279
1565
6845
2057
1500
2781
2985
1787
4567
5678
2903
2559
1810
3202
2265
4716
2055
4365
2308
2281
4072
1886
1460
2269
2298
9667
2474
2303
2286
11060
2768
2469
1686
1555
2904
4202
6166
5205
1531
2852
1212
1837
2091
2731
1610
1867
1522
1783
1720
2573
1920
2528
2579
2967
7565
6299
2495
2550
1609
6980
2830
3509
4918
7877
3135
2003
2934
3271
2907
2314
2110
2393
1629
2194
1910
2693
1746
1723
8833
2147
3356
3108
2895
2604
2603
3456
1735
6764
10481
2484
3676
1820
7796
1528
1546
3592
2899
1589
1635
2142
6036
2721
3636
4160
1541
1976
2200
2737
12649
2083
2840
2044
2022
2835
3923
2443
3512
7303
3166
1944
1967
3616
2807
1808
2402
2951
1455
1828
2971
4191
1986
2438
3220
4047
3549
1891
1248
1954
2171
2263
5997
1696
1487
1521
1992
2560
2711
2085
2018
2493
4490
2983
1954
6196
3270
3195
2012
7701
4291
1619
3147
2038
1456
8406
1692
4112
2166
3884
2350
2464
2145
3315
2031
3976
1813
3444
4078
2087
8854
4413
2682
9061
2558
1659
3082
2361
3002
1606
2509
2423
3706
3076
2200
1807
1856
2220
2679
6414
2717
4461
4589
10344
1759
2672
2032
5847
2052
2682
5835
3787
2379
1808
6530
3507
6848
3575
1518
2913
5766
2124
3398
3323
1672
2955
1364
8732
1776
2940
1597
3783
1525
2119
1277
1809
1258
6978
1666
3447
1896
2508
1948
2445
2224
2119
2746
3756
1587
11569
4124
2244
2793
4724
4171
3507
4102
3518
1783
1813
3026
2541
1757
4009
2214
4179
2085
2498
6410
6618
2001
5754
4660
4827
5462
2849
2301
2220
4828
4848
1683
3254
2724
1568
1396
3930
2760
1891
1554
2200
1927
1771
3569
1531
1637
3674
6859
10190
2142
1644
4743
4255
2739
1530
8624
5236
1648
1703
1989
2080
1532
3280
1810
1941
1480
2240
1536
1747
1867
2638
2768
2525
1872
2378
1820
3169
2260
5223
3651
1758
1292
1708
1528
2245
1479
3806
2312
2733
2535
2097
1830
14120
1983
3986
1257
2386
6786
3627
3622
4937
5975
4176
1494
1961
2468
2458
3468
1810
2485
2311
1523
2379
1730
2394
1795
2854
4419
2033
1693
5126
5357
2691
1403
3271
1645
2825
1705
2099
4032
2974
1689
3055
1632
1699
1736
2272
2195
3029
2553
7399
2368
2283
3970
6283
2374
1454
3862
16167
1649
7109
1981
1897
1921
3979
1731
2902
1726
2661
1801
2044
1570
2384
1551
2135
2618
1895
2235
1943
3104
2930
1496
4042
1895
2794
5485
1814
1324
2051
2052
2339
2353
2050
2479
2016
2041
2220
3570
1718
2838
5806
3761
6417
2805
1973
5188
2048
4033
15144
3938
6130
2249
4104
2509
3491
1784
6464
4269
1722
3024
3433
6887
2279
2305
2656
1589
2676
1647
2171
2480
1799
2634
5681
4132
3264
3099
2428
3261
1943
5056
2728
1920
2203
2444
5425
6928
3469
1476
2258
2151
4756
2683
2908
1762
1824
2611
2540
4172
1346
1399
4127
6741
2292
1913
1902
1502
5545
5564
1693
1691
2235
2450
3087
4758
4836
3740
1800
3621
2265
2554
3122
2268
7540
1240
3496
2747
1977
2037
1957
2653
3408
3710
2228
1982
4202
1867
2491
5280
2441
4256
2519
3542
2150
3299
5613
2537
4765
1309
2474
2278
2273
2107
1737
1891
2664
2477
2013
1673
2433
1878
2142
8538
3937
4404
4233
1883
7097
2653
9785
2888
3045
2588
2074
2603
4450
1477
2943
1775
2555
1867
4181
2151
2522
3106
3846
4460
3081
10993
5708
8650
2220
2596
2766
2625
2598
3135
1618
4175
1626
1797
2479
2997
1740
2005
4457
3422
2807
2452
6799
4645
1836
2326
1923
1602
2765
1926
1562
1823
1558
1254
2390
2834
1661
1795
4126
1866
2782
5240
1648
2207
4455
6344
3892
2671
2247
2674
2326
3667
4230
3930
3953
1497
3271
6186
2336
2469
2469
2903
6549
1699
3368
1982
1805
2167
1820
2362
5176
1817
2529
6386
6230
2484
10056
3209
4270
6415
2997
2128
1748
2414
3232
1878
2872
2485
1865
1454
1892
1691
3743
19101
2234
2081
3800
3948
3023
4984
2370
4114
2303
2215
6508
1872
2519
2262
3329
1922
1726
2528
2719
2055
1755
2023
1546
2207
1808
1608
2345
2218
2288
4469
2099
4717
2050
7283
4294
1223
2429
2199
2319
1969
2758
3006
2966
1637
2546
2974
2215
3277
3166
2414
2268
1918
2793
2053
2450
3469
3558
4663
4294
1621
2011
3808
3026
1665
5248
3288
2286
1566
3049
1463
2883
3564
2221
1906
3874
1776
3555
5037
3476
2614
2862
1527
2818
3813
3102
2322
1663
2992
2284
1987
6543
4006
3334
1685
1396
4137
5505
3464
6713
1938
2570
2257
2313
2751
3154
3039
2485
2253
1423
1442
1914
2137
3976
2285
1576
1869
1588
1629
1522
1865
3866
4278
3246
3931
3054
2812
6613
2929
1912
2364
1845
2804
2032
5094
2221
4202
2596
2371
1593
2729
2068
1829
1832
1831
3127
2185
2812
6228
3595
2046
3240
2977
2801
2535
2833
1727
2127
1810
2310
1896
1938
2165
3947
2372
2659
3974
2252
2109
2079
2055
3795
2968
6227
2097
3915
2325
5595
1686
2252
1642
2151
5261
2261
1696
2063
2528
1660
1375
2503
1806
1916
1584
1721
2177
2494
2317
1805
1259
2410
1214
1626
2050
2011
1690
1824
2478
2555
1956
2895
2052
2939
2165
3767
1490
1811
2320
3514
2335
2319
3172
1904
1311
10257
2158
3322
2779
2222
1242
2579
1600
3132
1474
2546
6713
5355
5129
2879
3188
3043
5086
2954
2247
2996
2355
14883
2713
4046
3308
2910
2335
4879
2535
3646
1845
1706
2032
2199
2116
1485
2698
2327
3022
1544
1923
1579
1837
2444
2136
1791
1756
9139
3443
5232
2207
1629
1857
2802
4336
2095
2617
2415
3365
2143
2025
2281
2424
1942
1765
2698
3858
3644
1880
2417
2041
4717
2098
2736
1709
4019
1851
2477
4271
3150
2966
3756
3419
2098
2104
2700
7956
1575
1750
3371
6277
13112
5506
5585
8771
2973
2643
1504
2382
4262
1936
2290
1898
2097
2796
3550
2896
2321
1746
1925
3072
2747
1996
5573
6161
2373
1492
3267
2637
2210
1820
2015
3320
4569
1766
1575
1880
2830
1691
3015
1474
2751
2328
1861
1582
2130
1565
8026
3132
10209
2731
5456
8677
1775
1328
3005
1311
1415
1235
2552
1512
2556
1712
2505
2015
3150
2064
4929
2680
1785
1704
2120
1884
2083
6885
4290
1687
2445
3884
5263
7099
3102
2155
3225
1702
2199
1768
12204
3311
1965
1934
2368
1797
2270
2068
6342
9865
2716
2722
4396
3294
7190
8846
3282
2809
3234
1344
2256
2555
1422
2173
2181
2202
1805
2208
3399
2396
2689
1738
2518
2803
9414
2130
6102
8669
8110
1830
2914
2518
4191
3204
2013
1648
1959
2673
3345
3545
1936
3174
2168
2230
3031
1761
4766
4298
12886
3121
4705
3529
2923
2570
3383
2088
2941
3255
2058
2197
4328
3072
2333
1854
2196
1995
2405
1770
1795
1997
4270
6108
4859
3339
1812
20751
3893
2087
4282
2505
1557
1598
2077
1564
1650
2054
2477
2365
2167
2513
1803
1765
2279
1446
3145
3348
2202
3312
11157
1898
4546
2418
5405
1657
2865
1344
2790
1464
2584
1890
2899
2118
1772
2735
3284
1561
4044
2352
3681
1722
5250
3924
2671
2671
3222
3008
3582
2897
3921
1563
3580
3783
2721
2222
3270
2641
3198
2928
2506
2334
2426
13723
2232
2172
2291
4048
1652
7032
8176
1528
5062
2309
3168
1887
3584
1610
2349
3959
3178
2326
5245
7540
2528
1913
2090
2237
2412
2036
2654
6100
6187
15318
5853
3472
2182
2556
3282
1949
6651
2073
1997
1950
2277
5950
2860
1689
1507
2433
1770
2167
3532
3392
4166
6125
1830
3427
2792
4294
2219
2037
1724
2250
3059
2713
1971
1274
2541
1819
2388
1966
1947
1772
1631
2529
3772
2512
3802
4454
1741
3349
5525
2250
7684
2773
5875
2053
1796
1487
1776
1677
4799
1527
1496
2241
1956
2267
2291
3527
5530
4357
4794
2025
3139
2162
3875
2237
3615
1798
7212
2464
2035
2091
3578
2492
1787
1938
3283
2541
1562
1638
1809
1726
6071
3959
1757
2826
9491
4664
3357
5984
2163
2278
13858
4934
1893
3599
1428
1431
1716
2174
5630
1515
2081
1676
2168
3713
3801
4374
3823
3229
9584
3192
4499
3303
7926
8043
1924
1596
2976
3913
2864
4754
1714
2543
3339
1885
2071
3329
3295
2451
5512
2333
3068
2873
1967
2638
2764
2520
3387
3512
4525
2222
2369
2105
3912
2877
2784
1621
1774
1414
2436
1670
4542
4694
2903
3698
2848
15569
3378
1873
3020
1708
2163
2405
3894
4314
5450
2392
5637
2454
1404
5101
4892
1500
1538
1547
3364
2425
2917
3048
2618
9516
2900
2089
2698
2483
4348
4092
5362
2067
2709
1626
2317
1515
1921
2188
3792
4209
1415
3269
2948
2740
1708
3295
1905
8621
2758
2195
3939
2390
1642
1567
2033
2756
3646
2307
1588
2322
1427
2450
2911
2077
2253
4301
2487
10451
3832
2952
3151
2217
2334
2796
4138
1678
8332
1980
3366
1773
5230
1439
3379
2643
1750
1619
2124
1644
1967
2968
2219
2046
2142
1988
3799
2191
1915
17715
4316
1417
4220
5377
3086
2214
2434
1884
3625
3769
5811
6239
3661
2352
3695
3488
2288
3362
3413
3475
4172
2483
2220
1823
2268
3545
7201
18234
5043
1739
2269
3890
2631
2419
2251
6434
2974
2235
3738
2795
2224
2544
1725
2382
2194
2167
2838
2980
3271
2071
2456
1381
10976
2225
2440
5868
5145
1835
3570
3105
3328
3899
3054
4733
4527
2246
4604
7436
7986
3244
4854
2637
2690
3688
4640
8094
3095
4785
1813
3215
3021
1735
1498
1755
2341
2295
2082
2129
1757
3457
4423
5045
2433
2093
5702
2908
3080
3658
6138
3301
9286
3178
3960
3350
1780
1520
2331
3565
1392
2012
1620
4643
1808
2408
7008
1980
6393
3053
6592
5469
3177
2593
5752
5440
8641
2472
2426
2199
3026
1629
1381
3223
2003
1743
2223
4373
2383
2656
5116
3025
3993
11712
5974
3231
4327
5238
7475
4987
1441
1191
5119
1846
2118
5080
2304
2352
2892
2190
3791
3937
2126
12981
2036
2089
4445
2414
2666
3349
5852
2125
2756
3374
2435
1603
1844
1758
1819
1550
2334
2875
3088
5273
2603
7430
2288
1707
6547
2649
2322
2307
2554
4676
4424
1911
3212
2455
4799
3468
5534
4127
1740
1858
3069
2608
2882
4283
3722
2441
2994
3838
5393
1856
4717
4273
3731
2323
4805
4371
2578
2296
3379
1875
2383
2365
4138
1710
3201
2534
3522
2184
4106
1660
3220
2552
5789
2174
3166
4170
3303
7251
6495
4998
3147
4005
4557
1332
1734
2771
2408
2432
1443
2409
1645
4937
1646
3518
5280
4170
1419
8239
2809
2745
3221
2503
3335
4107
5903
3835
1717
2213
1939
2060
3021
1704
1732
1819
3600
2563
6399
3657
2086
1712
2382
2042
22280
4127
4249
4112
4956
2957
7912
4393
6566
1943
2104
1596
1377
3369
1778
1869
1754
3112
2796
2682
2845
2514
12821
5063
3351
2214
3564
3040
6420
3228
5024
2545
5081
1968
2368
4476
2138
4000
1956
1583
2073
2884
1674
2786
5990
5636
3545
4360
3489
5404
4841
4678
7632
6684
3533
1867
3743
1181
1971
1840
2130
1770
2552
2709
2134
5067
2506
1982
7767
5976
12747
9534
2191
2206
7041
2897
6233
1772
5162
6287
2806
2128
1976
5707
2816
6635
2474
1794
2468
10406
2334
2340
3398
8917
2542
2703
2363
2343
2986
3269
4017
8276
2799
8125
6116
2798
2051
2783
2382
1591
3324
2291
2890
2650
2646
2309
1860
2708
1542
1496
1679
1469
4765
5156
8638
