0.481457 
0.248437 
0.083946 
0.026114 
-0.107250 
-0.181138 
0.161643 
0.951828 
-0.038828 
0.232997 
0.776264 
0.494929 
-0.050679 
-0.004602 
0.004432 
0.090899 
-0.339056 
-0.217651 
-0.334720 
0.172477 
0.166419 
0.060623 
-0.180448 
0.053379 
-0.203018 
-0.076153 
0.008166 
-0.135427 
-0.189656 
-0.058849 
-0.181071 
-0.034963 
-0.049736 
0.048162 
0.135506 
0.151518 
0.140689 
-0.509109 
0.006050 
0.037149 
-0.068776 
-0.083021 
-0.011116 
0.178126 
0.074786 
-0.116439 
0.097717 
0.045209 
-0.256482 
-0.292982 
-0.490280 
0.106319 
-0.461853 
-0.064787 
-0.465010 
-0.141039 
0.108745 
0.059224 
0.074630 
0.032210 
0.000249 
0.207522 
-0.058548 
0.150039 
-0.007522 
-0.214634 
0.620306 
0.223357 
-0.123891 
0.021177 
-0.182752 
0.022122 
0.223182 
0.048779 
0.114293 
-0.368076 
0.013619 
-0.197836 
0.060509 
0.019343 
-0.358876 
-0.368237 
-0.168344 
-0.027181 
-0.020531 
-0.069151 
0.027704 
0.093319 
-0.040870 
-0.017370 
0.005314 
0.036126 
-0.087816 
-0.103104 
-0.132436 
-0.052384 
0.042499 
-0.065988 
0.011770 
0.034549 
-0.010051 
-0.065901 
0.071987 
0.381811 
-0.100099 
-0.134425 
0.142164 
0.263988 
0.169363 
0.021922 
-0.021663 
0.024711 
-0.050663 
0.099638 
-0.161614 
0.036694 
0.361530 
0.262539 
0.156388 
0.099373 
0.341551 
0.101533 
0.497656 
0.162308 
-0.131993 
0.074950 
-0.048367 
0.176475 
0.223401 
0.102866 
0.225881 
-0.152282 
0.166843 
0.074935 
-0.239279 
-0.052611 
-0.014321 
0.278004 
0.150234 
0.160431 
0.123637 
0.227329 
0.355019 
0.019077 
-0.006880 
-0.086422 
-0.347423 
0.203190 
0.244732 
-0.272564 
0.526226 
0.052424 
0.311577 
0.112961 
0.059131 
0.321435 
0.378938 
0.057437 
-0.282541 
0.102568 
0.174133 
-0.481055 
-0.301270 
0.085274 
0.014585 
-0.013238 
0.067754 
0.052355 
-0.178004 
-0.012428 
0.224363 
0.459212 
0.036055 
-0.027565 
-0.133399 
-0.227012 
0.082928 
0.042104 
-0.094386 
-0.530635 
-0.122578 
-0.103136 
-0.406863 
-0.108421 
-0.070821 
0.379428 
-0.015109 
0.150992 
-0.046558 
0.280864 
0.191873 
-0.010915 
-0.058806 
0.053078 
0.015307 
-0.001953 
-0.069419 
-0.108239 
-0.175284 
-0.179996 
-0.115344 
0.099618 
-0.275363 
0.019702 
-0.034740 
0.401223 
-0.046356 
0.019809 
-0.020873 
-0.097337 
-0.027963 
0.144071 
-0.086596 
0.013806 
-0.009696 
-0.011466 
0.021214 
-0.049890 
-0.079222 
0.173716 
-0.084817 
0.234766 
0.003296 
0.401862 
-0.165944 
-0.026813 
-0.174554 
-0.550773 
-0.130552 
-0.112567 
-0.037609 
0.214881 
0.188598 
0.137538 
0.174171 
0.011831 
0.000586 
0.041351 
0.078007 
0.128874 
-0.205270 
-0.011197 
-0.011727 
-0.001705 
0.044273 
-0.038347 
-0.107296 
0.081430 
-0.162056 
-0.538191 
-0.063449 
0.028738 
-0.145737 
-0.473201 
-0.334198 
-0.443317 
-0.341127 
0.088888 
-0.306070 
0.246708 
-0.175451 
0.082214 
-0.015547 
-0.021343 
-0.161920 
0.112547 
0.009622 
0.301986 
-0.034323 
0.080263 
-0.135776 
-0.084880 
-0.206390 
0.219282 
-0.051767 
0.324368 
-0.107942 
0.067818 
-0.198842 
0.092646 
-0.051012 
0.354660 
-0.034194 
-0.261727 
0.048365 
-0.095139 
0.328246 
0.177899 
0.041930 
0.041388 
-0.212176 
-0.240268 
-0.151645 
-0.609653 
-0.097551 
-0.016211 
-1.018439 
0.181044 
-0.019228 
0.056223 
0.009936 
0.058915 
-0.066571 
-0.343923 
0.021404 
0.036365 
-0.143881 
0.123111 
-0.288264 
-0.148359 
0.255023 
-0.155951 
0.322171 
0.823442 
0.028529 
0.220435 
-0.018271 
-0.031537 
0.017793 
0.296270 
-0.086692 
-0.045428 
0.058605 
0.031230 
0.203043 
0.044941 
0.085206 
-0.306749 
-0.072682 
0.125746 
0.105909 
-0.032617 
0.128620 
0.079545 
0.034040 
0.110389 
-0.025438 
0.276571 
-0.044355 
0.022223 
-0.049467 
0.290782 
-0.097679 
-0.224083 
-0.133958 
0.331909 
-0.066225 
-0.254046 
-0.008241 
0.100390 
0.015191 
0.100249 
-0.096526 
0.022272 
0.120010 
0.079711 
-0.139100 
-0.025723 
-0.321412 
0.222451 
0.046392 
0.035622 
-0.093787 
-0.071325 
0.014139 
0.054423 
-0.122578 
-0.049190 
-0.012214 
-0.204014 
-0.020028 
-0.181096 
-0.085005 
0.150696 
0.151561 
0.147953 
-0.271930 
0.191510 
0.073935 
-0.054683 
-0.372126 
0.034330 
0.114640 
0.036954 
0.246745 
0.063033 
-0.120266 
-0.135854 
-0.082822 
-0.067557 
-0.124326 
-0.063761 
-0.146371 
0.013023 
-0.142492 
0.082411 
-0.203010 
0.112366 
-0.028023 
-0.247996 
0.141372 
0.048334 
0.083527 
-0.108145 
-0.269334 
-0.187519 
0.045690 
-0.036773 
-0.556207 
-0.280695 
0.001262 
0.582875 
-0.053631 
0.502873 
0.235592 
0.228105 
-0.055425 
-0.139536 
-0.076914 
0.018429 
0.015951 
0.053905 
0.079718 
-0.364164 
0.133004 
-0.003531 
-0.014069 
0.102004 
0.004222 
0.408437 
-0.262648 
0.124332 
0.032271 
0.059206 
-0.121840 
0.253989 
-0.124506 
0.150105 
-0.089098 
0.047958 
0.000807 
-0.033693 
-0.131933 
0.001915 
0.151908 
0.342930 
0.064319 
0.069661 
0.105176 
-0.106764 
-0.013373 
0.090208 
-0.092884 
0.023106 
-0.061069 
-0.115738 
-0.006727 
0.220063 
0.394326 
0.255977 
0.273028 
0.002692 
0.275074 
0.045638 
-0.262118 
-0.299736 
-0.257457 
-0.144116 
0.237696 
0.099563 
0.158918 
-0.051343 
0.084040 
0.023901 
-0.405332 
-0.142135 
0.087334 
0.030025 
-0.091061 
0.467148 
0.116852 
-0.022193 
-0.082027 
0.432163 
0.285952 
0.079948 
0.054434 
0.084072 
0.039364 
-0.169605 
0.001793 
0.116480 
0.135340 
-0.218253 
-0.222537 
0.001958 
0.140030 
0.049351 
-0.147490 
0.172975 
-0.213073 
0.106892 
0.070259 
0.127325 
0.331622 
0.341070 
-0.272909 
0.163709 
0.374247 
0.076580 
-0.030342 
0.044020 
0.026451 
0.073167 
-0.438251 
0.026186 
-0.042236 
-0.217743 
0.009842 
0.043034 
0.055057 
0.372888 
-0.151665 
-0.159494 
0.101734 
0.084944 
-0.203154 
-0.064309 
0.160332 
0.262805 
0.098907 
0.016878 
-0.003498 
-0.067949 
0.095019 
-0.038816 
0.069440 
0.404550 
0.283842 
0.227192 
-0.181384 
0.100422 
0.019623 
0.171802 
0.064114 
-0.043894 
0.117078 
-0.006098 
-0.114608 
-0.039667 
0.022278 
0.099012 
0.161117 
-0.219358 
-0.075245 
0.035140 
-0.031632 
0.027836 
-0.030811 
0.079909 
-0.103525 
0.102970 
0.165093 
0.018609 
-0.137814 
-0.023071 
0.062724 
0.046957 
-0.273646 
-0.113295 
-0.349908 
0.136136 
-0.135628 
0.077345 
-0.067299 
-0.045143 
-0.024367 
-0.178102 
-0.027312 
-0.121352 
0.027847 
-0.309642 
-0.058307 
0.334484 
0.312056 
0.443405 
-0.093299 
-0.200087 
0.236858 
0.255035 
0.186205 
0.211052 
-0.533767 
0.003730 
0.010791 
0.044967 
-0.045657 
0.084749 
0.025670 
-0.153161 
-0.070090 
-0.087755 
-0.162028 
-0.364079 
-0.037174 
-0.059689 
0.177574 
-0.016559 
-0.056584 
-0.006070 
-0.221909 
0.115882 
0.290566 
0.139629 
-0.065608 
0.230028 
-0.126887 
0.112488 
0.595866 
0.107012 
-0.349202 
-0.111827 
-0.027434 
0.667942 
0.167971 
-0.444117 
-0.376080 
0.311123 
-0.089766 
-0.104754 
-0.127779 
0.045607 
0.081938 
0.119162 
0.152174 
-0.382830 
-0.124114 
0.150476 
-0.004336 
0.059154 
-0.020382 
-0.032142 
-0.070127 
-0.011991 
-0.082400 
-0.182412 
-0.090655 
-0.284892 
-0.023025 
-0.170281 
-0.008888 
-0.001265 
0.100370 
-0.003864 
0.071908 
0.094830 
-0.102585 
-0.011684 
0.135753 
0.064114 
0.104135 
0.027909 
-0.129389 
-0.068891 
-0.257258 
-0.049322 
-0.146028 
-0.007311 
-0.058896 
-0.109985 
-0.103522 
-0.304329 
-0.127002 
-0.319046 
-0.074561 
0.169182 
0.266771 
0.424517 
0.451981 
-0.023778 
-0.036759 
0.304427 
-0.136635 
0.016150 
0.073984 
0.112601 
0.001110 
-0.213384 
-0.273883 
-0.087982 
-0.036850 
0.140408 
0.230815 
-0.000715 
0.059604 
-0.114255 
-0.097895 
-0.013172 
0.040704 
0.013463 
-0.000179 
0.184131 
-0.227068 
-0.111820 
-0.133929 
0.029422 
-0.172427 
0.144351 
0.036004 
0.160795 
0.039166 
0.031911 
0.029504 
0.231956 
-0.083769 
-0.021422 
-0.015477 
-0.110180 
-0.194329 
0.083567 
0.209584 
-0.104421 
0.371076 
0.099330 
0.133565 
0.028086 
-0.007485 
0.018683 
0.018295 
0.069289 
0.216526 
0.000281 
-0.196474 
0.121792 
-0.041344 
-0.056956 
-0.095323 
-0.017893 
0.011137 
-0.167241 
-0.186893 
0.022850 
-0.058819 
0.152391 
0.040617 
0.127093 
0.061681 
0.143686 
-0.162011 
-0.015783 
0.121040 
0.351107 
0.129048 
0.349643 
0.182641 
0.312234 
0.233651 
-0.240755 
-0.224265 
-0.127922 
-0.020954 
0.099296 
0.010211 
0.002803 
-0.225798 
-0.281791 
-0.227887 
-0.196910 
-0.012995 
-0.114775 
0.100390 
-0.051963 
0.025143 
0.005453 
-0.145845 
-0.076591 
0.017846 
-0.051222 
-0.050939 
0.030147 
0.002371 
-0.519963 
-0.242524 
-0.367130 
-0.046206 
0.151014 
0.252436 
0.100680 
-0.039795 
0.014109 
0.199793 
0.011682 
-0.260140 
0.025526 
-0.245541 
-0.165986 
0.087957 
0.147730 
0.402373 
-0.165426 
-0.131828 
0.049363 
0.011923 
0.073437 
-0.256137 
-0.259567 
-0.013283 
-0.241337 
0.301160 
0.143018 
0.075631 
0.062568 
0.041185 
0.042099 
-0.087242 
0.053729 
-0.110358 
0.081039 
0.138124 
-0.281474 
-0.106323 
0.032312 
0.163094 
-0.121317 
0.240862 
-0.262624 
-0.447301 
-0.464181 
0.160984 
0.376930 
-0.045801 
0.135210 
-0.252798 
0.046565 
0.102313 
0.074159 
-0.014145 
0.130885 
0.113511 
0.152871 
0.105192 
0.164065 
0.006405 
0.000187 
0.238146 
0.381340 
0.189567 
0.436965 
-0.033515 
0.094237 
-0.074936 
-0.054953 
0.027313 
0.097645 
0.023872 
-0.119961 
-0.059156 
-0.086262 
-0.089043 
0.052346 
-0.055063 
0.004525 
-0.173211 
-0.051870 
0.024467 
-0.085827 
0.041313 
0.032311 
0.213297 
0.229545 
0.240588 
0.160404 
0.173717 
-0.113210 
-0.385421 
0.169937 
0.120015 
-0.153243 
0.084219 
0.179190 
-0.291181 
0.143566 
-0.118531 
0.054118 
-0.149303 
0.164239 
0.043807 
0.143749 
-0.210202 
-0.002966 
-0.350390 
0.266391 
-0.404705 
0.278086 
0.041038 
0.122396 
-0.422633 
-0.381105 
0.563563 
0.012648 
0.281319 
-0.045823 
-0.037896 
-0.097507 
-0.205971 
-0.117437 
-0.056928 
0.143291 
0.153259 
0.151811 
-0.065560 
-0.282173 
-0.010758 
0.291533 
0.549688 
0.254529 
-0.049361 
-0.085854 
-0.002116 
-0.040021 
0.241738 
0.034253 
0.132379 
0.167677 
0.304463 
0.005942 
0.041541 
0.006379 
0.021553 
0.072137 
0.080825 
-0.149730 
0.101166 
-0.010941 
0.012720 
-0.297496 
0.069413 
0.549655 
0.057892 
-0.190796 
-0.049254 
0.271563 
0.194167 
0.370442 
0.230747 
-0.278542 
-0.160382 
-0.043497 
-0.119341 
-0.170028 
-0.331273 
-0.036826 
-0.168381 
-0.005779 
0.303886 
0.018076 
-0.025564 
-0.243202 
-0.085413 
-0.339896 
-0.006911 
-0.119308 
-0.008483 
0.245059 
-0.175029 
-0.263066 
-0.474789 
0.025271 
0.146188 
0.038701 
0.151790 
0.077288 
0.090976 
0.318183 
0.103731 
0.143797 
0.019847 
-0.091685 
-0.742378 
0.036644 
0.011587 
0.298752 
0.447766 
0.582391 
0.080719 
-0.324300 
0.000807 
0.040480 
-0.066663 
0.006855 
-0.373045 
0.010369 
0.278582 
0.077941 
0.028318 
0.102346 
0.175988 
0.152972 
-0.334715 
-0.072199 
-0.080507 
-0.184428 
0.110178 
-0.492795 
-0.475606 
0.340668 
0.259815 
0.899807 
0.284485 
0.065162 
0.393798 
-0.099978 
-0.111043 
-0.003665 
0.193070 
-0.318899 
-0.227248 
-0.425308 
-0.014133 
0.050756 
-0.014994 
-0.042774 
-0.005524 
-0.062379 
0.138015 
0.092455 
0.306821 
0.187065 
-0.126293 
-0.136580 
0.394320 
0.373313 
0.424447 
0.092975 
0.021875 
-0.274405 
0.217940 
0.109933 
-0.280103 
0.059708 
-0.059211 
-0.035227 
-0.366098 
0.301564 
0.484032 
0.288750 
0.124119 
-0.553098 
-0.232312 
-0.027681 
-0.063417 
0.329245 
-0.255118 
-0.042398 
-0.041983 
0.102938 
-0.431228 
0.019637 
-0.145219 
-0.088335 
0.113306 
-0.201370 
0.432732 
-0.063055 
-0.239407 
-0.390347 
-0.157281 
0.346429 
0.012472 
-0.316889 
0.161709 
0.200827 
-0.139072 
-0.080443 
-0.022079 
-0.411201 
-0.029420 
-0.015952 
0.269630 
-0.280394 
-0.119402 
0.093754 
0.309547 
-0.089112 
0.348474 
0.134763 
0.319633 
0.026969 
-0.189740 
0.304640 
0.106166 
0.203785 
0.172990 
-0.468446 
-0.001800 
-0.158129 
0.110834 
0.061912 
0.005368 
0.042804 
0.041332 
0.022388 
-0.044533 
0.241961 
0.125816 
0.763537 
-0.107925 
-0.062056 
-0.175613 
0.303816 
0.459594 
0.108712 
-0.156376 
0.256657 
0.021971 
-0.487263 
-0.183174 
-0.395411 
-0.050828 
0.039600 
0.064668 
-0.382820 
0.271222 
0.190286 
0.032562 
0.033354 
0.037492 
-0.118350 
0.053743 
0.048568 
-0.127259 
0.011477 
0.163836 
0.004812 
0.242395 
0.144520 
0.009509 
-0.020795 
0.227278 
0.034444 
0.349491 
-0.114437 
-0.106689 
-0.176179 
-0.302818 
-0.112265 
-0.297459 
-0.298302 
-0.203379 
-0.275514 
0.358820 
-0.076638 
0.047072 
0.011641 
0.131940 
0.098479 
-0.090402 
-0.247095 
0.093212 
0.217385 
-0.031772 
-0.024839 
-0.137721 
-0.350130 
-0.172029 
0.179550 
-0.187788 
-0.095969 
-0.165475 
0.023673 
0.370244 
0.215821 
0.489810 
0.105890 
0.087401 
0.085501 
-0.536262 
-0.002011 
-0.076216 
0.094354 
0.073805 
0.011859 
-0.066490 
0.260047 
0.198935 
0.152929 
-0.099602 
0.037571 
0.027466 
-0.002150 
0.015012 
-0.004285 
-0.043594 
0.059870 
-0.046977 
0.013170 
0.167564 
0.009726 
0.159120 
0.259908 
-0.050065 
-0.224825 
-0.210674 
0.150600 
0.048528 
-0.172747 
-0.113916 
0.081904 
-0.340549 
-0.112383 
0.052097 
0.190710 
0.061002 
0.002627 
0.053730 
-0.052837 
0.212832 
0.095967 
-0.051903 
-0.027261 
-0.064539 
-0.051562 
-0.012486 
0.030858 
-0.057564 
-0.264495 
-0.008953 
-0.179923 
-0.105526 
-0.177200 
-0.006533 
0.349638 
0.345862 
0.327516 
0.525767 
0.210789 
-0.466147 
-0.075929 
0.077851 
-0.056131 
0.112008 
0.113462 
0.343706 
0.315656 
-0.036698 
0.020989 
-0.098333 
-0.117628 
-0.180421 
-0.174402 
-0.047034 
0.051435 
-0.022106 
-0.047385 
-0.128077 
-0.102434 
-0.126450 
-0.124409 
-0.101353 
-0.083633 
0.172123 
0.106639 
0.171099 
0.153482 
-0.117371 
-0.201475 
0.271032 
0.230052 
0.009090 
-0.149261 
0.074343 
0.183648 
-0.186116 
-0.012370 
-0.152416 
0.112019 
0.260709 
1.034496 
0.111819 
0.314398 
0.163364 
0.108555 
0.030562 
0.015635 
-0.035029 
-0.169747 
0.072557 
-0.047074 
0.010624 
0.193064 
-0.059206 
-0.385535 
-0.074782 
0.027049 
-0.076684 
-0.171491 
0.059060 
0.213885 
0.169775 
0.226915 
0.001409 
0.257279 
-0.084229 
-0.004774 
-0.242730 
0.171867 
-0.008352 
0.222656 
-0.033619 
-0.132151 
-0.054052 
-0.098316 
-0.276443 
-0.094943 
-0.077711 
0.222045 
-0.306193 
0.345362 
-0.142034 
0.089127 
0.138212 
-0.021512 
0.106548 
-0.000756 
0.046100 
0.122185 
-0.069913 
-0.117968 
-0.020996 
-0.067242 
-0.109755 
-0.157139 
0.114352 
0.026642 
-0.335703 
-0.186265 
-0.038607 
-0.371039 
-0.293436 
-0.127509 
-0.022269 
0.078054 
-0.110554 
-0.203057 
0.120226 
-0.123430 
-0.130806 
0.244675 
0.362266 
0.201148 
-0.081001 
0.354500 
0.252569 
-0.042563 
0.108938 
-0.068352 
0.077385 
-0.395383 
-0.051612 
0.321317 
-0.060609 
0.217865 
0.096106 
0.037460 
-0.202705 
0.146512 
1.058810 
0.121805 
-0.164138 
0.017214 
0.121564 
-0.004409 
-0.688695 
0.265315 
-0.594469 
0.032189 
0.443689 
-0.346457 
0.289798 
-0.059124 
-0.127834 
-0.246088 
0.230799 
-0.046985 
0.089795 
0.176704 
0.173634 
-0.135225 
-0.176507 
-0.128729 
-0.487645 
-0.081725 
0.028027 
-0.420007 
-0.062245 
0.050088 
0.080921 
0.090431 
0.102082 
0.107607 
0.025993 
-0.138737 
0.019722 
-0.050606 
-0.247074 
-0.368826 
-0.013754 
0.113061 
0.003266 
-0.429449 
-0.519065 
0.189799 
-0.120124 
-0.007664 
0.011340 
-0.116210 
0.007629 
-0.181374 
-0.119364 
0.139038 
0.069843 
-0.095678 
-0.139899 
-0.157101 
-0.472450 
-0.448276 
0.018873 
-0.054567 
-0.046330 
0.036162 
-0.007384 
0.226535 
0.197021 
-0.244142 
0.175819 
0.012762 
0.374305 
0.268696 
0.931231 
-0.340239 
0.000319 
-0.434781 
-0.015847 
0.236507 
0.180110 
0.028813 
0.031587 
0.045915 
0.110012 
0.046404 
-0.109900 
0.230370 
0.158802 
0.173103 
-0.025986 
-0.062621 
-0.010330 
-0.296893 
-0.087042 
-0.035292 
-0.034755 
0.103854 
-0.042529 
-0.425014 
0.043875 
-0.019553 
-0.103723 
-0.094232 
-0.000851 
0.137728 
-0.052680 
-0.042982 
0.262613 
0.282955 
-0.074462 
-0.038279 
0.064275 
-0.117616 
-0.071524 
0.050865 
0.111735 
0.064322 
-0.049973 
-0.205358 
-0.362651 
-0.001992 
-0.139898 
0.143190 
-0.383575 
-0.457691 
0.053426 
0.351823 
-0.255650 
-0.067565 
-0.230166 
0.242754 
0.062114 
0.026060 
0.292055 
0.375193 
-0.518382 
-0.064954 
0.275325 
-0.101618 
-0.127745 
-0.122504 
-0.209975 
0.078183 
-0.379871 
0.037824 
0.260362 
-0.025707 
0.001453 
-0.032300 
-0.107274 
0.058191 
0.083088 
-0.002258 
-0.040725 
-0.062090 
0.009060 
0.263069 
-0.086416 
0.253222 
0.019055 
0.068255 
-0.123693 
-0.030253 
-0.142609 
0.150999 
0.260038 
-0.101714 
-0.112616 
0.020388 
0.092052 
0.192275 
0.100810 
0.234884 
0.322685 
0.088755 
0.370201 
-0.009101 
-0.017893 
0.202426 
-0.105057 
-0.216164 
0.058226 
0.264950 
-0.191803 
0.254334 
0.095170 
-0.015162 
0.019261 
0.282093 
0.018627 
0.267224 
0.073522 
-0.039815 
-0.295031 
-0.014307 
0.155101 
0.123199 
0.337683 
0.373749 
-0.333220 
0.201509 
0.031841 
0.072753 
-0.302116 
0.067409 
0.502496 
0.141763 
0.194138 
-0.093061 
-0.048505 
0.162683 
0.186527 
0.257286 
-0.145681 
0.333996 
0.167126 
0.005454 
0.224236 
-0.008267 
-0.073231 
0.099303 
0.116944 
0.151899 
-0.020486 
0.105540 
0.061009 
0.110626 
-0.498204 
0.097078 
-0.069404 
-0.243925 
-0.059239 
-0.082330 
-0.037383 
0.362040 
0.104928 
0.522217 
0.448952 
-0.171868 
0.349359 
0.251985 
0.181065 
-0.001435 
0.101970 
0.251986 
0.193230 
0.038260 
0.112598 
0.298681 
0.297368 
0.311683 
0.119730 
-0.035823 
0.695973 
0.339272 
0.025206 
-0.564039 
-0.031839 
-0.187107 
0.114160 
0.200747 
-0.102830 
0.226413 
-0.103649 
0.260661 
0.150035 
0.337018 
0.132890 
-0.036860 
-0.160133 
0.129657 
-0.363950 
0.319415 
0.071985 
0.296694 
0.759769 
-0.052136 
-0.366864 
0.029774 
0.121629 
0.018770 
0.237600 
0.171369 
0.134701 
0.059849 
-0.028107 
0.127953 
-0.198864 
0.121357 
0.039055 
0.153901 
-0.074733 
0.159826 
0.255598 
-0.284779 
0.706026 
0.182026 
-0.097277 
0.096671 
-0.089215 
0.147486 
-0.240933 
-0.001933 
0.339593 
0.238131 
0.265571 
-0.006831 
0.401952 
-0.411876 
0.131716 
0.112152 
0.071731 
0.215528 
0.127642 
-0.211301 
-0.047172 
0.063661 
-0.647066 
0.260110 
0.187894 
-0.581982 
0.284921 
0.391904 
0.636420 
0.088356 
0.162716 
0.208205 
-0.496070 
0.055140 
0.077018 
-0.070296 
0.037143 
0.095529 
-0.050050 
-0.451864 
-0.367418 
0.157815 
0.307437 
-0.050345 
0.219349 
0.178632 
0.031227 
-0.411667 
-0.024838 
0.000436 
0.361412 
-0.038575 
0.095032 
0.211504 
0.580997 
0.433489 
-0.005897 
-0.051688 
0.020529 
0.005815 
0.102313 
-0.520264 
-0.652068 
0.079094 
0.002471 
-0.055586 
0.146520 
-0.065858 
-0.103649 
-0.113637 
0.055280 
0.252777 
0.150105 
0.153076 
0.161608 
0.073788 
-0.368706 
0.157759 
0.329705 
0.264342 
0.203287 
0.071040 
-0.022089 
0.098531 
0.275877 
-0.458585 
-0.337845 
0.232610 
0.310518 
-0.428157 
-0.491925 
0.015152 
0.056885 
0.050006 
-0.004128 
0.070305 
-0.034205 
0.017831 
0.071018 
0.137782 
0.047444 
0.141522 
0.159644 
-0.209181 
0.064261 
0.466401 
0.282014 
0.107533 
0.059555 
-0.915328 
-0.183651 
0.158145 
-0.023869 
-0.185675 
-0.081212 
0.180273 
-0.054893 
-0.327072 
0.182437 
0.019984 
-0.116220 
-0.032962 
0.151608 
0.192693 
-0.161995 
0.029093 
-0.094648 
-0.083662 
-0.097165 
0.213065 
0.075528 
-0.069498 
0.090102 
0.165985 
-0.162129 
-0.005957 
-0.024425 
0.074166 
1.243910 
0.044017 
-0.024367 
0.047910 
0.084440 
-0.179455 
-0.062368 
0.064525 
-0.023600 
-0.040773 
0.260138 
0.249337 
-0.044678 
0.009695 
-0.046604 
-0.250381 
0.856635 
0.346712 
0.001003 
0.325247 
0.011011 
0.472352 
0.213267 
-0.026219 
0.027811 
-0.063997 
0.060249 
-0.193916 
0.606887 
-0.026997 
0.023874 
0.159641 
0.097936 
0.018829 
0.126865 
0.315410 
-0.176476 
-0.058986 
0.000369 
-0.015017 
-0.061091 
0.051562 
-0.038422 
-0.021129 
0.008267 
-0.188204 
-0.218518 
-0.040145 
-0.052963 
-0.102033 
0.142444 
0.322141 
0.132504 
-0.042912 
-0.045102 
-0.146369 
-0.040223 
-0.071390 
0.154517 
0.047105 
0.206458 
-0.111413 
-0.128820 
-0.022718 
-0.139260 
0.227087 
0.012654 
0.238689 
0.546922 
-0.003796 
-0.040879 
-0.027832 
-0.052786 
-0.157976 
0.092753 
-0.098615 
0.301934 
0.218753 
0.206295 
0.234842 
0.298769 
0.183139 
0.277079 
0.058879 
0.032043 
0.044573 
0.172770 
-0.508574 
-0.122932 
-0.168753 
-0.050842 
-0.170582 
0.029368 
-0.205325 
0.027059 
0.035124 
-0.274160 
-0.358081 
0.094111 
0.061273 
0.332871 
0.021540 
0.277138 
-0.107653 
-0.187010 
-0.061274 
0.022673 
0.241213 
0.287826 
0.373981 
0.443382 
0.291805 
0.374592 
-0.574754 
-0.037573 
-0.135758 
0.372383 
-0.043924 
0.122701 
0.017325 
0.046156 
0.424918 
-0.125689 
-0.109423 
-0.070660 
0.192162 
0.220135 
0.068393 
0.059122 
0.349764 
0.235621 
-0.099284 
0.035358 
0.173354 
-0.097569 
0.248803 
-0.449301 
-0.012413 
-0.479484 
-0.305550 
-0.014133 
0.218507 
0.169627 
-0.126629 
0.016966 
0.079601 
-0.412310 
0.018620 
0.144982 
1.271071 
0.161475 
0.163800 
0.137790 
0.011982 
0.044367 
-0.020188 
0.073201 
-0.237110 
-0.146560 
-0.069185 
0.091200 
0.359829 
0.148646 
0.089560 
0.108590 
0.172682 
0.056275 
0.199780 
0.118523 
-0.248840 
-0.389882 
-0.565192 
0.405422 
0.992299 
-0.063240 
-0.026680 
0.227040 
-0.288641 
-0.129960 
-0.232455 
0.020049 
0.004794 
-0.072032 
-0.081821 
0.113719 
-0.374175 
-0.281662 
0.122648 
0.304723 
-0.361961 
0.124324 
-0.049278 
-0.000878 
-0.150235 
0.135556 
-0.526233 
0.114086 
0.145478 
-0.045962 
0.101526 
0.207154 
0.318016 
0.562738 
-0.017532 
0.058879 
0.297455 
0.011332 
0.206025 
-0.134810 
-0.091002 
-0.075781 
-0.031977 
0.078063 
0.058760 
0.023204 
0.331151 
-0.598109 
-0.385138 
-0.552531 
0.118555 
-0.144484 
0.721640 
0.075308 
0.044430 
0.032176 
-0.010243 
0.121899 
0.120055 
-0.023183 
0.223851 
0.154291 
0.117964 
-0.140085 
0.341366 
0.236311 
0.057801 
-0.059693 
0.124058 
0.028155 
-0.160156 
0.095028 
0.192598 
-0.460528 
-0.440194 
0.119874 
0.014774 
0.069098 
-0.001265 
0.131132 
0.165477 
-0.013682 
-0.073112 
0.122995 
0.024353 
0.090148 
-0.004076 
0.113294 
0.385785 
0.078749 
0.009757 
-0.300376 
0.009230 
-0.097660 
-0.368270 
0.187894 
0.149868 
-0.082520 
-0.112409 
-0.199016 
-0.012919 
0.116513 
0.033413 
-0.004729 
-0.060378 
0.115325 
-0.428092 
-0.062360 
-0.099959 
-0.090873 
-0.018805 
-0.103692 
-0.266084 
0.080531 
-0.013657 
-0.093420 
0.180664 
0.121124 
-0.288698 
0.232361 
0.011564 
-0.106589 
-0.040393 
0.190753 
0.228283 
0.146461 
0.224833 
0.004522 
-0.109762 
-0.106909 
0.168167 
0.145319 
0.039101 
-0.154680 
0.430470 
-0.001103 
-0.124284 
-0.133463 
-0.056535 
0.019246 
-0.268187 
0.001791 
-0.506903 
0.021509 
0.242989 
0.418015 
0.238388 
0.011569 
-0.319098 
-0.331533 
-0.249708 
0.408276 
-0.108858 
0.102500 
1.139800 
0.106293 
0.150821 
-0.269065 
0.099178 
0.021476 
-0.489338 
-0.113097 
-0.099045 
0.265180 
0.062771 
-0.017014 
-0.050684 
-0.121840 
-0.030697 
-0.071016 
0.037696 
0.369839 
0.563043 
-0.046663 
0.197886 
0.106472 
0.323067 
-0.047734 
0.038675 
0.164179 
-0.091884 
0.372319 
-0.080165 
0.049960 
0.218669 
0.127579 
-0.109469 
0.360420 
0.133030 
-0.023399 
-0.022061 
0.008961 
0.029891 
-0.186674 
0.090984 
0.165992 
0.149408 
-0.001392 
0.077408 
-0.021879 
0.257586 
0.045278 
-0.007394 
0.027940 
0.001347 
-0.355149 
-0.161578 
-0.141327 
-0.035422 
0.070779 
0.090366 
0.470356 
0.308102 
0.193033 
0.103603 
-0.052765 
-0.132497 
-0.179817 
0.106255 
-0.113710 
0.436751 
0.195784 
0.990367 
0.112248 
-0.466320 
0.062577 
0.077659 
-0.076984 
-0.034259 
0.164898 
0.175457 
-0.012937 
0.109429 
0.191363 
-0.096103 
-0.039957 
-0.128342 
0.069806 
0.038120 
0.139397 
-0.159412 
-0.122139 
-0.374929 
-0.145117 
0.046232 
0.072329 
0.324780 
0.101409 
0.022140 
0.236840 
0.144554 
-0.009528 
0.061640 
0.112033 
0.303437 
-0.265504 
-0.207164 
-0.122884 
0.134365 
0.127582 
0.175355 
-0.201310 
-0.133737 
-0.019071 
-0.049211 
0.038620 
-0.115689 
0.120902 
-0.389544 
0.579693 
-0.029877 
0.114656 
0.190135 
0.066245 
-0.081092 
0.174787 
0.230968 
0.155176 
0.067249 
0.044308 
0.051417 
0.201024 
0.191446 
0.225945 
0.052160 
0.088280 
-0.420847 
0.330330 
-0.127031 
-0.401974 
-0.081814 
-0.108563 
0.015013 
-0.029042 
0.201724 
-0.172950 
-0.002219 
-0.167427 
-0.190244 
0.018492 
0.007244 
0.539749 
-0.182063 
-0.153946 
-0.121636 
-0.251493 
-0.222059 
-0.017105 
0.008402 
-0.212136 
-0.105980 
0.024929 
-0.127284 
-0.274314 
-0.018712 
-0.197603 
-0.066907 
-0.123567 
0.020664 
-0.456864 
0.180204 
-0.375257 
0.040869 
0.015395 
0.059115 
0.179164 
0.304826 
0.135264 
-0.056420 
-0.169973 
0.070414 
-0.237885 
-0.069276 
0.410045 
-0.192005 
0.109347 
-0.054827 
-0.574283 
0.038927 
0.150653 
0.205668 
-0.052361 
0.586562 
0.114125 
0.227828 
0.011050 
-0.025453 
0.359316 
-0.076183 
0.008276 
-0.080113 
0.251534 
-0.298902 
-0.086302 
0.095969 
0.404490 
0.059129 
-0.193951 
-0.180493 
0.254151 
-0.110171 
0.144980 
-0.270856 
-0.000162 
0.103672 
0.008263 
-0.098955 
0.137206 
-0.010425 
0.350771 
-0.263898 
-0.174035 
-0.186706 
-0.198137 
0.229789 
0.058317 
-0.948453 
0.126611 
-0.115583 
-0.372303 
-0.628707 
-0.231204 
-0.439977 
-0.083463 
-0.047121 
0.148601 
0.165191 
0.291595 
0.161519 
-0.146710 
0.121529 
-0.004153 
0.098627 
-0.397998 
-0.395838 
-0.181783 
-0.143552 
0.410241 
0.040863 
-0.071891 
-0.171003 
-0.033884 
0.176810 
-0.015332 
-0.086189 
-0.097562 
0.129241 
0.003227 
0.088483 
0.139405 
-0.021480 
-0.028982 
-0.013227 
0.410869 
-0.027137 
-0.108998 
0.061283 
0.089295 
0.066243 
0.163242 
0.130921 
-0.387091 
0.509008 
-0.405837 
-0.130800 
-0.254062 
-0.416427 
0.134473 
0.099102 
-0.018532 
0.153686 
0.140523 
0.073708 
0.168255 
0.014421 
-0.203763 
0.058977 
0.021502 
-0.064786 
-0.089482 
0.009795 
-0.070841 
-0.203376 
-0.039716 
-0.169928 
-0.897235 
0.107979 
-0.067877 
-0.351170 
-0.043640 
-0.032152 
-0.107724 
0.068114 
-0.126834 
-0.067143 
0.188291 
0.217466 
0.062514 
0.275332 
0.557496 
0.708976 
0.179236 
0.302295 
0.340528 
0.071754 
-0.044329 
0.067010 
-0.000511 
0.114282 
0.075470 
-0.187601 
-0.179966 
0.126394 
0.564294 
-0.108024 
0.135957 
0.067384 
0.272792 
0.146168 
-0.211619 
0.221953 
-0.238202 
0.212378 
-0.263396 
-0.201570 
0.068216 
0.154391 
0.253690 
0.001762 
0.094564 
0.121776 
-0.182369 
-0.077647 
-0.258694 
-0.278801 
0.022492 
0.087131 
0.131971 
0.090895 
0.185620 
0.227901 
0.051317 
-0.206287 
0.096062 
0.031556 
-0.043999 
-0.184005 
-0.070405 
-0.038491 
0.105542 
0.132225 
0.212178 
-0.031234 
-0.110914 
-0.283738 
-0.019999 
-0.258254 
-0.407931 
-0.004233 
-0.184017 
0.127405 
-0.150106 
0.003491 
-0.118966 
-0.037508 
-0.048259 
-0.112610 
-0.155685 
0.079644 
0.215726 
-0.015852 
-0.040304 
-0.010501 
0.147133 
-0.043114 
-0.016922 
0.117318 
-0.070503 
0.040896 
0.047212 
0.197343 
-0.336198 
-0.102374 
0.132850 
-0.102015 
-0.581766 
0.268134 
-0.234714 
-0.163971 
-0.188696 
-0.128800 
-0.449272 
0.694426 
0.118242 
0.682137 
0.020090 
0.057149 
-0.090375 
-0.097525 
0.002610 
0.455329 
-0.104343 
-0.021121 
-0.171047 
0.089113 
-0.102154 
0.112140 
0.040481 
0.116873 
-0.161362 
-0.164402 
-0.136507 
-0.011231 
0.030174 
0.104796 
0.012729 
0.123673 
-0.064961 
0.302816 
0.062277 
0.298347 
-0.017105 
-0.028327 
-0.186111 
-0.081539 
0.082893 
-0.018986 
-0.071843 
-0.002511 
-0.064586 
-0.448890 
0.102634 
0.210149 
0.239927 
0.747067 
0.086528 
0.180352 
0.271827 
0.421249 
-0.299529 
-0.206242 
-0.322143 
0.175987 
-0.043836 
-0.288525 
-0.104395 
0.343877 
-0.086807 
0.242392 
-0.028815 
-0.395619 
0.025375 
-0.007240 
-0.080952 
0.069130 
0.050728 
0.019905 
-0.098732 
-0.025260 
0.105708 
-0.070434 
-0.108337 
0.066131 
-0.081067 
-0.085722 
-0.051595 
0.266041 
0.265373 
-0.114703 
-0.021294 
-0.500427 
-0.072125 
0.185163 
-0.126391 
-0.038663 
0.052514 
-0.045109 
-0.005787 
0.167226 
-0.122227 
-0.078374 
0.028411 
-0.027583 
-0.050728 
0.337803 
-0.337831 
-0.088882 
-0.259443 
-0.101089 
-0.053532 
-0.043492 
-0.268401 
0.065718 
0.258299 
-0.244491 
0.044271 
0.020132 
0.290297 
-0.025860 
0.052138 
0.480331 
-0.273909 
0.160678 
-0.258932 
-0.109673 
-0.108176 
-0.138372 
0.023600 
-0.171276 
-0.429483 
-0.159189 
-0.570041 
0.076352 
-0.111155 
-0.392693 
-0.145917 
-0.127718 
-0.091738 
0.358177 
-0.196756 
-0.017851 
0.002838 
0.084685 
0.233484 
0.099271 
-0.060958 
0.025895 
-0.187440 
-0.034406 
0.080720 
-0.100788 
-0.061069 
0.413758 
0.057466 
0.053174 
0.212208 
0.220203 
0.100467 
0.028136 
0.032237 
0.121198 
0.311472 
0.055259 
0.187635 
0.199401 
-0.019300 
-0.188249 
-0.024439 
-0.085949 
0.461282 
-0.156602 
0.183259 
0.040261 
-0.007959 
0.005385 
-0.024447 
-0.078984 
-0.130511 
-0.105134 
-0.024355 
-0.215668 
-0.268548 
0.249239 
-0.320238 
-0.022583 
0.018739 
0.044906 
0.238230 
0.008927 
0.052106 
-0.146458 
-0.325303 
0.313911 
0.219454 
0.123625 
0.111574 
0.679190 
0.372548 
0.076428 
0.174041 
0.489815 
-0.138020 
0.127760 
0.047390 
-0.028999 
-0.099104 
-0.138237 
-0.284496 
0.034293 
0.281101 
0.009865 
0.040812 
-0.220410 
-0.328534 
0.275441 
0.207592 
0.309806 
-0.529812 
0.195676 
0.013841 
0.049638 
0.173615 
-0.276441 
0.028956 
0.155205 
-0.147090 
-0.025869 
-0.035363 
0.009877 
-0.088322 
0.082988 
0.247842 
0.152715 
-0.029698 
0.039897 
0.117705 
-0.229249 
0.113144 
-0.139875 
-0.386593 
-0.172355 
0.055777 
0.045628 
0.185872 
0.103524 
0.456314 
-0.537203 
-0.068990 
0.137504 
-0.229052 
0.313558 
1.242514 
-0.358784 
0.140986 
-0.075008 
0.069878 
-0.060137 
-0.059505 
0.329194 
0.054497 
0.085380 
0.259228 
0.213109 
0.133305 
0.081155 
-0.046761 
0.102105 
0.037047 
-0.189354 
-0.065032 
-0.031118 
0.011416 
0.147929 
-0.092585 
-0.165398 
-0.110125 
0.156614 
-0.135999 
0.003993 
-0.046411 
-0.567465 
-0.235795 
0.003605 
-0.003510 
-0.177664 
0.017185 
0.484686 
0.202298 
0.269867 
-0.002389 
-0.043612 
-0.034753 
-0.003319 
0.665282 
0.044923 
-0.007885 
-0.208904 
-0.227471 
-0.034663 
-0.192416 
-0.139308 
-0.061022 
-0.128499 
0.075516 
0.054857 
0.022171 
-0.057722 
0.111804 
-0.024663 
0.012608 
-0.177260 
-0.313384 
0.323103 
-0.106300 
-0.462470 
-0.114619 
-0.059636 
-0.088804 
-0.272618 
0.591719 
0.057683 
0.018451 
0.005308 
0.139620 
-0.013678 
-0.000393 
-0.280152 
-0.046953 
0.286573 
-0.152781 
-0.053292 
-0.428427 
-0.095514 
0.385928 
1.088870 
0.089993 
-0.286410 
0.081198 
-0.135823 
-0.351375 
-0.108357 
-0.503951 
-0.122819 
-0.150846 
-0.060200 
-0.210717 
-0.126325 
-0.137208 
-0.126716 
0.214826 
-0.018058 
-0.072231 
-0.252086 
-0.019813 
-0.132714 
0.058138 
-0.090330 
-0.272646 
-0.039264 
-0.208330 
-0.078893 
-0.320908 
-0.357444 
-0.129527 
-0.162695 
-0.072408 
-0.033601 
0.119222 
0.156476 
0.009936 
-0.104785 
-0.125950 
-0.083332 
-0.035832 
-0.047666 
0.040270 
-0.134172 
0.063956 
-0.218638 
0.187537 
0.039671 
-0.125184 
0.775205 
-0.507564 
-0.046106 
0.237647 
0.048369 
-0.116163 
-0.241807 
-0.008455 
-0.048033 
-0.085815 
0.444505 
0.480137 
-0.397469 
-0.179156 
-0.010649 
-0.016132 
-0.102088 
-0.006898 
0.051980 
0.093612 
0.107701 
-0.046946 
-0.042920 
0.555061 
-0.083331 
-0.046157 
0.148375 
-0.241165 
-0.003488 
-0.051550 
-0.094679 
-0.062658 
-0.228576 
-0.093951 
-0.132880 
-0.092154 
-0.020382 
0.287618 
0.291557 
0.339212 
0.196849 
0.092310 
-0.102950 
0.196309 
0.146215 
0.001277 
0.078181 
0.047419 
-0.088605 
0.169410 
0.234039 
-0.127282 
0.005558 
0.016973 
0.033664 
0.177076 
0.214365 
-0.016928 
-0.144954 
-0.107997 
-0.115217 
0.074663 
-0.187233 
0.112499 
0.334052 
0.136671 
-0.001232 
-0.068428 
-0.256237 
-0.117856 
-0.158654 
-0.116080 
0.124604 
0.443647 
0.089204 
-0.145176 
-0.005733 
-0.072367 
0.203975 
-0.073428 
-0.139671 
0.059860 
-0.274474 
0.553408 
0.557582 
0.855773 
0.389066 
0.556167 
0.504859 
0.067694 
0.106162 
0.092154 
0.030160 
0.078106 
0.180726 
0.244532 
-0.042885 
-0.041293 
0.613222 
0.295377 
0.177883 
0.268710 
0.162702 
0.020959 
0.086993 
-0.071401 
0.037044 
-0.075286 
0.152665 
0.180013 
-0.064134 
-0.185268 
0.200574 
0.274800 
0.097741 
0.066903 
0.285240 
0.036131 
0.224671 
0.145131 
-0.065967 
-0.097023 
0.080179 
0.029268 
0.128171 
0.044127 
-0.166335 
-0.090018 
0.023601 
0.216495 
-0.003163 
0.112001 
0.073802 
-0.413291 
-0.416416 
-0.129777 
0.190966 
0.037688 
0.150198 
0.012178 
-0.002518 
0.031723 
-0.045256 
0.156992 
0.426575 
-0.087101 
0.028719 
0.109676 
0.224276 
-0.208369 
0.145810 
-0.525402 
0.174901 
-0.382239 
0.241345 
0.113354 
0.090443 
-0.182713 
0.374935 
-0.069387 
-0.053127 
0.059435 
-0.086704 
0.073708 
0.088028 
-0.412261 
-0.480321 
0.116802 
-0.305767 
-0.022802 
0.241047 
0.247020 
0.143362 
0.678778 
0.103771 
0.067123 
0.310270 
0.122043 
-0.143174 
-0.218206 
0.022436 
-0.168756 
-0.172992 
0.123853 
0.220357 
-0.088525 
0.014254 
0.465942 
0.478469 
0.294648 
-0.069123 
0.462314 
0.068873 
-0.183995 
0.072590 
-0.098474 
0.359954 
-0.229674 
-0.109354 
0.160475 
-0.209795 
0.150322 
-0.062042 
-0.081004 
0.036913 
1.190864 
-0.393613 
-0.385498 
-0.397581 
0.047559 
-0.099071 
-0.026496 
-0.077632 
-0.066040 
0.342020 
-0.127456 
0.075825 
-0.136366 
-0.004588 
0.160508 
0.267611 
-0.116059 
-0.048425 
0.070518 
-0.208516 
-0.119183 
0.051741 
0.011972 
-0.056602 
-0.236999 
0.140834 
0.191255 
-0.107317 
0.237621 
0.029222 
-0.356246 
0.307003 
-0.324028 
-0.135559 
0.093813 
-0.193342 
-0.261221 
-0.129841 
-0.191138 
-0.185954 
0.031747 
0.114866 
-0.395892 
0.113511 
-0.080995 
-0.100812 
-0.171751 
0.281689 
-0.258308 
0.059191 
0.090936 
-0.169035 
-0.367978 
-0.556482 
0.062108 
-0.023617 
-0.033785 
0.145308 
0.025756 
-0.632515 
-0.025646 
-0.190901 
-0.179185 
-0.022818 
-0.039388 
-0.503786 
0.000947 
0.406909 
-0.117570 
0.182835 
0.172837 
-0.586360 
0.233864 
0.066093 
-0.137112 
-0.040700 
-0.093529 
0.142084 
0.266261 
0.065180 
0.005947 
0.470039 
-0.343326 
-0.331256 
-0.484479 
-0.209442 
0.112777 
-0.111334 
-0.040029 
-0.066409 
0.181473 
-0.202985 
-0.222866 
0.088941 
0.170670 
0.236592 
0.036388 
0.026154 
-0.018001 
0.002659 
-0.229411 
0.001915 
-0.192687 
-0.169076 
0.334110 
0.324329 
0.180066 
-0.217959 
0.047895 
0.007736 
-0.032809 
-0.122741 
0.136251 
0.218052 
-0.135167 
-0.179708 
-0.047412 
0.097439 
0.200345 
0.360932 
-0.135683 
-0.092142 
0.036385 
-0.097286 
0.223354 
-0.127907 
-0.226409 
-0.400369 
0.080423 
0.064826 
0.107600 
0.138850 
-0.027298 
-0.064527 
-0.116546 
0.573668 
0.165540 
0.172583 
-0.140435 
-0.064325 
0.283925 
0.079006 
0.022463 
0.118486 
-0.054740 
-0.071545 
-0.042534 
-0.031870 
-0.062280 
0.497667 
-0.010988 
0.089097 
-0.026742 
0.034130 
-0.059597 
0.468457 
0.055790 
0.101099 
0.071245 
-0.238497 
-0.403262 
-0.021433 
0.422333 
0.202366 
-0.520750 
-0.263673 
0.200167 
0.260936 
-0.135049 
0.044053 
0.098673 
-0.337581 
-0.058310 
-0.080501 
0.006315 
0.130647 
0.166494 
0.124987 
-0.077235 
-0.103524 
0.018089 
-0.158298 
-0.282926 
0.034861 
-0.018534 
-0.317054 
0.095287 
0.116848 
0.046565 
-0.310805 
-0.189389 
-0.039318 
-0.082883 
-0.097504 
-0.036639 
0.133223 
-0.093489 
-0.503796 
-0.284632 
-0.220348 
0.086704 
0.011245 
0.029206 
0.064206 
-0.044690 
0.084655 
0.094990 
0.081085 
-0.094514 
-0.341384 
0.227949 
0.121644 
0.027944 
0.240284 
-0.113509 
-0.066070 
0.105575 
0.228986 
0.213701 
-0.168043 
0.041002 
-0.077935 
0.101049 
-0.103313 
-0.142891 
-0.282144 
-0.040586 
0.496740 
0.134536 
0.134808 
0.220636 
-0.013021 
-0.043046 
0.089955 
-0.210519 
0.234423 
0.348332 
-0.005486 
-0.105053 
-0.139719 
-0.041835 
-0.720292 
-0.037337 
-0.104144 
-0.154283 
-0.046473 
-0.115801 
-0.042119 
0.318667 
0.113723 
0.015707 
-0.170977 
0.160100 
0.001442 
-0.066792 
0.109076 
0.130545 
0.069873 
0.062751 
0.022431 
-0.053972 
0.368854 
0.317544 
-0.632556 
0.216059 
0.111109 
-0.009770 
-0.112972 
0.026932 
-0.062404 
1.052095 
-0.030451 
0.061008 
-0.036730 
-0.119369 
0.032324 
0.019692 
-0.339287 
-0.065295 
0.289582 
0.117676 
0.039473 
0.100176 
-0.190386 
0.030080 
0.027547 
-0.010538 
-0.342204 
0.008690 
0.301664 
-0.753337 
-0.028755 
-0.034478 
-0.154308 
-0.080006 
-0.094203 
0.363664 
-0.060245 
-0.257240 
-0.053756 
0.013696 
-0.064658 
-0.112053 
0.061610 
0.148592 
0.059610 
0.037100 
0.019156 
-0.102217 
0.030649 
0.146353 
-0.011094 
-0.243608 
-0.046007 
0.098937 
-0.046307 
-0.044307 
-0.053847 
0.004131 
-0.153317 
0.084274 
0.187386 
0.008243 
0.272795 
-0.113290 
-0.248809 
0.090288 
-0.040264 
0.059660 
0.148700 
0.269120 
0.080779 
0.028461 
0.043979 
-0.104611 
0.014863 
0.002900 
-0.688708 
-0.161319 
-0.005675 
-0.028741 
-0.204637 
-0.100433 
-0.071948 
0.152259 
-0.129596 
-0.108597 
-0.058409 
0.102651 
-0.165934 
0.057579 
0.202657 
0.288717 
-0.067176 
-0.068149 
-0.060740 
0.115516 
0.003165 
0.042955 
-0.186424 
-0.194671 
0.189149 
-0.289597 
-0.332847 
-0.099194 
0.070135 
0.380828 
-0.016223 
-0.063984 
-0.093400 
0.277445 
0.005445 
0.073056 
0.125310 
0.146735 
-0.305969 
0.018826 
-0.582756 
-0.049777 
-0.035835 
-0.054781 
-0.199604 
0.098045 
0.170251 
0.052272 
0.116016 
0.315355 
0.057461 
-0.059132 
0.500532 
0.243264 
0.100821 
-0.192781 
0.043572 
0.285712 
0.418066 
0.096031 
-0.073927 
0.049039 
0.143665 
-0.022960 
0.175391 
0.929458 
0.200906 
0.129252 
0.141375 
0.084324 
-0.388825 
0.062735 
0.132617 
-0.489950 
-0.017737 
-0.018957 
-0.028903 
0.027650 
-0.133276 
0.032514 
0.024526 
-0.142712 
-0.277574 
-0.191717 
-0.050600 
0.212046 
0.411928 
-0.035864 
-0.488907 
0.070945 
0.218456 
0.131153 
0.087321 
0.186402 
0.076004 
-0.105548 
0.008928 
-0.678409 
-0.629329 
0.240215 
-0.076038 
-0.208815 
0.081763 
-0.124047 
-0.283861 
-0.038898 
0.041394 
-0.024948 
-0.295858 
-0.404041 
0.022111 
-0.092022 
-0.164436 
-0.224238 
-0.121630 
-0.150687 
-0.069475 
-0.438766 
-0.235337 
-0.312149 
0.041418 
0.158700 
-0.034050 
-0.047768 
-0.295195 
-0.067144 
-0.187945 
-0.076274 
-0.094611 
0.069919 
-0.082972 
-0.091254 
-0.168491 
0.125616 
-0.108809 
0.141639 
-0.108992 
-0.142730 
-0.285261 
-0.199303 
-0.064331 
0.126374 
0.008019 
-0.328810 
-0.242624 
0.130179 
0.172424 
0.173100 
-0.094282 
-0.098683 
-0.027119 
-0.035082 
0.127142 
0.041897 
0.119454 
-0.013975 
0.362610 
-0.000024 
-0.182432 
0.164582 
0.108938 
-0.178280 
-0.147134 
-0.297339 
0.302364 
0.143475 
0.055651 
0.171503 
0.102719 
0.115161 
0.206155 
0.152619 
0.153727 
0.063134 
0.032487 
0.371886 
-0.048134 
0.023305 
-0.092062 
0.465106 
0.226478 
-0.168252 
-0.171071 
-0.165591 
0.004884 
-0.113562 
-0.201237 
-0.051922 
0.000006 
0.129269 
-0.002607 
-0.025405 
0.003374 
-0.017850 
-0.242834 
0.016994 
0.012244 
-0.103396 
0.001505 
0.100839 
-0.094149 
0.032962 
0.032529 
0.997161 
0.934787 
-0.073332 
0.099169 
0.304378 
0.069445 
0.085650 
-0.172447 
-0.105122 
-0.058564 
-0.137703 
-0.133691 
-0.116137 
0.069759 
-0.032061 
0.168294 
-0.155711 
0.230960 
0.165389 
-0.303073 
0.026593 
-0.050858 
0.041712 
0.028690 
-0.197903 
0.133833 
0.469640 
-0.527222 
-0.165411 
-0.142719 
0.017839 
-0.045057 
-0.211360 
0.142969 
-0.075239 
0.504213 
-0.152013 
-0.273381 
-0.313740 
-0.038267 
0.176633 
0.142302 
0.041650 
0.219111 
0.065994 
0.078922 
-1.067152 
0.109787 
-0.718323 
-0.640044 
-0.609840 
0.106680 
-0.117412 
0.010156 
-0.246598 
-0.159045 
-0.178574 
-0.061054 
-0.111104 
-0.013900 
-0.028462 
0.404685 
0.250450 
0.424994 
0.531743 
-0.027636 
-0.088710 
0.091184 
-0.467480 
-0.363192 
-0.181283 
-0.076810 
0.315999 
-0.027923 
-0.725338 
-0.079429 
-0.088695 
-0.128520 
0.092840 
0.126841 
0.111598 
0.280284 
0.222872 
-0.198004 
-0.264420 
0.188086 
0.050701 
-0.099787 
0.136668 
0.086122 
-0.084278 
-0.182011 
-0.164919 
-0.055042 
0.015838 
-0.139348 
0.094134 
-0.004807 
0.168410 
0.083675 
-0.106389 
-0.329802 
0.020308 
-0.148744 
-0.189502 
0.034957 
0.087296 
-0.034036 
-0.066011 
-0.337745 
-0.304424 
-0.434709 
-0.131748 
0.015916 
0.361044 
0.066605 
-0.002275 
-0.529867 
-0.556949 
0.877457 
0.661308 
0.015587 
0.186688 
0.061162 
-0.209494 
-0.148136 
-0.299956 
0.149901 
-0.293148 
0.089927 
-0.314051 
-0.152627 
0.014250 
0.223662 
0.274694 
0.209827 
-0.018937 
0.107016 
0.189503 
0.208385 
0.258154 
0.118753 
-0.279913 
-0.035436 
0.275422 
0.199764 
-0.390213 
-0.131946 
-0.132382 
-0.499118 
-0.067116 
-0.069671 
-0.063201 
-0.021667 
-0.133643 
-0.047627 
-0.115192 
-0.015151 
0.093396 
-0.142149 
-0.067884 
-0.019813 
-0.085482 
0.142233 
0.066903 
0.161967 
-0.166630 
0.367614 
-0.111477 
-0.202480 
0.231001 
-0.013231 
0.057399 
0.033082 
-0.031161 
0.176036 
-0.021621 
0.069170 
-0.064970 
-0.181698 
-0.355599 
-0.283082 
-0.115358 
-0.019483 
-0.496006 
0.598319 
0.068248 
0.036750 
-0.386220 
0.599382 
0.293468 
-0.220935 
-0.043538 
0.204518 
-0.738520 
0.057130 
0.005158 
-0.070536 
-0.493280 
-0.021777 
-0.144899 
-0.466769 
-0.640883 
-0.100269 
-0.276707 
-0.047090 
0.015314 
-0.075968 
-0.066840 
-0.240578 
0.091965 
-0.082673 
0.135698 
-0.051069 
-0.251584 
-0.544143 
-0.554954 
-0.077737 
0.070698 
-0.002199 
-0.070328 
-0.109573 
0.192409 
-0.080347 
0.103169 
0.079579 
0.048129 
-0.188756 
0.105358 
-0.398206 
-0.297460 
-0.017685 
-0.036508 
0.017335 
-0.173138 
0.144025 
0.580974 
0.194542 
0.007956 
-0.056276 
0.010292 
0.061924 
0.193481 
0.390215 
-0.098803 
0.156225 
0.028276 
-0.243921 
0.194454 
0.018463 
0.037262 
-0.104624 
-0.090800 
-0.041848 
0.147173 
0.275081 
-0.161188 
0.010161 
0.117058 
-0.085232 
-0.327598 
-0.064352 
-0.133594 
0.003575 
-0.077060 
0.095186 
-0.029188 
-0.236234 
-0.145764 
-0.466814 
0.039100 
-0.040887 
0.252824 
-0.092262 
-0.486085 
0.152016 
-0.440672 
0.003676 
-0.280782 
-0.129219 
-0.043787 
0.080933 
-0.329840 
-0.040353 
-0.120353 
-0.043898 
-0.069491 
-0.058677 
-0.006142 
0.155159 
-0.413345 
0.451390 
0.076528 
0.221076 
0.356630 
0.046565 
-0.084385 
-0.009177 
-0.089732 
-0.017734 
-0.125799 
-0.001167 
-0.183424 
-0.000658 
-0.085901 
-0.032693 
0.046565 
-0.224373 
-0.168260 
-0.027593 
0.219465 
-0.216836 
-0.309683 
-0.170353 
-0.316739 
-0.107187 
-0.452465 
0.042560 
-0.016250 
-0.048741 
-0.193368 
0.376793 
0.072885 
0.085926 
0.137027 
-0.010821 
0.516901 
-0.206138 
-0.156919 
0.030306 
0.253667 
0.197941 
0.172571 
0.077792 
0.023581 
-0.656207 
-0.389164 
-0.094331 
0.227768 
-0.048866 
-0.123489 
0.000028 
0.225779 
0.045886 
0.027317 
0.141215 
-0.156792 
-0.256236 
0.133794 
-0.274292 
-0.066925 
-0.054945 
-0.808960 
0.163153 
0.188762 
0.073976 
0.192220 
-0.052970 
-0.048398 
0.050110 
0.114511 
-0.011305 
0.164841 
0.325779 
0.222514 
0.206265 
0.152500 
-0.015583 
-0.063455 
-0.440557 
-0.340701 
-0.033293 
-0.574024 
0.227527 
-0.104109 
-0.112797 
-0.013953 
0.021374 
-0.101107 
-0.004251 
-0.051178 
-0.001732 
0.040528 
0.226750 
-0.017189 
-0.360328 
0.135838 
-0.769833 
0.612627 
0.119016 
0.099459 
0.271133 
0.271413 
-0.112406 
0.073105 
-0.287568 
-0.233995 
-0.126397 
-0.188161 
-0.027204 
-0.107412 
-0.117657 
-0.108337 
1.170009 
-0.115369 
-0.041651 
0.047504 
0.034579 
0.154924 
0.106622 
0.047328 
-0.187700 
0.238414 
-0.087248 
0.476324 
-0.051742 
-0.357759 
-0.009374 
-0.142129 
-0.062750 
-0.098679 
-0.081446 
0.155578 
0.279541 
0.034750 
-0.043913 
-0.051164 
-0.146397 
0.239188 
-0.078157 
0.350552 
-0.032985 
0.047979 
-0.155171 
-0.121570 
-0.093296 
-0.065253 
0.152527 
-0.016487 
0.337782 
-0.307626 
0.000357 
-0.007593 
0.555771 
0.580933 
0.121333 
0.007713 
0.107597 
-0.017517 
-0.243050 
-0.008766 
0.321787 
0.497871 
0.587560 
0.284914 
0.137297 
0.109108 
0.146013 
-0.369610 
0.214056 
-0.002216 
0.172334 
-0.013021 
-0.190751 
0.178250 
-0.624689 
0.210256 
-0.009832 
-0.038562 
0.460017 
0.053067 
-0.288578 
-0.278966 
-0.166997 
-0.033366 
0.122285 
-0.231441 
-0.207994 
-0.141618 
-0.617295 
-0.620467 
0.034879 
-0.144833 
-0.088568 
-0.424876 
0.087840 
0.120185 
-0.058035 
0.187273 
0.087231 
-0.326531 
0.187192 
-0.063596 
0.254212 
0.075123 
0.348752 
-0.056780 
0.058031 
0.148438 
-0.556576 
0.142136 
0.132014 
-0.242355 
0.191856 
-0.059394 
-0.091738 
-0.111942 
-0.569801 
0.184313 
-0.256894 
-0.071909 
-0.058502 
-0.037967 
0.133255 
0.007262 
-0.046605 
0.285366 
-0.178941 
0.112083 
0.085257 
-0.027905 
-0.129527 
-0.081533 
0.354083 
0.080120 
0.039870 
0.184605 
0.376030 
-0.333743 
-0.127842 
-0.159290 
-0.294248 
-0.424055 
0.409047 
0.440515 
0.019631 
-0.012085 
-0.051193 
-0.161339 
0.095850 
-0.335689 
-0.356264 
-0.172279 
-0.057349 
0.299071 
-0.125140 
-0.155817 
0.122044 
0.112152 
-0.473327 
-0.196245 
0.270998 
-0.045505 
-0.237193 
-0.455413 
-0.071834 
-0.005169 
-0.046752 
-0.006910 
-0.219096 
-0.211277 
0.099166 
-0.257728 
0.274446 
0.228630 
-0.208421 
0.029851 
0.124471 
-0.134931 
-0.133473 
0.068284 
0.274400 
-0.212802 
0.040184 
-0.116394 
-0.164208 
0.051339 
-0.037529 
0.827730 
-0.029661 
0.004455 
-0.614124 
-0.160060 
0.114122 
0.158168 
0.352650 
0.240286 
0.135516 
-0.368108 
-0.283249 
0.111124 
0.092967 
-0.099563 
0.060380 
0.081647 
0.227301 
0.072147 
0.275044 
0.190440 
0.298157 
-0.144869 
0.134847 
0.217036 
0.286089 
0.296593 
0.312793 
0.255580 
0.227438 
0.321437 
0.041657 
-0.042914 
0.016138 
0.049473 
0.157420 
0.190703 
0.259718 
-0.182743 
0.155334 
0.146355 
0.012077 
0.007274 
-0.081919 
-0.034945 
0.022605 
0.248350 
0.137086 
0.161835 
-0.051696 
0.070005 
0.425417 
-0.018393 
0.074926 
-0.014814 
0.098440 
0.131904 
0.247182 
0.261211 
-0.181278 
-0.163216 
-0.528777 
-0.015081 
0.391934 
0.767933 
0.077884 
-0.028715 
0.009981 
-0.049615 
-0.011350 
0.011994 
0.058070 
0.140907 
0.289471 
-0.011557 
0.195036 
0.066187 
-0.004770 
-0.021832 
0.304944 
0.195910 
-0.097215 
-0.600153 
0.169592 
0.115425 
-0.154799 
0.009581 
0.191278 
-0.013742 
0.148494 
0.054813 
-0.085449 
0.170129 
-0.020094 
0.011129 
-0.102987 
-0.109943 
-0.061775 
-0.122415 
-0.180341 
0.071231 
-0.061991 
-0.005375 
-0.166081 
0.220413 
0.268676 
0.382547 
0.067692 
-0.452901 
-0.059204 
-0.037152 
0.090003 
0.282577 
0.028673 
-0.275938 
0.151182 
0.275307 
-0.087422 
0.291339 
0.046565 
-0.104978 
-0.217357 
-0.121098 
0.310798 
-0.167645 
0.030725 
0.150819 
-0.018320 
-0.063329 
-0.265211 
-0.128768 
-0.228204 
-0.492990 
0.076361 
-0.024465 
0.159882 
-0.014257 
-0.196256 
0.178328 
0.303380 
0.059517 
0.107922 
-0.229766 
-0.152714 
0.194647 
0.280012 
0.387848 
0.273525 
0.295828 
0.053366 
0.048269 
0.065933 
-0.163434 
-0.071806 
0.018154 
-0.018217 
-0.257016 
0.277725 
-0.254465 
0.442231 
0.004397 
-0.030167 
0.220157 
-0.011595 
-0.199722 
-0.184620 
0.083752 
0.140957 
-0.135504 
0.155709 
0.042554 
-0.107728 
0.046288 
-0.025912 
-0.150910 
-0.014910 
0.115514 
-0.247588 
-0.313891 
-0.281350 
0.166296 
0.080347 
-0.387307 
-0.311692 
0.198061 
0.060476 
-0.054384 
0.024321 
-0.019485 
-0.091463 
0.436202 
-0.321810 
-0.052613 
-0.302592 
-0.240169 
-0.133460 
-0.067525 
0.355322 
-0.215676 
-0.149522 
-0.089300 
-0.032307 
-0.075225 
-0.129442 
0.153871 
-0.062887 
-0.121701 
0.371507 
-0.118908 
-0.128704 
-0.028366 
0.016975 
0.027679 
0.033336 
-0.127239 
0.731907 
0.037636 
0.473259 
-0.025339 
0.366268 
-0.127468 
-0.115235 
-0.135580 
0.277360 
0.285224 
0.055306 
0.176082 
0.004524 
-0.289869 
-0.513046 
0.261590 
0.352142 
0.032045 
0.055638 
0.058052 
-0.096504 
0.393548 
-0.005689 
-0.033353 
-0.109102 
-0.307101 
0.087211 
-0.030777 
0.177362 
0.453132 
-0.083457 
0.191330 
-0.150660 
0.039646 
-0.109941 
0.044022 
0.113118 
0.189074 
-0.080911 
-0.156661 
-0.025803 
-0.011861 
-0.235007 
0.066990 
-0.113505 
0.438951 
-0.193588 
-0.004509 
0.190558 
-0.578368 
0.225801 
0.714819 
0.212562 
-0.003630 
-0.347691 
0.079137 
-0.069295 
0.045083 
-0.208120 
-0.088184 
0.653737 
-0.019948 
-0.239009 
0.634553 
0.520898 
0.070547 
-0.010911 
-0.153973 
0.206606 
-0.098669 
-0.028761 
0.097843 
-0.244104 
-0.106878 
-0.196068 
-0.050875 
0.022886 
-0.330335 
-0.088926 
0.172722 
-0.306507 
-0.091203 
0.045914 
0.026361 
0.140821 
0.042448 
0.239171 
-0.103069 
-0.017995 
-0.105875 
0.081024 
0.104954 
-0.323724 
-0.096428 
-0.292449 
-0.120591 
0.234487 
0.190586 
0.031254 
-0.078690 
-0.209309 
-0.036676 
-0.040627 
0.216304 
-0.056793 
-0.211163 
-0.093102 
0.247483 
0.085010 
0.815798 
0.119740 
0.049326 
0.275061 
-0.293572 
0.255227 
-0.167227 
0.442421 
-0.151293 
0.126384 
-0.022916 
-0.084290 
-0.049806 
-0.064758 
-0.279915 
-0.010138 
0.403537 
-0.100064 
-0.578344 
-0.013685 
-0.071615 
0.116611 
0.403302 
-0.050952 
0.011300 
0.261001 
0.132291 
0.099841 
0.096813 
-0.502156 
0.152861 
0.150220 
0.082646 
0.274556 
0.133480 
0.058536 
0.008469 
-0.312530 
-0.230311 
0.285643 
0.299536 
-0.402495 
0.068711 
-0.135151 
-0.148238 
0.016557 
-0.052698 
-0.307335 
-0.149999 
0.357337 
0.020374 
-0.099331 
-0.228374 
-0.109619 
-0.150801 
-0.033277 
-0.171384 
0.348461 
-0.074242 
0.260471 
0.030174 
-0.099726 
-0.125144 
-0.218222 
-0.292062 
0.346294 
-0.160337 
0.261966 
0.060195 
-0.071685 
0.118193 
0.254784 
-0.259242 
0.230332 
-0.100930 
0.001060 
-0.073819 
-0.071695 
-0.028543 
0.064844 
-0.054574 
-0.058444 
-0.074888 
-0.528898 
-0.247956 
-0.066356 
-0.031699 
-0.417159 
-0.055339 
0.197310 
-0.021474 
0.061787 
-0.389561 
-0.200973 
0.073488 
0.135419 
0.103023 
-0.369340 
0.221268 
0.050892 
-0.094140 
-0.271204 
-0.030319 
-0.118901 
-0.054730 
-0.027274 
0.191630 
-0.214171 
-0.894054 
0.086895 
-0.222704 
-0.298631 
-0.181139 
-0.305900 
0.154519 
-0.067543 
0.188709 
0.021271 
-0.133297 
-0.359346 
-0.076740 
0.066062 
-0.087255 
-0.068590 
-0.313754 
0.091322 
0.026852 
0.015427 
0.111137 
0.245660 
0.327968 
0.291049 
-0.112226 
-0.029024 
0.017945 
0.115759 
0.016420 
-0.212001 
-0.039061 
-0.139431 
0.212837 
-0.399221 
0.109716 
0.032334 
-0.139684 
-0.119003 
0.045043 
0.135146 
0.105555 
-0.028857 
0.058246 
0.043740 
0.121424 
0.084723 
0.182408 
-0.023512 
0.065324 
0.258225 
0.140136 
-0.046532 
-0.268135 
-0.253505 
-0.183649 
0.005709 
-0.005528 
0.123259 
-0.178842 
-0.083690 
-0.020203 
0.077359 
0.006535 
0.002486 
0.031278 
0.043062 
0.090689 
0.201323 
0.047768 
-0.619971 
-0.607666 
-0.548462 
-0.166996 
-0.014630 
-0.068353 
0.176808 
-0.427491 
0.104468 
-0.516433 
-0.158685 
-0.067291 
0.285005 
-0.260300 
-0.409766 
-0.366350 
-0.167892 
-0.101083 
-0.062335 
-0.119241 
0.262253 
-0.229741 
0.520430 
0.112937 
0.001469 
0.021606 
0.075974 
0.171863 
0.107632 
0.339456 
0.319272 
-0.202604 
-0.096356 
-0.398028 
0.045969 
-0.065807 
-0.430856 
0.018897 
-0.286895 
-0.044626 
-0.122369 
0.129618 
0.590938 
0.012801 
0.380010 
-0.031964 
0.160486 
-0.110082 
-0.026289 
-0.169683 
-0.388959 
-0.009833 
-0.071163 
-0.352853 
-0.305353 
-0.039410 
0.504262 
0.468516 
-0.078408 
-0.538987 
-0.140153 
-0.236435 
-0.080292 
-0.005271 
-0.185931 
0.092415 
0.358498 
0.074260 
-0.008759 
0.038234 
0.150326 
-0.122965 
-0.353489 
-0.029064 
-0.210790 
-0.143899 
-0.072328 
0.022521 
0.000629 
-0.131090 
-0.047600 
-0.320368 
1.259210 
-0.216336 
-0.276984 
-0.038319 
0.043660 
0.277501 
-0.418927 
-0.075238 
0.387797 
0.084224 
0.119713 
-0.046538 
0.024056 
0.611776 
0.197007 
-0.273005 
0.003977 
-0.052902 
-0.583620 
-0.000473 
-0.303442 
-0.096257 
0.149270 
0.157384 
0.271348 
-0.210665 
-0.014543 
-0.223501 
-0.129134 
0.092126 
-0.287749 
0.165712 
-0.502723 
-0.649834 
-0.127760 
-0.185443 
-0.702641 
0.085717 
0.253578 
0.384331 
-0.153070 
0.312410 
-0.166079 
-0.223873 
0.154161 
0.205294 
0.180988 
0.137343 
-0.021931 
0.065636 
-0.263354 
-0.039538 
0.076219 
0.384859 
0.995385 
-0.050123 
-0.153639 
-0.161711 
0.142480 
0.137567 
0.363153 
0.312112 
-0.091970 
-0.080061 
0.343164 
-0.145241 
-0.242014 
-0.580988 
0.132742 
0.060180 
0.038434 
-0.369056 
-0.005228 
0.029021 
0.389782 
-0.371191 
0.189690 
0.056784 
-0.018585 
-0.316704 
-0.013094 
0.092684 
-0.166490 
0.339455 
0.104178 
-0.114056 
-0.051655 
-0.255886 
0.031645 
0.248239 
-0.077271 
0.276326 
0.378895 
0.021992 
-0.189171 
0.028014 
0.129392 
0.231445 
0.007368 
-0.107484 
-0.035919 
-0.032377 
-0.003282 
-0.068473 
0.065259 
-0.152697 
-0.358587 
0.013288 
0.204145 
0.081485 
-0.151173 
0.160275 
-0.018056 
-0.342529 
0.007081 
0.018799 
0.071118 
0.105378 
0.110191 
0.049758 
0.235113 
0.390172 
0.282701 
0.213698 
0.252653 
0.035350 
-0.059392 
0.297306 
0.186414 
0.023706 
0.162149 
0.297621 
-0.117507 
-0.346954 
0.238400 
0.247718 
0.068218 
-0.024184 
0.019515 
-0.108950 
-0.206305 
0.271517 
0.000208 
0.059907 
-0.192031 
-0.148329 
-0.019798 
-0.312335 
0.324989 
0.234289 
0.007405 
-0.117561 
-0.221101 
-0.135279 
-0.253703 
-0.140223 
0.048763 
-0.037640 
0.044105 
-0.482741 
-0.344068 
-0.098537 
0.168390 
0.028172 
-0.178876 
0.029882 
-0.258823 
0.192775 
0.321831 
-0.156320 
0.615361 
-0.219851 
-0.028686 
-0.118017 
-0.028395 
-0.043988 
-0.089285 
-0.022151 
0.100922 
0.238571 
-0.046264 
-0.018937 
-0.015819 
-0.010931 
0.147421 
-0.004242 
0.069919 
0.111299 
0.082186 
-0.032451 
-0.124688 
-0.193605 
-0.068858 
-0.065087 
0.259320 
0.065516 
0.040082 
-0.008747 
0.392933 
-0.019847 
-0.120085 
-0.105161 
-0.175149 
-0.164860 
-0.019374 
-0.278755 
-0.055913 
-0.391520 
-0.083144 
-0.035081 
0.106293 
-0.301664 
0.042596 
-0.052240 
-0.235384 
-0.234387 
0.096754 
-0.228712 
-0.054304 
-0.234027 
0.040479 
0.008357 
0.018943 
-0.106160 
0.005994 
0.146219 
-0.011302 
-0.064037 
-0.128329 
0.003667 
-0.534844 
0.000728 
-0.064347 
-0.057150 
-0.211601 
-0.532881 
-0.063810 
-0.102745 
-0.279132 
-0.321412 
-0.074574 
-0.392543 
-0.109147 
-0.285143 
-0.226610 
0.028391 
0.040633 
-0.082269 
0.059970 
-0.045515 
-0.450493 
-0.268560 
-0.031490 
-0.230340 
-0.047440 
-0.119273 
-0.144980 
-0.175072 
0.115994 
-0.126256 
-0.002168 
-0.047764 
0.029747 
-0.260117 
0.035588 
-0.151066 
-0.094151 
-0.221465 
-0.246423 
-0.059143 
0.116940 
0.267936 
-0.235823 
0.079549 
0.122487 
-0.048881 
-0.422279 
-0.001740 
-0.137873 
0.081361 
0.245271 
0.209040 
-0.059239 
-0.162628 
-0.615188 
0.189759 
0.153451 
-0.083472 
-0.404981 
-0.212062 
-0.721218 
0.380657 
-0.062886 
-0.049783 
-0.149153 
-0.119426 
0.114051 
0.009292 
-0.252127 
0.040469 
-0.137906 
-0.087488 
0.103598 
-0.026018 
0.017130 
-0.063361 
0.224054 
-0.111582 
0.180688 
-0.105249 
-0.055467 
-0.160116 
-0.577774 
0.011998 
0.468920 
-0.130060 
-0.271606 
-0.183739 
-0.240143 
-0.165453 
0.031140 
-0.035764 
0.334654 
0.418346 
0.306897 
0.071442 
0.577519 
-0.034252 
-0.326789 
-0.015507 
0.044530 
0.170900 
0.374814 
0.101702 
0.157927 
-0.075006 
0.312950 
0.244284 
-0.197662 
0.004240 
-0.431190 
-0.284595 
-0.077832 
-0.016856 
-0.279289 
-0.518965 
-0.110739 
-0.073053 
0.161828 
0.764520 
-0.033280 
0.001183 
0.008269 
0.011773 
-0.030725 
-0.052286 
-0.131889 
0.293018 
-0.005090 
-0.078195 
0.054933 
0.147828 
-0.126580 
0.311566 
0.169029 
-0.183130 
0.305434 
0.330029 
-0.313364 
-0.152159 
-0.129843 
0.008578 
0.029665 
-0.017994 
-0.078374 
0.079878 
-0.124154 
-0.533580 
0.123651 
0.089170 
0.062832 
-0.024179 
-0.363225 
-0.252957 
0.097152 
0.159954 
-0.418100 
0.243887 
-0.084877 
-0.238621 
-0.257006 
-0.017418 
-0.006849 
-0.110969 
0.323975 
-0.505895 
-0.343899 
-0.301112 
0.605834 
-0.269340 
0.694450 
0.362683 
-0.295136 
0.124598 
-0.012595 
-0.186666 
0.389880 
-0.115250 
0.156845 
0.122551 
0.097518 
0.013611 
-0.058030 
0.066513 
-0.021752 
0.157081 
0.006667 
-0.082031 
-0.129111 
-0.292781 
-0.095219 
0.160508 
0.295888 
-0.119088 
0.317721 
-0.129527 
-0.143248 
-0.122203 
0.086141 
0.223170 
-0.166748 
0.168449 
-0.157936 
-0.515024 
-0.184078 
-0.190964 
0.162573 
-0.115169 
-0.159082 
-0.101754 
0.048208 
-0.110416 
-0.216623 
0.054622 
0.349445 
-0.072741 
-0.067020 
0.047675 
-0.002163 
0.107551 
-0.009449 
-0.136687 
0.028681 
-0.078000 
0.016720 
-0.117662 
0.017687 
-0.141888 
0.154877 
-0.347015 
0.087744 
-0.312414 
-0.000639 
0.006270 
-0.148495 
-0.104003 
0.328145 
0.531797 
-0.320409 
-0.346105 
0.058629 
-0.070962 
0.267866 
-0.033329 
0.454085 
0.176786 
-0.211865 
-0.376193 
-0.065908 
0.248361 
0.208881 
0.413077 
-0.023162 
-0.040509 
-0.074042 
-0.027695 
-0.100292 
-0.121209 
-0.074295 
-0.102689 
0.049348 
0.058786 
0.048523 
-0.149361 
0.003459 
0.019195 
-0.115192 
-0.120417 
-0.071934 
0.054238 
0.206624 
-0.090476 
-0.287876 
-0.058086 
0.326782 
-0.641848 
-0.508964 
-0.125717 
-0.149947 
-0.049410 
0.030230 
-0.090273 
-0.145142 
0.011515 
0.273642 
0.170425 
-0.025875 
-0.027781 
-0.224354 
0.095667 
-0.048616 
0.085629 
0.084865 
-0.015104 
0.032481 
0.431315 
-0.454771 
-0.003467 
-0.202111 
-0.181346 
-0.155605 
-0.002159 
-0.195892 
0.047022 
0.167832 
0.105690 
0.237019 
0.280648 
-0.179301 
-0.041806 
-0.017712 
-0.174859 
-0.051634 
0.022582 
-0.328159 
-0.049847 
-0.186646 
-0.264967 
-0.161975 
0.033525 
0.374181 
0.025312 
-0.145007 
0.025219 
-0.045466 
0.432913 
-0.047525 
0.435461 
0.149840 
0.021793 
-0.003941 
0.326990 
0.048821 
-0.160534 
-0.005638 
0.040250 
0.280648 
0.326934 
-0.341035 
0.244932 
0.196079 
0.872197 
-0.156239 
-0.041154 
0.003211 
0.010232 
0.238846 
-0.101481 
0.246276 
0.317046 
-0.017572 
-0.198396 
0.054904 
-0.280995 
0.189709 
0.490410 
-0.010906 
-0.069491 
-0.197948 
0.083274 
0.164387 
-0.172943 
-0.123706 
0.278173 
-0.356745 
-0.025239 
0.141458 
0.084920 
0.377100 
-0.208085 
-0.115986 
-0.298457 
0.102768 
0.164864 
0.244370 
0.242226 
0.028369 
0.098953 
-0.201397 
-0.264856 
-0.176409 
-0.161646 
-0.099423 
-0.051041 
-0.033558 
-0.070902 
0.215125 
0.128587 
0.552811 
-0.580030 
0.137018 
0.267988 
-0.073430 
-0.315332 
-0.146971 
-0.200650 
0.009146 
-0.062425 
-0.196795 
0.182680 
0.025722 
-0.066910 
0.036216 
0.060805 
0.148777 
0.018768 
0.415513 
0.048670 
-0.311940 
-0.167938 
-0.057387 
-0.033654 
0.063553 
0.260851 
0.174492 
-0.075185 
-0.183298 
-0.661006 
-0.495874 
-0.628181 
-0.507740 
-0.252038 
-0.068095 
-0.212209 
-0.234286 
0.225842 
-0.007952 
-0.012110 
0.067422 
0.071616 
-0.208202 
-0.211171 
-0.041696 
0.310910 
-0.034651 
-0.147856 
0.617464 
0.489311 
0.329014 
-0.099524 
-0.122683 
0.296070 
-0.006372 
-0.179821 
0.016734 
-0.315671 
0.112267 
0.012241 
0.083770 
-0.025568 
-0.047542 
-0.126985 
-0.012497 
-0.066070 
-0.059530 
0.016297 
0.038205 
0.019114 
0.034219 
-0.003983 
0.085433 
-0.016567 
0.239752 
0.007565 
0.004467 
-0.287794 
-0.106172 
0.000695 
-0.005210 
0.032193 
0.160962 
-0.029621 
0.482315 
0.275021 
0.034682 
0.034243 
0.066958 
-0.132030 
-0.036248 
-0.097987 
-0.026086 
-0.056961 
0.419948 
-0.473391 
0.433313 
-0.267795 
-0.131334 
-0.298094 
-0.195837 
0.203948 
0.293306 
0.021110 
0.019391 
-0.138147 
0.028614 
0.340651 
0.226049 
-0.078374 
-0.146232 
-0.015085 
-0.073045 
0.112105 
-0.098010 
-0.030358 
-0.428699 
-0.275037 
0.026460 
0.091274 
0.048897 
0.074245 
-0.632450 
-0.465281 
0.157283 
-0.205606 
-0.044146 
-0.024483 
-0.136366 
-0.663918 
-0.078703 
-0.107768 
-0.602712 
-0.702287 
0.208047 
-0.450091 
0.081797 
-0.088545 
0.193024 
0.186009 
0.231144 
-0.016768 
0.026961 
0.399319 
0.218531 
-0.065889 
-0.003929 
-0.008745 
-0.046956 
0.110808 
-0.186221 
-0.102481 
-0.157941 
-0.114336 
0.133917 
0.052137 
-0.032064 
0.020174 
0.280521 
-0.019268 
0.210603 
-0.351977 
-0.133610 
-0.132780 
-0.194188 
-0.148694 
-0.255154 
-0.397391 
0.165106 
0.056110 
-0.490812 
-0.187632 
0.113584 
0.506094 
1.205438 
0.075481 
0.198236 
-0.001471 
-0.231889 
-0.229048 
-0.021148 
-0.386211 
-0.147094 
-0.220174 
-0.251999 
0.260105 
-0.035883 
-0.093886 
-0.029470 
-0.013021 
0.109464 
0.440027 
-0.327598 
-0.086784 
-0.037135 
-0.019623 
0.208981 
0.302825 
1.138682 
-0.004514 
0.258543 
-0.165123 
-0.085023 
-0.042665 
-0.141331 
0.071468 
0.017740 
-0.060924 
-0.884837 
-0.162764 
0.128235 
-0.346409 
-0.511226 
0.053684 
0.175883 
0.001842 
-0.066796 
0.043251 
0.088165 
0.091444 
0.154095 
0.138093 
-0.097461 
-0.067097 
0.235473 
-0.057848 
-0.084615 
0.011553 
-0.067410 
-0.510996 
-0.031090 
0.121755 
0.235351 
-0.006827 
0.253024 
0.202615 
0.135829 
-0.195115 
0.003685 
0.081646 
-0.004018 
0.388297 
0.006797 
0.192864 
0.153520 
0.175788 
-0.090585 
-0.139636 
0.295334 
-0.040624 
0.205852 
0.316853 
0.290181 
0.072418 
-0.168472 
-0.190244 
-0.030848 
0.061178 
-0.001296 
-0.095603 
-0.157265 
-0.149593 
-0.012806 
0.012175 
-0.026265 
0.155719 
-0.251406 
0.116891 
0.071642 
0.064443 
0.317603 
0.364854 
0.103705 
-0.081143 
-0.306205 
-0.170968 
0.098391 
0.152329 
-0.222733 
-0.012782 
0.008685 
0.061133 
0.154904 
-0.023233 
-0.072276 
-0.176485 
0.039396 
-0.058037 
0.109945 
-0.020023 
-0.067909 
-0.027256 
-0.095998 
-0.234582 
0.292808 
-0.165037 
-0.339340 
-0.355592 
-0.531890 
-0.011107 
0.064188 
0.009368 
-0.066245 
-0.111935 
-0.230936 
-0.175969 
-0.288445 
-0.567873 
0.117959 
-0.346121 
-0.389352 
-0.059534 
0.008900 
-0.038805 
-0.292388 
-0.060811 
-0.059096 
-0.071838 
0.004987 
-0.121492 
0.029867 
-0.345679 
-0.080594 
-0.383975 
0.127864 
-0.059539 
0.116375 
-0.114829 
0.748709 
-0.056010 
0.313154 
-0.070638 
-0.180995 
0.271831 
-0.082552 
-0.194681 
0.462543 
0.470763 
1.379413 
0.330977 
0.215489 
0.416700 
0.135460 
-0.315379 
0.209406 
0.176307 
0.230596 
-0.001740 
-0.722089 
-0.027286 
0.021935 
0.013160 
0.165174 
-0.156086 
-0.159712 
0.056136 
0.053928 
0.064080 
-0.006222 
-0.307528 
-0.269053 
-0.068614 
0.025047 
-0.201022 
0.335263 
-0.047841 
-0.234734 
-0.053030 
0.071560 
0.188626 
0.091888 
0.255120 
0.122557 
0.215440 
-0.010106 
0.101212 
-0.008849 
0.176601 
-0.042038 
0.069993 
-0.032277 
0.216849 
-0.018207 
-0.027846 
-0.070186 
-0.111480 
-0.229807 
0.066974 
-0.079941 
-0.120156 
-0.236856 
-0.068072 
-0.085626 
-0.148860 
0.253311 
0.120770 
-0.124458 
-0.011364 
0.077452 
0.082876 
0.166642 
0.105169 
0.075895 
0.234766 
0.059877 
0.143262 
0.111078 
-0.015430 
0.042470 
-0.062398 
-0.116789 
0.327145 
-0.010495 
0.155632 
0.053051 
-0.494358 
0.275837 
0.325164 
0.285715 
-0.061396 
-0.030066 
-0.049798 
-0.143336 
-0.003523 
0.039612 
0.565136 
0.489340 
-0.189168 
-0.201907 
-0.176742 
-0.030601 
0.004238 
-0.018978 
0.005347 
-0.112050 
0.139506 
-0.002055 
-0.485628 
-0.159092 
0.035728 
0.236512 
-0.164234 
-0.147801 
-0.217700 
0.070989 
-0.006320 
-0.116315 
0.083164 
-0.058823 
-0.133469 
-0.093872 
0.053673 
-0.199934 
-0.076329 
-0.054297 
-0.097709 
-0.177180 
-0.083967 
0.430863 
0.069653 
-0.169693 
-0.092813 
-0.274888 
-0.196328 
-0.301927 
-0.092047 
-0.089558 
-0.287600 
0.064371 
0.064739 
0.101757 
0.012385 
0.057846 
0.006770 
-0.032060 
-0.030900 
-0.287347 
-0.214598 
-0.087789 
0.192724 
-0.007618 
-0.083069 
0.034232 
-0.265687 
0.562706 
-0.128636 
0.077686 
-0.142514 
-0.033963 
-0.019125 
-0.233500 
0.080644 
-0.360310 
-0.373809 
-0.476246 
-0.490165 
-0.044343 
0.011158 
-0.059249 
0.042698 
0.029315 
0.443531 
0.588214 
-0.252166 
0.012541 
-0.037227 
0.636018 
1.088854 
-0.121447 
-0.016152 
-0.232588 
-0.228658 
0.064940 
-0.321366 
-0.152819 
-0.062907 
-0.021197 
0.247914 
0.202584 
-0.003447 
0.279093 
-0.100130 
-0.090889 
0.016474 
-0.079358 
-0.061845 
0.033422 
0.009543 
0.113635 
0.233556 
-0.499276 
0.196309 
0.048086 
-0.083963 
-0.001911 
0.011432 
-0.107370 
0.031036 
0.094967 
-0.142622 
-0.237215 
-0.119465 
-0.116726 
-0.312581 
-0.360202 
-0.145800 
0.149884 
-0.132151 
0.038569 
-0.013537 
0.159042 
0.095990 
0.067311 
0.121198 
-0.036801 
-0.083356 
0.110985 
0.146949 
0.463181 
0.296378 
0.241659 
0.234256 
0.267865 
0.151823 
-0.213985 
-0.039853 
-0.002877 
0.066426 
0.133520 
-0.052736 
-0.096998 
-0.143492 
-0.009456 
0.053336 
-0.535987 
0.180777 
0.123416 
-0.140722 
-0.177774 
-0.025400 
-0.114749 
-0.092069 
0.012497 
-0.243116 
-0.157318 
-0.174637 
-0.078636 
-0.003471 
-0.017669 
-0.198775 
-0.016799 
-0.036609 
-0.089272 
-0.069849 
-0.011018 
-0.079759 
-0.098172 
0.037842 
0.094144 
-0.128946 
-0.215518 
0.052859 
-0.401100 
0.195351 
0.298684 
0.003197 
0.157548 
-0.001165 
0.263142 
-0.119571 
-0.319735 
0.247784 
-0.406722 
0.058231 
0.036631 
-0.106478 
-0.155353 
-0.088643 
0.119534 
0.322996 
0.496518 
0.061072 
0.163019 
-0.213983 
0.001803 
-0.071942 
0.017790 
0.227656 
0.096504 
0.214031 
0.095210 
-0.042179 
-0.295517 
-0.103871 
0.162878 
-0.108072 
-0.446271 
0.039098 
0.147865 
0.158302 
0.062238 
0.294316 
-0.123286 
-0.173123 
-0.450974 
-0.268294 
-0.088785 
0.010163 
-0.093500 
0.349465 
0.319772 
0.230353 
-0.095934 
-0.223255 
-0.464602 
0.153279 
-0.119495 
0.040466 
-0.284741 
-0.060740 
-0.090087 
-0.031552 
-0.045206 
-0.214302 
-0.038494 
-0.177501 
0.010874 
0.104940 
0.007141 
-0.051438 
0.060353 
0.057509 
-0.021026 
-0.054199 
0.400456 
0.042226 
0.269408 
-0.040246 
0.085818 
-0.042640 
0.013504 
-0.118113 
0.015386 
-0.073920 
-0.087211 
0.172745 
0.002166 
-0.176332 
0.156738 
-0.068791 
-0.232694 
-0.025199 
0.604488 
0.408852 
0.215742 
-0.086715 
-0.069462 
0.169589 
0.009936 
-0.141689 
-0.106226 
-0.171669 
0.310555 
0.139968 
0.229339 
