0.273008 
0.022495 
0.148332 
0.004077 
-0.395547 
-0.105263 
0.147662 
0.817924 
-0.017970 
0.200635 
0.562840 
-0.006793 
0.065226 
0.068492 
-0.031849 
0.197879 
-0.499850 
-0.075781 
0.016486 
-0.129173 
-0.026787 
0.053370 
-0.006324 
-0.084497 
0.456558 
0.124263 
0.140900 
-0.016466 
0.023734 
-0.019820 
-0.147194 
-0.412498 
0.038486 
-0.026718 
0.233745 
-0.022081 
0.090902 
-0.981478 
0.020196 
0.010230 
0.249760 
0.099889 
-0.089828 
0.099934 
0.208851 
0.024025 
0.070038 
-0.151132 
0.032166 
-0.401147 
-0.792383 
-0.042963 
-0.526652 
-0.265207 
-0.629071 
-0.076236 
0.178749 
0.075529 
-0.057949 
-0.121864 
-0.250664 
-0.011634 
0.094704 
0.105007 
0.115760 
-0.131269 
0.821851 
0.289997 
-0.090485 
-0.177903 
-0.094288 
-0.144351 
1.074651 
-0.071318 
0.246569 
-0.421919 
0.150312 
0.064187 
0.201429 
0.165209 
-0.283693 
-0.383519 
-0.168529 
-0.017151 
0.000508 
-0.062678 
0.206516 
0.215968 
0.417327 
0.023508 
0.112301 
0.088630 
0.044777 
-0.072681 
0.041330 
-0.121667 
0.151238 
-0.065968 
0.133643 
-0.031364 
0.096391 
-0.015562 
0.110803 
0.506115 
-0.193746 
-0.238177 
0.133034 
-0.370923 
-0.292539 
-0.057780 
0.144403 
0.049710 
0.150166 
-0.011873 
0.090330 
0.077586 
0.225580 
0.103043 
0.406292 
0.265032 
0.289834 
0.143304 
0.343373 
0.220279 
-0.018630 
-0.018255 
-0.021422 
-0.036500 
0.094256 
0.117311 
0.395884 
-0.589888 
0.271239 
-0.101796 
-0.517171 
-0.330075 
0.036982 
0.047601 
0.010031 
0.074073 
0.266264 
0.071161 
0.205195 
0.096335 
0.066865 
-0.204633 
-0.204360 
-0.026108 
0.277548 
-0.580263 
0.817068 
-0.046877 
0.181286 
0.110290 
0.074500 
0.053916 
0.415402 
0.026379 
-0.053184 
0.064072 
0.149320 
-0.582330 
-0.194196 
0.006065 
0.041663 
0.172267 
-0.142975 
0.175129 
0.112581 
0.109609 
0.250380 
0.234077 
0.144586 
0.033099 
0.209035 
-0.240946 
0.070049 
-0.023184 
-0.255803 
-0.438765 
-0.128784 
-0.118379 
-0.231917 
-0.026611 
-0.000753 
0.335758 
0.056693 
0.160530 
-0.050799 
0.103598 
0.105043 
0.042538 
-0.135459 
0.205682 
-0.027875 
-0.049686 
-0.004167 
-0.276559 
0.120771 
-0.158467 
0.070488 
0.102760 
-0.079833 
0.065226 
-0.035529 
0.150139 
-0.437419 
-0.412545 
0.113893 
-0.009285 
0.014786 
0.186138 
-0.154064 
-0.054552 
0.149706 
-0.144375 
-0.154318 
-0.434288 
-0.047596 
0.060273 
-0.013587 
0.185864 
-0.122017 
0.407517 
-0.117917 
-0.027139 
-0.114671 
-0.540862 
-0.033858 
-0.096723 
-0.079863 
-0.346164 
-0.104599 
0.111639 
0.131536 
0.061533 
0.014248 
-0.112355 
-0.175011 
0.146806 
-0.165569 
-0.185844 
-0.055709 
0.112936 
0.079293 
-0.213051 
-0.084810 
0.052351 
-0.048723 
-0.746438 
-0.154245 
-0.098600 
-0.082204 
-0.137091 
-0.469712 
-0.469683 
-0.334700 
0.011427 
-0.269960 
0.151215 
0.042154 
0.136347 
0.038078 
-0.351173 
-0.131821 
0.223436 
0.036826 
0.355982 
0.038153 
0.094380 
0.155897 
-0.159313 
-0.031631 
0.086603 
-0.056566 
0.496232 
-0.100563 
0.042656 
-0.140365 
-0.187199 
0.124327 
0.141191 
0.022024 
-0.057947 
-0.072526 
-0.286250 
0.237687 
-0.034287 
-0.077493 
-0.167899 
-0.348068 
-0.059546 
0.032296 
0.040691 
0.127746 
0.078477 
-0.471211 
0.217860 
0.015428 
0.114492 
0.053994 
0.173698 
0.092695 
-0.588102 
0.192095 
0.022463 
-0.107795 
0.094774 
-0.530462 
-0.569383 
0.035716 
0.096775 
0.023429 
0.335075 
0.007323 
0.262282 
0.242667 
-0.089562 
0.089792 
0.496201 
-0.055036 
-0.085141 
0.127232 
0.059070 
0.168918 
-0.041234 
0.052814 
-0.180645 
0.063575 
0.077352 
0.262482 
0.046668 
0.179941 
0.169432 
0.070681 
0.032820 
0.037826 
0.222438 
-0.868974 
0.083006 
0.084443 
0.323131 
-0.118358 
-0.046955 
-0.062266 
-0.076336 
-0.074433 
-0.372448 
-0.029781 
0.128774 
0.121657 
0.163256 
0.160355 
-0.046893 
0.111469 
-0.085742 
0.006079 
0.079941 
-0.343048 
0.201093 
-0.008888 
0.075816 
-0.100446 
0.100016 
-0.038554 
0.305988 
-0.122288 
-0.174010 
-0.142470 
-0.403408 
-0.052397 
-0.113457 
-0.060624 
0.301974 
0.112464 
0.153090 
-0.221715 
0.046886 
-0.056471 
-0.108861 
-0.460174 
-0.277897 
0.280158 
-0.005534 
0.131766 
0.094779 
-0.076831 
-0.049968 
-0.091027 
-0.180982 
0.071410 
-0.048919 
-0.008931 
-0.097811 
-0.142470 
0.137305 
-0.007646 
0.484409 
0.110255 
-0.677319 
0.036260 
0.004618 
0.316058 
-0.271168 
-0.248967 
-0.194302 
-0.107885 
-0.034999 
-0.606704 
-0.460176 
-0.076831 
0.319693 
-0.016756 
0.626926 
-0.099923 
-0.028695 
-0.038266 
-0.050911 
-0.037556 
-0.025104 
0.046866 
0.156184 
0.156618 
-0.310931 
0.131806 
-0.051400 
0.129481 
0.251551 
0.050557 
0.274155 
-0.092672 
0.099126 
-0.075901 
-0.106337 
-0.051989 
0.251164 
0.143776 
0.046176 
-0.061931 
0.252619 
-0.075878 
0.222916 
0.106788 
0.077477 
0.230981 
0.469352 
0.005051 
-0.064344 
0.042080 
0.023590 
0.165208 
0.018990 
0.140887 
0.323220 
-0.078840 
0.049195 
0.238773 
0.133012 
0.374002 
0.234849 
0.004813 
0.123477 
0.299027 
-0.039507 
-0.209367 
-0.373310 
0.015972 
-0.023299 
0.137909 
0.056252 
0.397787 
-0.043038 
0.052904 
0.078555 
-0.655231 
-0.160250 
0.208548 
-0.067357 
-0.058261 
-0.070845 
-0.000900 
-0.108544 
-0.076374 
0.547320 
0.202153 
0.051522 
0.193034 
0.118582 
-0.007908 
-0.286641 
0.102820 
-0.148260 
-0.073156 
-0.566334 
-0.538440 
-0.298275 
0.165918 
0.211622 
-0.456832 
0.095003 
-0.115483 
0.070250 
-0.132220 
-0.000102 
0.023234 
-0.118965 
0.065430 
0.277088 
0.278615 
0.037566 
0.084483 
0.042319 
0.429851 
0.068360 
0.021166 
-0.039437 
0.066838 
-0.138980 
-0.126331 
0.043583 
0.261991 
0.656049 
-0.031644 
-0.064646 
0.133213 
0.337575 
0.210488 
-0.142175 
0.095716 
0.282484 
0.139344 
-0.036070 
0.132323 
0.034400 
0.269543 
-0.000999 
-0.041755 
0.467305 
0.274369 
0.136498 
-0.162782 
-0.110746 
0.075309 
0.087979 
0.075295 
0.083681 
-0.038415 
-0.030190 
-0.002385 
-0.065184 
0.091059 
-0.030693 
0.146598 
0.713226 
-0.058453 
0.262379 
0.167789 
-0.089436 
0.362322 
0.113675 
0.066773 
0.068915 
0.322326 
0.067979 
-0.155721 
-0.149948 
0.357996 
0.144685 
-0.125359 
-0.079257 
-0.172475 
0.084340 
0.088668 
0.077415 
-0.098568 
-0.061218 
0.033284 
-0.306026 
-0.107739 
0.024742 
0.149769 
-0.462318 
-0.159104 
0.161235 
0.256908 
0.363738 
-0.447395 
-0.803606 
-0.116222 
-0.045694 
0.191667 
0.025003 
-0.678071 
-0.314541 
0.033263 
-0.211690 
0.168101 
0.100213 
0.013639 
-0.337990 
-0.170914 
-0.153614 
-0.409030 
-0.689828 
0.085006 
0.184613 
0.269262 
0.138662 
0.078306 
-0.172085 
0.636801 
0.184363 
0.215444 
0.203106 
-0.075579 
0.076388 
-0.208833 
0.285356 
0.452970 
0.263672 
-0.449617 
-0.109584 
0.031617 
0.689879 
0.327648 
-0.948007 
-0.861363 
0.111915 
-0.134883 
-0.661645 
-0.018590 
0.030902 
-0.047975 
0.222014 
-0.018990 
-0.185313 
-0.128686 
0.096199 
0.171123 
-0.028352 
0.053989 
0.003296 
0.049067 
-0.021371 
0.025103 
-0.302569 
0.092036 
-0.719856 
0.035625 
-0.095917 
-0.338799 
-0.057163 
0.150697 
0.032837 
0.144159 
-0.004194 
-0.079858 
-0.051324 
0.048510 
0.124605 
0.198265 
0.039942 
-0.237230 
-0.161436 
0.120331 
0.085328 
-0.047517 
0.338059 
0.012910 
-0.006923 
-0.134903 
-0.813656 
-0.303082 
-0.757721 
-0.138852 
-0.004829 
0.250450 
0.630527 
0.440258 
0.100708 
0.069554 
0.357442 
-0.002093 
0.045488 
0.227122 
0.088187 
0.035767 
-0.263810 
-0.606523 
-0.056502 
0.019276 
-0.053519 
0.129161 
0.029292 
0.239437 
-0.345154 
-0.134974 
0.084970 
0.108941 
-0.015042 
-0.125467 
0.020518 
-0.239680 
-0.049565 
0.130976 
-0.017257 
0.138741 
0.130750 
0.088828 
0.159721 
0.029384 
-0.142608 
-0.090354 
-0.201443 
0.020982 
0.091752 
0.212836 
0.029625 
-0.241745 
-0.001422 
0.076281 
0.107899 
0.183854 
0.239688 
0.234467 
0.052542 
0.017766 
-0.085677 
-0.083894 
0.054870 
0.066703 
0.084235 
-0.091057 
0.081722 
-0.014600 
-0.019412 
-0.055263 
0.055623 
0.150215 
-0.346313 
-0.088584 
0.029527 
-0.125497 
0.076369 
0.239533 
-0.064874 
0.091675 
0.042274 
-0.348371 
-0.092060 
0.253220 
0.229924 
-0.050559 
0.148928 
0.121755 
0.044603 
0.116624 
-0.086684 
0.029877 
-0.256467 
-0.129589 
-0.372752 
-0.184801 
-0.289027 
0.239090 
-0.460562 
-0.120581 
-0.131785 
0.313176 
0.069858 
-0.043530 
0.017632 
0.125370 
0.090284 
0.045066 
-0.102468 
0.034921 
-0.118611 
0.108661 
0.085408 
0.133299 
-0.723296 
-0.290769 
-0.659045 
-0.123637 
0.101402 
0.139159 
0.032030 
0.000567 
0.086631 
0.412554 
-0.156787 
-0.386178 
-0.165339 
-0.393934 
-0.230786 
0.171139 
-0.095951 
0.419758 
-0.402982 
0.006630 
0.164221 
0.128688 
0.399119 
-0.375017 
-0.314358 
-0.301658 
-0.623033 
0.267183 
-0.012321 
0.138292 
-0.163462 
0.046495 
-0.068569 
0.068674 
0.077879 
0.151495 
0.165162 
0.107908 
-0.431911 
0.091050 
0.034581 
0.272902 
0.033598 
0.125595 
-0.316576 
-0.587126 
-0.563386 
-0.081916 
0.748868 
-0.393027 
0.195322 
0.045121 
0.082061 
0.139697 
0.057261 
-0.145040 
-0.019978 
0.008188 
0.077496 
0.165719 
0.179100 
0.023093 
-0.063357 
0.253260 
0.194492 
0.105044 
0.140950 
0.005523 
0.061096 
0.067426 
0.001449 
0.015014 
0.064482 
0.030736 
-0.123864 
-0.024833 
-0.037628 
-0.158531 
-0.013521 
0.106901 
-0.224588 
-0.027971 
-0.050931 
0.152017 
-0.363214 
0.022861 
0.121578 
0.168856 
0.135321 
0.233364 
0.103982 
0.365653 
-0.112491 
-0.562585 
-0.042639 
0.175035 
0.140883 
0.188369 
0.002372 
-0.439384 
-0.010416 
0.032220 
-0.246990 
0.041442 
0.130166 
0.046618 
0.028559 
-0.147688 
-0.079716 
-0.216197 
0.081124 
-0.809367 
0.168515 
-0.215721 
-0.161193 
-0.821430 
-0.823452 
0.100203 
0.065052 
0.118834 
-0.235669 
-0.074885 
-0.115297 
-0.070609 
-0.228954 
-0.005788 
-0.173228 
-0.024620 
-0.028133 
-0.123292 
-0.744820 
0.062939 
0.305071 
0.554702 
0.263627 
0.212959 
0.135436 
0.379114 
0.108947 
0.158483 
-0.384436 
-0.168613 
0.111941 
0.108097 
-0.247486 
-0.011266 
0.049644 
-0.230645 
-0.176778 
-0.181853 
-0.372543 
0.228377 
-0.108316 
0.109251 
-0.472016 
0.025938 
0.385158 
0.124160 
-0.103251 
0.074455 
0.221883 
0.327572 
0.350126 
-0.017036 
-0.368933 
-0.213430 
0.068254 
0.327221 
-0.213051 
0.032865 
-0.222353 
-0.646881 
-0.166786 
0.340459 
-0.002198 
0.080144 
-0.568235 
0.004745 
0.222898 
0.039453 
-0.053974 
-0.036960 
-0.145017 
-0.145648 
-0.397769 
-0.223215 
-0.516186 
0.287669 
-0.090046 
0.070250 
0.043775 
0.183985 
0.333380 
0.209792 
0.160179 
-0.011147 
-0.151221 
-0.363845 
-0.142555 
0.024935 
0.183559 
0.800371 
0.393808 
0.106490 
-0.561628 
0.178955 
0.029850 
-0.039066 
0.200410 
-0.114028 
0.324093 
0.406111 
0.126467 
-0.110103 
0.279495 
0.345082 
0.382786 
-0.201766 
-0.109598 
0.006840 
0.203028 
0.258173 
-0.445502 
-0.480391 
0.098367 
0.056007 
0.675236 
0.424168 
0.254997 
0.559342 
-0.155459 
-0.075738 
-0.349854 
0.187252 
-0.405913 
-0.441698 
-0.490545 
-0.009126 
0.161172 
0.060537 
-0.032072 
-0.093969 
-0.253451 
0.278639 
-0.174106 
0.285007 
0.459068 
0.178999 
-0.353347 
-0.049520 
-0.100549 
-0.016161 
-0.220756 
-0.077407 
-0.567305 
-0.109554 
-0.071501 
-0.449283 
-0.109186 
0.026000 
-0.177483 
-0.514565 
0.134414 
0.195758 
0.020625 
0.083845 
-0.261259 
-0.259154 
-0.094187 
-0.185319 
0.224584 
-0.528406 
-0.034377 
-0.032617 
0.011631 
-0.555288 
-0.154837 
-0.193152 
-0.259150 
-0.079153 
-0.192774 
0.170342 
-0.091629 
-0.211738 
-0.344493 
-0.002145 
0.195189 
0.073346 
0.042629 
0.050801 
-0.051581 
-0.047781 
-0.114686 
-0.093958 
-0.981672 
-0.180512 
-0.044815 
-0.256130 
-0.553897 
-0.188158 
0.322974 
0.450255 
-0.244059 
0.279642 
0.095927 
0.152089 
0.068762 
-0.112625 
-0.035408 
0.076843 
0.094267 
0.112633 
-0.876263 
0.065189 
-0.053813 
0.204378 
-0.099969 
0.100388 
-0.181216 
0.264070 
-0.034718 
0.113654 
0.196550 
0.148188 
0.366922 
-0.124699 
-0.130374 
-0.231487 
0.300075 
0.280025 
0.252666 
-0.088980 
0.269271 
0.257217 
-0.325412 
0.046938 
-0.173526 
0.024495 
0.043920 
0.229078 
-0.066236 
0.255155 
0.228770 
0.141751 
-0.117944 
-0.042642 
-0.018060 
-0.099359 
-0.155011 
0.166069 
0.015283 
0.179051 
-0.024907 
0.289195 
0.200309 
0.179212 
0.002915 
0.463747 
-0.112366 
-0.063959 
-0.363825 
-0.038386 
-0.256302 
-0.408838 
-0.098728 
-0.255375 
-0.222197 
-0.116303 
-0.474024 
0.390791 
0.016320 
0.151057 
-0.370659 
0.170040 
-0.001055 
-0.170697 
-0.557806 
0.009156 
-0.057563 
-0.005004 
0.099453 
-0.180841 
0.009732 
-0.068173 
0.020122 
-0.395295 
-0.230484 
-0.138942 
-0.113088 
0.143691 
-0.081009 
0.362539 
-0.125478 
0.292587 
-0.049137 
-0.723256 
-0.103343 
0.106201 
0.176671 
0.162219 
-0.033619 
-0.245879 
0.224904 
0.176727 
0.099313 
0.021636 
-0.007948 
0.069702 
-0.169275 
-0.046475 
0.048476 
0.096855 
-0.103623 
0.073839 
0.104776 
0.119665 
0.017826 
0.023395 
0.107926 
0.153727 
-0.223053 
-0.173046 
-0.119859 
0.061944 
-0.286523 
-0.203441 
-0.046388 
-0.086280 
-0.204277 
0.021170 
0.028561 
0.086181 
-0.004622 
0.027069 
0.164289 
-0.387820 
-0.460188 
-0.218253 
-0.100026 
0.025303 
-0.076126 
-0.066068 
-0.075180 
-0.192404 
-0.380782 
-0.020766 
-0.259221 
-0.126042 
-0.243456 
0.125705 
0.282056 
0.305355 
0.223330 
1.144515 
0.090840 
-0.232926 
-0.169313 
0.121669 
-0.028156 
0.027347 
0.022598 
0.170614 
0.100404 
0.012292 
-0.015333 
-0.116176 
-0.176682 
-0.161504 
-0.257271 
-0.020445 
-0.178581 
-0.083673 
-0.103201 
0.067534 
0.042900 
0.123394 
0.086454 
0.125244 
0.071663 
0.167498 
0.079239 
0.095967 
0.016194 
0.030889 
-0.180841 
0.232018 
0.160132 
0.011382 
0.044029 
-0.005221 
-0.130019 
-0.065232 
0.065857 
-0.127649 
0.053924 
0.331938 
0.753267 
0.164660 
0.299341 
0.141731 
-0.050509 
-0.013735 
0.041460 
-0.075636 
0.075473 
0.270493 
-0.064779 
-0.140043 
-0.023139 
-0.315348 
-0.892408 
-0.378435 
-0.017073 
-0.344388 
0.280619 
0.003780 
0.137754 
0.113127 
0.134749 
-0.014383 
0.149778 
0.216969 
0.169417 
-0.486478 
0.137871 
-0.080205 
0.328523 
-0.051480 
0.027085 
-0.040002 
-0.148530 
-0.074520 
-0.277210 
-0.244268 
0.087979 
-0.873190 
0.197273 
0.215254 
0.081108 
0.239037 
0.195238 
0.362315 
0.098394 
0.045069 
0.086653 
0.196048 
0.031976 
-0.020029 
-0.206840 
0.047067 
-0.386363 
0.152148 
-0.075686 
-0.645495 
-0.604391 
-0.044333 
-0.712101 
-0.044345 
-0.225033 
-0.102175 
0.111056 
-0.038754 
-0.181848 
0.017261 
0.075049 
-0.071951 
0.082144 
0.264840 
-0.037642 
0.092049 
0.224900 
0.295971 
-0.445955 
0.072689 
-0.295992 
-0.052928 
-0.816822 
-0.122517 
-0.160159 
-0.127751 
0.056945 
-0.082038 
0.191583 
-0.254359 
-0.044804 
0.767508 
0.092542 
-0.056136 
-0.171713 
-0.144823 
-0.051547 
-1.117984 
0.225094 
-0.461135 
-0.267739 
0.721181 
-0.210376 
0.300353 
-0.193321 
0.026765 
-0.025802 
0.073803 
0.117768 
0.271806 
0.149526 
0.278659 
-0.409769 
-0.141358 
-0.174972 
-1.044988 
-0.103691 
-0.104754 
-0.016707 
-0.079749 
-0.050864 
0.154976 
0.059614 
-0.061166 
0.042165 
-0.153019 
0.131194 
0.001198 
0.011725 
-0.666415 
-0.622309 
0.233649 
0.120689 
0.035202 
-0.714846 
-0.749929 
0.225446 
-0.049443 
-0.024412 
0.058196 
-0.128023 
-0.179588 
0.018436 
0.139949 
0.091244 
-0.102234 
-0.287027 
0.120957 
0.009751 
0.147917 
0.075698 
0.065340 
0.029485 
0.219637 
0.020004 
0.361003 
0.095197 
0.051969 
-0.254161 
0.367343 
0.112824 
0.360904 
0.194515 
0.473709 
-0.543599 
0.088236 
-0.748425 
-0.017750 
0.391861 
0.308726 
0.310704 
-0.195446 
0.186912 
-0.014313 
0.088305 
0.008905 
0.286401 
0.125077 
0.124770 
-0.056024 
-0.097933 
0.001757 
-0.724228 
0.027422 
-0.029239 
-0.036833 
-0.020919 
0.015693 
-0.773215 
0.046255 
-0.250480 
0.044954 
-0.017809 
0.099994 
0.141365 
-0.080021 
0.088279 
0.199129 
0.465617 
0.011861 
0.089874 
0.023295 
-0.086621 
0.056952 
-0.102016 
0.164442 
0.159842 
0.227327 
-0.226592 
-0.228523 
-0.156119 
-0.111114 
-0.022745 
-0.672759 
-0.108896 
0.081635 
0.196511 
-0.456292 
0.116891 
0.529775 
0.226360 
0.030273 
-0.043437 
0.344783 
0.112148 
-0.777458 
-0.087546 
0.037571 
-0.266244 
-0.044953 
-0.089848 
-0.162836 
0.134351 
0.008819 
-0.099592 
-0.004877 
0.023669 
-0.066441 
-0.021012 
-0.082835 
-0.033385 
0.127463 
-0.003913 
-0.116466 
-0.227628 
0.039059 
-0.285666 
0.037827 
0.053651 
-0.129045 
-0.107931 
-0.208810 
-0.143441 
-0.021209 
0.246119 
0.383737 
-0.070543 
0.135018 
-0.025181 
0.122276 
-0.160613 
0.128724 
0.103032 
-0.071501 
-0.059960 
0.024210 
-0.032632 
-0.021837 
0.141325 
-0.021968 
0.060887 
-0.083380 
0.079653 
0.147312 
0.052161 
0.230439 
-0.182994 
-0.073557 
0.009151 
-0.084843 
0.199703 
-0.105084 
-0.221377 
-0.120497 
-0.035450 
-0.100834 
-0.153283 
0.004473 
0.234346 
-0.602711 
0.024484 
-0.121942 
-0.103324 
-0.034978 
0.058632 
0.142329 
-0.225235 
-0.242301 
0.032885 
-0.047369 
0.299054 
0.072398 
0.151467 
-0.139423 
0.041318 
0.024216 
-0.035829 
0.001374 
-0.242340 
-0.310924 
-0.048440 
-0.143013 
0.118135 
-0.084567 
0.045928 
0.031044 
-0.011011 
-0.626884 
-0.405233 
0.093450 
-0.099321 
-0.027131 
-0.113635 
0.282501 
0.203238 
0.202202 
0.705147 
0.420629 
-0.265717 
0.129068 
0.046776 
0.086693 
0.214491 
0.331934 
0.313904 
0.368975 
0.055284 
0.169157 
0.109503 
0.178987 
0.280035 
0.137700 
-0.385300 
0.180972 
0.407210 
0.014908 
-0.663413 
-0.139868 
0.009499 
-0.146594 
-0.019689 
-0.001126 
0.167885 
-0.101585 
0.306433 
0.785946 
0.043965 
0.164633 
0.118068 
-0.136742 
0.148275 
-0.319434 
0.255085 
0.170953 
0.187553 
0.974214 
-0.291876 
-0.245949 
0.126912 
0.344503 
-0.010351 
0.150550 
0.070428 
0.190805 
0.054756 
0.141965 
-0.050340 
-0.329258 
0.118527 
0.001232 
0.169341 
0.118150 
0.298832 
0.445490 
-0.125885 
0.390435 
0.062255 
-0.234186 
-0.034262 
0.081336 
0.002538 
-0.331907 
-0.057474 
0.280585 
0.418796 
-0.001628 
-0.144103 
0.850927 
-0.701173 
-0.005404 
0.033863 
-0.260903 
0.214581 
-0.038126 
-0.135381 
-0.600963 
0.012003 
-0.819934 
0.670956 
0.344485 
-0.478092 
0.067747 
0.748537 
-0.015906 
0.036252 
0.346383 
0.159787 
-0.738979 
-0.008407 
0.189909 
-0.331200 
0.145628 
0.059589 
-0.044024 
-0.033679 
-0.642548 
0.112213 
0.304557 
-0.030729 
0.239437 
-0.099382 
-0.087920 
-0.129509 
0.164353 
0.042272 
0.830841 
0.080042 
0.115765 
0.181915 
0.580876 
0.300040 
0.136007 
-0.045063 
0.166518 
0.069792 
-0.052908 
-0.421331 
-0.232965 
-0.092100 
-0.066330 
-0.257836 
0.077632 
0.039246 
-0.068058 
-0.324401 
0.025080 
0.123814 
0.307411 
0.115028 
0.018012 
0.108674 
-0.570972 
-0.128662 
0.445051 
0.069934 
0.307252 
-0.025830 
-0.095721 
-0.054925 
0.215038 
-0.836068 
-0.868422 
0.035833 
0.214434 
-0.268371 
-0.532763 
-0.004663 
-0.159773 
0.118089 
-0.049360 
0.131249 
-0.036792 
0.066141 
0.116571 
0.130770 
0.149979 
0.222960 
0.370039 
-0.093417 
0.312838 
0.098412 
0.229951 
0.036730 
-0.070646 
-0.348999 
0.008143 
0.290815 
0.165972 
-0.131999 
0.082833 
0.091984 
-0.126182 
-0.287899 
0.009561 
0.047702 
0.030330 
0.046141 
0.204850 
-0.074486 
-0.166386 
0.006604 
0.050077 
-0.112594 
-0.029165 
0.274770 
0.029609 
-0.019075 
0.275989 
0.302667 
0.016875 
0.047196 
-0.126748 
0.033081 
1.375327 
0.073610 
0.001498 
-0.010876 
0.056978 
0.034824 
-0.009151 
-0.232295 
-0.011790 
-0.143970 
0.086426 
0.164621 
0.060508 
0.006903 
-0.030588 
-0.399987 
0.501518 
0.275919 
0.029413 
0.296342 
0.192975 
-0.123751 
0.362965 
0.106822 
0.251985 
-0.657078 
0.117023 
-0.112441 
-0.036960 
-0.052200 
-0.060932 
-0.021141 
-0.156365 
-0.012036 
0.140951 
0.507703 
-0.142964 
-0.003550 
0.080076 
0.389543 
-0.250930 
-0.085086 
0.050735 
-0.122802 
-0.270583 
-0.093408 
-0.068537 
-0.033279 
0.055522 
-0.063631 
0.052184 
-0.067883 
0.191497 
-0.045250 
0.056031 
-0.080755 
0.086680 
0.080817 
0.125903 
-0.060388 
0.013828 
0.044009 
-0.075973 
0.090881 
0.058801 
-0.028789 
0.277327 
0.011514 
0.272200 
0.687867 
0.239566 
-0.022309 
-0.087311 
-0.253638 
-0.127722 
0.187468 
0.364341 
-0.042976 
0.086032 
0.067760 
0.209457 
0.250003 
0.301067 
-0.251894 
-0.092408 
0.076397 
0.009028 
-0.130580 
-0.020901 
-0.223923 
0.057934 
-0.306018 
0.002761 
-0.364035 
-0.102795 
-0.122394 
-0.138474 
-0.079361 
-0.191237 
0.072185 
0.382087 
-0.002347 
0.191042 
0.059658 
0.174665 
-0.152454 
0.163179 
-0.001840 
0.188649 
0.125476 
0.291957 
0.385762 
1.016737 
-0.707752 
-0.265920 
-0.131194 
0.042559 
-0.145940 
-0.076841 
-0.105779 
0.006024 
-0.041996 
-0.111876 
-0.167956 
-0.046505 
0.061541 
0.053795 
0.122731 
0.007431 
0.198172 
0.210528 
0.017797 
-0.028291 
0.169030 
0.132591 
0.239065 
-0.739264 
-0.112681 
-0.564807 
-0.468944 
-0.147085 
0.165391 
0.264070 
0.106864 
0.120548 
0.083136 
-0.177883 
-0.123359 
0.018964 
1.201630 
0.325227 
0.223812 
-0.072813 
0.043198 
0.167568 
-0.017171 
0.112396 
-0.040820 
-0.205898 
-0.020088 
0.026867 
0.407974 
0.179736 
0.359999 
0.167494 
-0.141231 
0.338697 
-0.012023 
0.103797 
-0.619042 
-0.514620 
-0.573968 
0.053899 
0.388516 
0.084275 
-0.139178 
0.323478 
-0.018721 
0.081411 
-0.054796 
-0.296090 
-0.140631 
-0.281000 
-0.234382 
0.132760 
-0.207158 
-0.232597 
0.246287 
0.257550 
-0.249974 
0.134941 
-0.102928 
-0.030133 
-0.194514 
0.081175 
-0.749843 
0.325708 
0.019047 
0.027442 
0.132553 
0.171977 
-0.033142 
0.718176 
0.084618 
0.048493 
0.151099 
0.087582 
0.112846 
-0.339938 
-0.387560 
-0.067503 
-0.045741 
-0.026819 
0.138033 
0.033288 
0.297190 
-0.449947 
-0.017251 
-0.805256 
-0.249436 
0.081108 
0.426900 
0.084799 
0.034894 
-0.082699 
0.024189 
-0.016874 
0.050775 
-0.183238 
0.147466 
-0.007852 
0.093757 
-0.153105 
0.224499 
0.131692 
0.012182 
-0.026077 
0.008821 
0.097405 
-0.490513 
0.054037 
0.080546 
-0.401249 
-0.398674 
0.258895 
-0.047916 
0.065899 
-0.053012 
0.141636 
0.092432 
-0.079692 
-0.241239 
0.048235 
0.079125 
0.161801 
-0.075360 
0.241385 
0.568283 
0.290194 
-0.255216 
-0.553333 
0.034899 
-0.020651 
-0.433701 
0.162388 
0.237542 
0.042100 
-0.137014 
-0.138274 
-0.160414 
0.111833 
0.106797 
0.151082 
-0.120211 
-0.139273 
-0.535312 
-0.181337 
-0.231779 
-0.117917 
0.097641 
0.247821 
-0.219799 
0.272184 
-0.292474 
0.181978 
0.051981 
0.059352 
-0.492473 
0.202349 
-0.173511 
-0.064135 
0.036856 
0.306061 
0.275418 
0.338714 
0.116226 
0.156343 
0.016399 
-0.053734 
0.112386 
0.215740 
0.059899 
-0.123013 
0.441639 
-0.066942 
-0.188696 
-0.098162 
0.097885 
0.185137 
-0.798973 
-0.248202 
-1.095549 
0.262659 
0.076298 
0.156150 
0.107978 
0.034733 
-0.268972 
-0.163022 
0.065925 
0.606088 
0.241832 
0.186707 
0.879708 
0.407906 
0.077982 
-0.053673 
-0.185221 
-0.604201 
-0.494550 
0.202556 
-0.398392 
0.267416 
0.035752 
-0.162177 
-0.163579 
0.199565 
-0.073416 
0.014747 
-0.036555 
-0.100727 
0.465532 
0.265236 
0.136649 
0.185389 
0.571381 
-0.112063 
-0.000571 
0.337349 
0.256717 
0.159012 
-0.067491 
0.037645 
0.008828 
0.020505 
-0.200482 
0.324135 
0.120901 
-0.162630 
-0.240618 
-0.060574 
-0.123773 
-0.409473 
0.046404 
0.463484 
0.195205 
0.050967 
0.075335 
0.041030 
0.291344 
0.017154 
-0.113353 
-0.194923 
0.134479 
-0.225571 
-0.187069 
-0.232323 
0.016484 
0.249030 
0.168742 
0.460808 
0.012492 
0.035382 
-0.115700 
0.078986 
-0.102925 
-0.308247 
-0.113412 
0.168319 
0.150544 
0.431080 
0.820320 
0.186084 
-0.714510 
-0.056806 
-0.237692 
-0.191344 
-0.151781 
-0.101952 
0.074202 
0.135227 
0.072970 
0.108058 
-0.211996 
-0.158490 
-0.092458 
0.006314 
0.076111 
0.008853 
-0.103199 
-0.030006 
-0.149035 
-0.122048 
0.125131 
0.142669 
0.059859 
0.064606 
0.078712 
0.157409 
0.174266 
-0.167294 
0.043922 
0.619601 
0.147426 
-0.321509 
-0.221377 
-0.191855 
-0.093112 
-0.010610 
-0.060411 
-0.330503 
-0.201227 
-0.016381 
-0.158733 
0.204749 
-0.282578 
0.139752 
-0.609520 
-0.024590 
-0.051390 
0.172435 
-0.016001 
-0.092284 
-0.061853 
0.213207 
0.015221 
0.264158 
0.122426 
-0.493918 
0.101693 
0.240518 
0.198677 
0.345638 
0.039605 
0.128634 
-0.511081 
0.077152 
-0.192310 
-0.027131 
-0.069247 
-0.038151 
0.066848 
-0.046057 
0.042779 
-0.091199 
-0.047169 
-0.028163 
0.003112 
0.325732 
0.464809 
0.823206 
-0.046847 
-0.031423 
-0.062615 
-0.089346 
-0.394310 
0.086781 
0.061650 
-0.150368 
-0.135298 
0.104755 
-0.433144 
-0.192969 
-0.118198 
-0.290044 
-0.125218 
-0.312264 
-0.134042 
-0.425676 
0.266707 
-0.339300 
0.079458 
-0.100749 
-0.149451 
0.131262 
0.363801 
0.140432 
-0.200134 
-0.212145 
-0.056275 
0.015085 
0.003839 
0.259114 
-0.044326 
0.074170 
-0.097152 
-0.761750 
-0.157359 
-0.098340 
0.008335 
0.014193 
0.536789 
-0.034914 
0.099029 
0.069512 
-0.076466 
0.160947 
-0.107290 
-0.170906 
-0.081697 
0.225352 
-0.444539 
0.063181 
-0.128814 
0.253173 
0.040450 
-0.391491 
-0.006009 
0.215600 
-0.009530 
0.521998 
-0.795183 
-0.318561 
0.127327 
0.020833 
-0.093980 
0.056149 
0.200514 
0.192752 
-0.114542 
-0.048167 
-0.236569 
-0.259368 
0.098749 
0.269473 
-0.430737 
0.174307 
-0.354160 
-1.013264 
-0.415290 
-0.318481 
-0.516144 
0.035486 
-0.038451 
-0.041436 
-0.130012 
0.440789 
0.537501 
0.287284 
0.249877 
0.358024 
-0.180253 
-0.402981 
-0.382714 
-0.090370 
-0.188893 
0.489375 
-0.000357 
-0.177110 
-0.078229 
-0.098165 
0.157234 
0.025509 
-0.058864 
-0.118907 
-0.154595 
-0.131341 
-0.143456 
-0.107945 
-0.075423 
-0.066754 
0.078442 
0.268680 
0.152781 
-0.135885 
-0.225526 
-0.050207 
0.091668 
0.213308 
-0.016677 
-0.667643 
0.226527 
-0.131136 
-0.275721 
-0.461935 
-0.583481 
0.172097 
-0.075052 
-0.248930 
0.046988 
0.137580 
-0.046831 
0.011225 
-0.744145 
0.092730 
0.013437 
0.098659 
0.241876 
0.172042 
-0.060783 
-0.262379 
-0.172730 
-0.152407 
-0.234470 
-0.839529 
0.014550 
-0.105146 
-0.724020 
-0.441577 
-0.098630 
-0.048181 
-0.007567 
-0.244395 
-0.251560 
0.234180 
0.074427 
0.269605 
0.219866 
0.527832 
0.633899 
0.296148 
-0.126131 
-0.023315 
0.135121 
0.041004 
0.126019 
0.170330 
-0.367423 
-0.036960 
0.264126 
0.085994 
0.149463 
0.702230 
-0.013140 
0.340895 
0.165247 
0.125076 
0.190629 
-0.522770 
-0.168686 
-0.225708 
0.181693 
-0.250566 
0.203707 
-0.359644 
0.061441 
0.176879 
0.006997 
0.236565 
0.179845 
0.024660 
-0.034055 
0.052965 
-0.000769 
0.081135 
-0.133254 
0.097203 
-0.046054 
0.184695 
0.105793 
0.130037 
-0.035893 
0.185723 
0.085439 
0.024310 
-0.517929 
-0.201469 
0.163353 
0.147071 
0.076626 
0.260725 
0.018761 
0.027083 
-0.280369 
0.152623 
0.127093 
-0.234701 
-0.006773 
-0.266344 
0.465018 
0.227161 
0.095143 
0.238887 
-0.057991 
-0.013619 
-0.078909 
-0.027336 
0.082435 
0.365410 
-0.021124 
-0.225060 
-0.116989 
-0.028447 
-0.175457 
-0.054326 
-0.030835 
-0.205442 
0.117698 
0.095467 
0.196978 
-0.328046 
-0.222928 
-0.210640 
-0.353881 
-0.375625 
0.481594 
-0.140553 
-0.127686 
-0.011615 
0.006383 
0.057703 
0.416592 
0.147934 
0.572215 
0.052500 
-0.041949 
-0.112551 
0.229660 
-0.123565 
0.681848 
0.024847 
0.195828 
-0.049622 
-0.004052 
-0.197112 
0.233171 
0.130046 
0.169768 
-0.517302 
-0.359324 
-0.229375 
-0.241976 
-0.171658 
-0.002726 
0.086148 
0.056886 
-0.461576 
0.314386 
-0.032764 
0.274677 
-0.042283 
0.012769 
-0.085107 
-0.162321 
-0.052512 
-0.012502 
-0.058149 
-0.026594 
-0.122360 
-0.659905 
-0.146377 
0.070334 
-0.059639 
0.703898 
-0.163885 
0.158416 
0.346191 
0.625471 
-0.233927 
-0.320824 
-0.579699 
-0.256341 
-0.034945 
-0.037182 
-0.010821 
0.180746 
-0.012691 
0.332363 
-0.149708 
-0.300969 
0.042637 
-0.115888 
-0.155059 
-0.135182 
0.095371 
-0.047739 
-0.098019 
-0.211248 
-0.115221 
-0.033356 
-0.447743 
-0.063401 
-0.127967 
-0.293912 
-0.306800 
0.001953 
0.024094 
0.085667 
-0.034131 
-0.499431 
-0.036960 
-0.075244 
-0.067215 
0.909231 
-0.088112 
0.718617 
0.058662 
0.256400 
0.098683 
-0.240699 
-0.130896 
0.032439 
-0.189405 
0.351105 
-0.387936 
-0.088476 
-0.305815 
-0.086749 
-0.288912 
-0.514990 
-0.264874 
0.161023 
0.354156 
-0.186862 
0.368455 
0.047643 
0.393514 
-0.000687 
0.151187 
0.291069 
-0.036564 
0.050993 
-0.309862 
0.016322 
-0.039404 
0.196065 
0.052487 
-0.216115 
-0.195012 
-0.758560 
-0.696635 
-0.238688 
0.106775 
-0.719534 
0.022586 
-0.493649 
-0.005993 
-0.067508 
-0.040537 
0.056401 
0.128865 
0.230497 
0.202566 
0.204140 
-0.146520 
0.014953 
0.161682 
0.213520 
-0.000294 
-0.075417 
-0.087053 
0.169023 
0.078424 
0.159506 
0.387094 
0.108758 
0.367120 
0.159667 
0.086936 
-0.011346 
0.036369 
-0.061933 
-0.090147 
0.144122 
0.102050 
-0.105373 
0.029615 
-0.075379 
0.077736 
-0.212340 
-0.040979 
0.016675 
0.088157 
0.214286 
-0.008086 
-0.089183 
0.042221 
0.128727 
0.038667 
-0.096157 
-0.501729 
0.039809 
-0.519038 
-0.010070 
-0.041631 
0.038968 
-0.108903 
0.009009 
-0.003897 
-0.120980 
-0.401446 
0.005112 
0.299445 
0.267240 
0.227921 
0.127708 
0.070075 
0.157552 
0.183247 
0.350119 
-0.035845 
-0.077722 
0.164524 
0.028493 
-0.019535 
-0.161166 
0.160998 
0.099555 
0.194303 
0.011901 
0.157683 
-0.375167 
-0.686637 
0.285789 
0.120135 
0.032359 
-0.620489 
0.030448 
0.150636 
0.054194 
0.126649 
-0.322346 
0.002675 
0.050593 
-0.201674 
-0.073988 
-0.231115 
-0.155493 
-0.067355 
-0.166315 
0.195346 
0.155955 
0.254663 
-0.052200 
-0.035879 
-0.245640 
0.131085 
-0.017572 
-0.721711 
-0.131674 
-0.014230 
0.216233 
0.261252 
-0.061720 
0.438431 
-0.448319 
-0.019633 
0.193130 
-0.136189 
0.021962 
0.965020 
-0.037868 
0.001964 
-0.077958 
0.234737 
0.022172 
0.112791 
0.492212 
-0.281465 
0.077651 
0.273490 
0.309798 
0.199129 
0.170220 
0.120864 
0.073808 
0.104825 
-0.087413 
-0.034861 
-0.035788 
0.127677 
0.105531 
-0.201738 
-0.112697 
-0.077863 
0.243324 
-0.112735 
-0.405715 
0.236202 
-0.668261 
-0.561743 
-0.338398 
-0.073683 
-0.095996 
0.209871 
0.360867 
0.066669 
0.085588 
-0.044759 
-0.074324 
0.124952 
0.112370 
0.922109 
0.272434 
0.248006 
-0.052106 
-0.212496 
0.198119 
-0.046263 
-0.145014 
-0.006450 
-0.255052 
0.162594 
0.094835 
0.066950 
-0.026185 
0.083662 
0.386090 
0.041705 
0.183734 
0.058016 
0.349427 
-0.105931 
-0.699085 
-0.841731 
-0.170714 
0.025494 
-0.440160 
0.333493 
0.048072 
0.086216 
-0.016541 
0.142069 
-0.008273 
-0.003974 
-0.638934 
-0.180247 
-0.000896 
0.162681 
0.033776 
-0.546171 
-0.276587 
0.419077 
1.040372 
0.147538 
0.121304 
0.147895 
-0.211976 
-0.214535 
-0.110264 
-0.421026 
-0.053091 
0.068835 
-0.352368 
-0.206557 
-0.144106 
-0.051398 
-0.125236 
0.247797 
-0.046431 
0.109519 
-0.257072 
0.057484 
-0.285736 
-0.041142 
-0.034876 
-0.350941 
-0.035903 
-0.059566 
0.272203 
0.057823 
0.126472 
-0.562823 
-0.498027 
-0.128380 
0.002035 
0.222552 
0.240437 
0.324418 
-0.071223 
-0.223304 
0.117387 
-0.155314 
0.104884 
0.226628 
-0.232966 
0.204484 
-0.074979 
0.272543 
-0.023917 
-0.072679 
0.548925 
-0.672472 
-0.130382 
0.090575 
-0.019688 
-0.106596 
-0.703334 
-0.135808 
-0.058149 
-0.183132 
0.396213 
0.398325 
-0.859225 
-0.234065 
0.028503 
0.221483 
-0.142348 
-0.063369 
-0.050502 
0.325787 
0.049213 
0.135194 
0.010888 
0.571697 
-0.053954 
0.301337 
0.018631 
-0.150680 
-0.231272 
-0.266926 
-0.086497 
0.004375 
0.111492 
-0.216431 
-0.118447 
-0.053145 
-0.045571 
0.098045 
-0.018502 
0.687541 
-0.104126 
-0.414364 
0.049775 
0.453700 
0.429674 
-0.262618 
0.125040 
0.182463 
0.047174 
0.294373 
0.183936 
0.276608 
0.078742 
0.074706 
0.081319 
0.203066 
0.146068 
-0.140470 
-0.015939 
0.045184 
-0.078731 
0.142841 
-0.075316 
0.398501 
0.030959 
0.170630 
0.088287 
0.093787 
-0.343810 
-0.028352 
-0.074767 
0.152240 
0.260591 
0.426978 
0.182731 
-0.138403 
0.003920 
-0.296410 
0.086092 
0.089547 
-0.447597 
0.014921 
-0.614138 
0.514902 
0.412307 
0.781909 
0.162726 
0.765567 
0.682831 
0.353103 
0.528907 
0.074615 
0.082636 
0.077290 
0.122158 
0.152633 
0.091217 
0.176126 
0.706339 
0.400219 
0.284357 
0.203961 
0.059468 
-0.052283 
0.129372 
0.001749 
0.045832 
-0.049955 
0.136138 
0.183487 
-0.456641 
-0.341522 
0.408007 
0.283298 
0.202940 
0.147462 
0.286595 
0.322989 
0.499147 
0.530488 
-0.006407 
0.084137 
0.103783 
0.092267 
0.117911 
0.121515 
0.083324 
-0.098130 
-0.042782 
0.007125 
-0.078868 
0.164808 
0.008716 
-0.940084 
-0.226864 
-0.014945 
0.189246 
-0.031208 
-0.121691 
-0.036592 
0.014242 
0.042981 
-0.072984 
0.045806 
0.632422 
-0.041629 
0.040953 
0.273795 
0.136854 
-0.352986 
0.218263 
-0.604121 
0.064922 
-0.093861 
0.098792 
0.383733 
0.058226 
-0.114323 
0.188125 
0.597391 
-0.249817 
0.112440 
-0.190376 
0.004611 
-0.014854 
-0.366846 
-0.376326 
0.186997 
-0.262384 
0.071172 
0.129474 
0.296197 
0.030267 
-0.502960 
-0.079947 
-0.146094 
-0.005566 
0.142988 
-0.268726 
-0.371122 
-0.068606 
0.043293 
0.004079 
-0.058419 
0.134983 
-0.022045 
-0.041430 
0.607170 
0.606137 
0.229731 
0.099757 
0.212918 
0.159201 
-0.241625 
-0.160207 
-0.130663 
0.113458 
-0.255875 
-0.017086 
0.143560 
0.126488 
0.123960 
-0.222219 
-0.232203 
-0.136855 
1.426979 
-0.362591 
-0.665492 
-0.654651 
0.151534 
0.005391 
0.018159 
-0.020871 
-0.074102 
0.001706 
-0.150296 
0.370444 
0.028411 
0.056792 
0.064828 
-0.147258 
-0.325109 
-0.201977 
-0.008498 
-0.464350 
-0.073978 
-0.132288 
0.213758 
-0.003238 
0.005301 
-0.084806 
0.358446 
-0.081960 
0.118868 
-0.098578 
-0.429925 
0.004983 
-0.134784 
-0.199274 
0.082958 
0.029220 
0.077001 
0.039267 
0.165252 
-0.098981 
0.283270 
-0.086994 
-0.694971 
0.282963 
0.047770 
0.008000 
-0.075175 
0.812097 
-0.077414 
0.140204 
0.170721 
0.002256 
-0.214609 
-0.175519 
0.177390 
0.133133 
0.037992 
0.336964 
0.350212 
-0.603447 
-0.135610 
-0.008643 
-0.139244 
-0.088532 
-0.133435 
-0.260453 
0.160867 
-0.207565 
-0.086282 
0.054454 
0.058509 
-0.729972 
0.137058 
-0.136621 
-0.105921 
-0.152542 
-0.030560 
0.124978 
0.066646 
0.090177 
0.325484 
0.210305 
-0.475614 
-0.538141 
-0.242238 
-0.460528 
-0.013615 
-0.020723 
-0.128891 
0.086567 
0.241697 
-0.285301 
-0.180770 
0.105131 
0.436920 
0.145934 
-0.113225 
-0.117927 
0.051563 
-0.007790 
0.182467 
-0.086396 
-0.559182 
-0.132175 
0.354652 
0.280474 
0.482904 
-0.139037 
-0.134015 
-0.033176 
0.142475 
-0.133090 
-0.390474 
0.149917 
-0.069206 
0.140193 
0.049036 
0.083185 
0.153449 
0.353700 
-0.133026 
-0.191300 
0.167599 
0.065972 
0.132413 
-0.196721 
-0.095714 
-0.545920 
0.222715 
0.744964 
0.198030 
0.140580 
0.071145 
-0.231551 
0.125315 
0.670106 
0.152445 
0.072876 
0.098304 
0.047050 
0.187072 
0.014363 
-0.263011 
0.058195 
0.091483 
-0.008765 
0.027191 
-0.000331 
0.080764 
-0.094861 
0.109531 
0.089189 
0.073193 
-0.159143 
-0.018381 
0.527204 
0.155067 
0.213038 
0.137447 
-0.032782 
-0.834793 
-0.091231 
0.105791 
0.251359 
-0.188754 
-0.244766 
-0.234579 
-0.088401 
-0.108868 
-0.336290 
0.101512 
-0.325180 
0.060827 
0.098532 
0.026114 
0.047532 
0.044754 
-0.012869 
0.199656 
0.163771 
0.223426 
0.157343 
-0.337353 
0.073169 
0.123716 
-0.282805 
-0.041427 
-0.122515 
-0.051472 
-0.717469 
-0.367664 
-0.397643 
0.083062 
-0.050430 
0.115350 
-0.053808 
-0.117361 
-0.172934 
-0.234904 
-0.350288 
-0.008261 
0.047388 
0.038494 
-0.020227 
0.137993 
-0.211426 
-0.063476 
0.049547 
0.144617 
-0.082291 
0.398848 
0.174400 
0.010604 
0.486856 
0.538596 
-0.274057 
0.351281 
0.150883 
-0.078673 
-0.156745 
0.063786 
0.057103 
0.202099 
-0.014202 
-0.018686 
-0.186196 
0.208266 
0.938305 
0.332007 
0.190401 
-0.224466 
-0.078782 
0.005447 
-0.017932 
-0.018401 
0.001191 
0.054415 
-0.086902 
-0.040197 
-0.212988 
0.253391 
-0.558071 
-0.084992 
0.069751 
0.100885 
0.139583 
0.080145 
-0.228123 
0.430259 
0.235663 
0.114948 
-0.066331 
-0.008573 
-0.027965 
0.143202 
0.749783 
0.146606 
0.215413 
0.044265 
-0.088634 
-0.036136 
-0.255569 
-0.153286 
-0.507218 
0.293353 
0.225944 
0.380577 
0.059655 
0.097122 
0.068270 
1.292056 
0.004537 
0.020274 
0.251887 
-0.043688 
-0.070293 
0.241065 
-0.139771 
0.008798 
0.390232 
-0.085418 
0.028320 
0.166139 
-0.286947 
0.054444 
-0.058067 
-0.060433 
-0.511891 
0.030808 
-0.070696 
-0.860301 
0.013139 
-0.099197 
-0.123374 
-0.013388 
-0.155575 
0.638569 
-0.386173 
-0.157203 
-0.036319 
-0.117815 
0.023923 
-0.347029 
0.016493 
0.091936 
-0.148645 
0.229619 
-0.000357 
-0.241540 
-0.152484 
-0.164991 
-0.209232 
-0.137782 
-0.008721 
-0.294512 
-0.018611 
0.104621 
0.073143 
-0.054902 
-0.047649 
0.138387 
0.146842 
0.074537 
0.100158 
-0.024535 
0.023997 
-0.081116 
-0.058095 
-0.021282 
-0.015455 
-0.022670 
0.200000 
0.450929 
0.076042 
-0.031358 
-0.046890 
0.082686 
-0.275108 
-0.120971 
-0.020013 
0.079075 
-0.460021 
-0.004656 
-0.138717 
0.068039 
-0.224684 
-0.066225 
-0.011876 
-0.114914 
-0.093647 
0.238019 
0.360004 
0.279655 
-0.011385 
-0.023626 
-0.054567 
0.159358 
-0.130926 
0.150566 
-0.445994 
-0.073341 
-0.137826 
-0.243224 
-0.929772 
0.073805 
-0.104222 
-0.009145 
0.014279 
0.054191 
-0.075396 
0.282060 
0.164988 
0.238671 
0.051963 
0.165227 
-0.188304 
0.097884 
-0.481333 
-0.079158 
-0.153292 
-0.115141 
-0.842149 
0.320208 
-0.040713 
-0.029000 
0.397310 
0.234825 
-0.024255 
0.358429 
0.601965 
0.375538 
-0.257393 
-0.283583 
0.012969 
0.221819 
0.054985 
0.016720 
-0.052985 
0.085468 
0.094665 
0.018304 
0.064875 
0.882973 
0.296633 
-0.171721 
0.147877 
0.371008 
-0.102432 
0.126565 
0.156418 
-0.243523 
-0.012289 
0.067098 
0.068008 
0.143224 
0.055398 
0.062661 
0.037868 
0.021166 
-0.242925 
-0.057315 
0.016242 
0.259730 
0.249910 
-0.044924 
-1.134074 
-0.073530 
0.278149 
0.155697 
0.043621 
0.352760 
-0.073028 
-0.243141 
-0.001144 
-1.059987 
-1.078627 
0.154926 
-0.125801 
-0.324469 
0.162485 
-0.049746 
-0.185273 
-0.061485 
0.023494 
0.129903 
-0.052321 
-0.106068 
-0.006236 
-0.050085 
-0.241473 
-0.115141 
-0.233384 
-0.143801 
-0.008725 
-0.858748 
-0.241719 
-0.375624 
0.063600 
0.082166 
-0.098501 
-0.104712 
-0.242050 
0.066678 
-0.155549 
-0.078468 
-0.134685 
0.066600 
-0.163645 
0.027925 
0.563759 
0.346025 
0.112599 
0.186344 
-0.114906 
-0.042656 
-0.095272 
-0.044919 
-0.000274 
0.243261 
-0.029912 
-0.429652 
-0.263175 
0.012419 
-0.179168 
-0.061384 
0.092254 
-0.021848 
-0.142781 
0.071553 
0.081295 
0.093790 
0.122825 
0.216261 
0.273052 
0.000232 
-0.085777 
-0.022142 
0.146262 
-0.109617 
0.203823 
-0.129089 
0.379128 
-0.016624 
-0.065836 
0.084493 
0.083558 
0.103784 
-0.100814 
0.196502 
0.172745 
0.172683 
0.054753 
0.299069 
-0.023925 
0.160364 
-0.109858 
0.806182 
0.338024 
0.100324 
-0.021059 
-0.166270 
-0.032374 
0.052171 
-0.511425 
-0.085313 
-0.009037 
0.241207 
-0.017920 
0.257857 
-0.105542 
0.034666 
-0.760596 
-0.164135 
-0.225076 
0.005213 
0.123091 
0.153154 
0.013554 
0.165258 
0.008237 
1.033296 
0.969600 
0.022140 
0.202256 
0.121031 
0.017987 
0.100280 
-0.317993 
-0.139699 
-0.064087 
-0.275972 
-0.403274 
-0.136462 
-0.160755 
0.180030 
0.311084 
-0.043530 
0.203109 
0.110661 
-0.075407 
0.052832 
-0.044813 
0.086486 
0.013202 
-0.172101 
0.390040 
0.405666 
-0.880981 
0.094997 
-0.058427 
0.257538 
-0.036254 
0.477211 
0.219915 
0.157028 
-0.057756 
-0.178682 
-0.541819 
-0.641108 
-0.164137 
0.037097 
0.139027 
0.018762 
0.213548 
-0.116671 
0.086823 
-0.896916 
-0.081287 
-1.185912 
-0.631918 
-0.599373 
0.040060 
-0.111503 
-0.066324 
-0.040544 
0.022125 
-0.238769 
-0.157676 
-0.017857 
0.068896 
0.037134 
0.075060 
0.255554 
0.021248 
0.170983 
-0.221007 
-0.419546 
0.121870 
-0.309919 
-0.266469 
-0.120326 
0.097727 
0.402599 
-0.366608 
-1.240109 
-0.448733 
-0.025489 
-0.007725 
-0.201014 
-0.132594 
0.448054 
0.113109 
0.210292 
-0.106509 
-0.048161 
-0.080511 
0.255349 
-0.124383 
0.258135 
0.137319 
-0.021039 
-0.248350 
0.079541 
0.109783 
0.169504 
-0.195827 
-0.036452 
0.012964 
0.259371 
0.232638 
-0.073173 
-0.415437 
0.033643 
-0.134750 
-0.112209 
-0.160983 
-0.048702 
-0.099059 
0.133342 
-0.198719 
0.048514 
-0.343928 
-0.028236 
-0.020325 
0.439360 
-0.099341 
0.037135 
-0.720406 
-0.737462 
0.340431 
0.431806 
0.001350 
-0.013344 
-0.069748 
-0.161899 
-0.185154 
-0.544719 
-0.001255 
0.104634 
-0.073902 
0.023803 
-0.015251 
0.028499 
-0.004775 
0.870872 
0.447604 
0.209973 
0.132740 
0.007264 
0.206241 
0.305418 
0.215637 
-0.704413 
-0.313366 
0.581652 
0.322915 
-0.111093 
-0.055778 
-0.048406 
-0.654956 
-0.035423 
-0.219872 
0.014503 
-0.051082 
0.051303 
-0.100455 
-0.029198 
-0.355732 
0.062071 
-0.098853 
0.040168 
-0.180737 
-0.141261 
0.158241 
0.229183 
0.085402 
-0.054134 
0.465775 
-0.051123 
-0.322346 
0.484143 
0.107426 
0.119702 
0.091129 
0.273329 
0.214169 
0.003112 
0.018542 
-0.285350 
-0.263964 
-0.112352 
-0.271147 
0.030649 
-0.175068 
-0.615762 
0.254957 
0.149417 
0.126354 
-0.598412 
0.111965 
-0.020200 
-0.538884 
-0.068214 
0.256365 
-0.632267 
0.101113 
-0.141904 
-0.174864 
-0.349784 
-0.316801 
-0.157028 
-0.659513 
-0.734982 
-0.247306 
-0.166647 
-0.205239 
-0.007242 
-0.207539 
-0.018047 
-0.157142 
0.309142 
-0.049824 
0.199563 
-0.229782 
-0.276817 
-0.439203 
-0.450347 
-0.240460 
-0.008967 
-0.060250 
0.041884 
-0.499879 
0.123479 
-0.104870 
0.313984 
0.031868 
-0.034287 
-0.111162 
0.017803 
-0.264123 
-0.147821 
0.041198 
0.517288 
0.059101 
-0.124760 
0.085047 
0.499940 
0.115379 
0.048054 
-0.349699 
-0.073798 
-0.093032 
0.077052 
0.106043 
-0.044145 
0.036379 
0.079574 
-0.164664 
0.277964 
-0.226823 
-0.088219 
-0.124604 
-0.081952 
-0.009065 
0.166271 
0.119329 
-0.011875 
0.144958 
0.041506 
-0.127901 
-0.238160 
0.038050 
0.039737 
0.000265 
0.067975 
-0.133565 
0.081667 
-0.124483 
-0.039778 
-0.940951 
-0.000286 
-0.074995 
0.480856 
-0.019679 
-0.709715 
-0.104264 
-0.474637 
0.126064 
-0.273403 
-0.150668 
-0.117534 
-0.146503 
-0.198247 
-0.104485 
0.201939 
-0.190304 
-0.191282 
-0.055627 
0.014484 
0.225155 
-0.084620 
0.256502 
0.414213 
0.337726 
0.035965 
-0.095973 
-0.090250 
-0.149747 
-0.105107 
-0.121808 
-0.187065 
-0.108689 
-0.117265 
-0.139034 
-0.053157 
0.147903 
0.164840 
0.052410 
-0.137120 
-0.023387 
0.307677 
-0.442880 
-0.355013 
0.096047 
-0.103043 
-0.148339 
-0.420068 
-0.083181 
-0.143690 
-0.041605 
-0.174327 
0.499717 
0.438611 
0.040760 
0.387759 
0.035635 
0.383004 
-0.051518 
0.054023 
-0.008760 
0.108720 
0.156881 
0.236123 
0.076186 
0.157068 
-0.602903 
-0.714484 
-0.280729 
0.096886 
-0.073522 
-0.149546 
0.026839 
0.186861 
-0.018545 
0.161472 
0.042841 
0.015604 
-0.307595 
0.251466 
-0.224385 
-0.047083 
0.157196 
-0.312873 
-0.103407 
0.090212 
0.050274 
0.314561 
0.192073 
0.124175 
0.014109 
0.169535 
-0.081343 
0.260584 
0.217026 
0.189498 
0.077375 
0.103715 
0.042317 
0.101454 
-0.625754 
-0.255172 
-0.062322 
-0.755464 
0.107284 
-0.132295 
-0.157256 
0.184064 
0.096542 
0.094649 
0.033401 
0.262514 
0.179377 
0.000462 
-0.121570 
0.072092 
-0.102584 
0.139131 
-0.482750 
0.701987 
-0.031455 
0.235311 
0.035163 
0.264521 
-0.095242 
-0.044111 
-0.446164 
-0.170805 
-0.207327 
-0.142301 
-0.203908 
-0.035500 
0.056283 
0.168774 
0.841417 
-0.210682 
-0.125142 
0.216678 
0.041038 
0.096170 
-0.054405 
0.208449 
-0.031405 
0.159260 
0.345477 
0.232681 
-0.015207 
-0.649399 
-0.102108 
-0.153173 
-0.009290 
-0.035510 
-0.106806 
0.141830 
0.113504 
0.360980 
0.097671 
-0.172341 
-0.405209 
0.130633 
-0.120852 
0.228656 
-0.141031 
-0.006497 
-0.229576 
-0.559249 
-0.563349 
-0.070833 
0.058424 
0.043767 
0.539945 
-0.178148 
-0.138367 
0.245918 
1.126502 
0.765174 
-0.111443 
0.210586 
0.019035 
0.154066 
-0.299853 
0.032757 
0.148321 
0.316801 
0.426692 
0.193374 
0.050333 
0.182321 
0.001217 
-0.004422 
0.082476 
0.084366 
0.212649 
0.180733 
0.258918 
0.523262 
-0.618376 
-0.034959 
-0.280925 
-0.161106 
0.113110 
-0.006448 
-0.269059 
-0.150966 
-0.295681 
0.033770 
0.022651 
-0.240984 
0.273904 
0.198023 
-0.458323 
-0.404048 
-0.090404 
-0.163773 
0.033997 
-0.628461 
0.104372 
0.280471 
0.082908 
0.602769 
0.323025 
-0.214302 
-0.090824 
0.618876 
0.189415 
0.090717 
0.537403 
-0.058149 
-0.096707 
0.016373 
-0.488063 
0.176672 
0.169894 
0.066429 
0.163060 
0.666821 
-0.105258 
-0.086445 
-0.325666 
0.075142 
-0.071544 
0.175406 
0.000044 
-0.268504 
0.247544 
0.158696 
0.024425 
0.239413 
0.148938 
-0.019128 
-0.101224 
0.297904 
-0.030833 
0.104727 
-0.052645 
-0.132101 
-0.028404 
0.172728 
0.356294 
-0.429754 
-0.179320 
-0.277628 
0.041400 
-0.171155 
0.371865 
0.334259 
-0.288355 
0.179381 
-0.077841 
0.074272 
0.282566 
-0.385158 
-0.656329 
-0.064286 
-0.031311 
0.079317 
-0.700806 
-0.238844 
-0.095397 
0.096877 
-0.740631 
0.142767 
-0.644035 
-0.114194 
-0.212434 
-0.373907 
-0.006139 
0.203978 
0.044707 
0.010463 
-0.343168 
-0.034154 
0.008784 
-0.012905 
-0.100305 
0.272039 
-0.007204 
0.085178 
0.236214 
0.026587 
0.011639 
-0.052137 
-0.072813 
-0.361723 
-0.132123 
-0.308710 
-0.434435 
0.183330 
0.033032 
0.968915 
-0.056804 
-0.056801 
-0.639235 
-0.015174 
0.083395 
0.126331 
-0.025832 
0.344214 
0.014108 
-0.572891 
-0.746505 
0.237778 
-0.134700 
-0.094872 
0.099353 
0.075626 
0.064498 
-0.007774 
0.125516 
0.110332 
0.172074 
-0.166581 
0.072311 
0.132395 
0.073263 
0.133816 
0.114005 
0.246657 
0.134121 
0.052990 
0.079712 
-0.028807 
0.258379 
0.180891 
0.165753 
0.254501 
0.275191 
-0.361072 
-0.007103 
0.005498 
0.094159 
0.017127 
-0.270912 
0.011054 
-0.086829 
0.096616 
0.114443 
0.098270 
-0.215196 
-0.093968 
0.208292 
0.098111 
0.059752 
-0.371327 
-0.004479 
0.302538 
0.101412 
0.252095 
-0.098964 
-0.211816 
-0.450989 
0.143069 
0.486603 
1.062041 
0.203077 
0.118631 
-0.065483 
0.000919 
0.356309 
0.107700 
0.066914 
0.273256 
0.018806 
0.239790 
-0.354990 
0.253923 
0.161436 
0.201633 
-0.034117 
0.110709 
-0.191862 
-0.525252 
0.103948 
0.075687 
-0.122102 
0.078820 
0.227885 
0.139648 
-0.073848 
0.130065 
-0.295644 
0.073068 
0.083406 
0.081509 
-0.263450 
0.061718 
-0.350299 
0.057064 
-0.149075 
0.121204 
-0.135580 
0.082292 
0.065320 
0.474514 
0.356284 
0.408828 
0.082475 
-0.642949 
-0.102613 
-0.083417 
0.063249 
0.263963 
0.113623 
0.196541 
0.142674 
0.150397 
-0.090326 
0.231022 
-0.062312 
-0.204543 
-0.309065 
-0.348773 
0.137202 
-0.102830 
0.063835 
0.179074 
-0.081221 
0.007593 
-0.199429 
-0.093336 
-0.152794 
-0.221685 
0.035577 
0.077112 
0.034138 
0.017976 
0.317614 
0.252557 
0.214288 
0.207989 
0.308524 
-0.285226 
0.011341 
0.346421 
0.328455 
0.452293 
0.186210 
0.231719 
0.107093 
-0.009639 
-0.344183 
-0.072508 
-0.136634 
0.203857 
-0.663988 
-0.252962 
0.155364 
-0.699562 
-0.252284 
-0.183838 
0.030736 
0.890010 
-0.004283 
-0.145226 
-0.146566 
0.148548 
0.146780 
-0.029781 
0.024229 
0.227445 
0.027672 
-0.025747 
-0.118158 
0.011682 
0.172757 
0.419190 
-0.185243 
-0.203700 
0.163956 
0.259000 
-0.036050 
-0.417216 
-0.537595 
0.277542 
0.023046 
-0.042965 
-0.120726 
0.078034 
-0.005457 
-0.047818 
-0.635955 
0.058980 
-0.434135 
0.055360 
0.037246 
-0.116601 
-0.125174 
-0.102166 
-0.107718 
-0.175512 
-0.171091 
0.032091 
-0.123452 
0.112065 
0.005569 
-0.202501 
0.315549 
-0.079070 
-0.037986 
0.038105 
-0.105621 
-0.009888 
0.079334 
-0.113860 
-0.141886 
0.048388 
-0.029963 
0.011220 
-0.369944 
-0.085844 
-0.200518 
-0.064473 
0.119070 
0.350157 
-0.117563 
0.202088 
-0.050719 
0.002053 
-0.919313 
0.490433 
0.695003 
0.551132 
0.238428 
0.174784 
-0.038179 
0.418914 
0.042576 
0.092521 
0.000506 
0.189089 
0.270092 
0.153823 
0.302699 
0.627917 
0.045678 
0.381744 
0.105668 
0.134257 
-0.087738 
0.033085 
0.016660 
0.330002 
0.221360 
-0.088449 
0.155318 
-0.084523 
-0.077084 
0.293091 
0.045456 
0.240831 
-0.538185 
0.002377 
0.254659 
-0.847058 
-0.229377 
0.482326 
0.001952 
0.146173 
-0.143156 
0.053920 
-0.210887 
0.114023 
0.062459 
0.222677 
0.186918 
0.154972 
-0.389695 
0.669277 
0.516606 
0.075921 
0.011597 
0.004318 
0.151755 
-0.004094 
0.023587 
0.368482 
0.091733 
-0.032069 
-0.288070 
0.062757 
0.070190 
-0.027513 
0.000456 
0.216561 
-0.082087 
0.026835 
0.009731 
0.036800 
0.237022 
0.154319 
0.153268 
-0.129992 
0.043847 
-0.098165 
0.028406 
0.216367 
0.106309 
0.240502 
0.058272 
-0.082483 
0.159238 
-0.071141 
-0.157372 
0.170772 
-0.367914 
-0.040380 
-0.069428 
0.381039 
-0.071634 
-0.468956 
-0.008146 
0.497023 
0.211614 
0.633131 
0.061391 
0.233982 
0.225695 
0.123190 
0.207644 
-0.237613 
0.322784 
0.054305 
0.211734 
0.043067 
0.010551 
0.048189 
-0.101241 
-0.178408 
-0.015482 
0.291768 
-0.025941 
-0.762272 
-0.110046 
-0.003450 
0.097285 
0.386654 
-0.208714 
-0.013587 
0.039750 
0.244959 
-0.118602 
-0.095546 
-0.846651 
0.313353 
0.166207 
-0.127151 
-0.008795 
0.136463 
-0.011051 
0.178671 
-0.235554 
-0.813823 
0.054304 
0.261403 
-0.701816 
-0.035267 
-0.163077 
0.033566 
0.111212 
-0.142283 
-0.136119 
-0.077639 
-0.020265 
0.054834 
-0.173135 
-0.079018 
0.191058 
-0.338645 
-0.274742 
0.136240 
0.269332 
-0.079531 
0.019395 
-0.014373 
-0.144703 
-0.259497 
-0.289922 
-0.595479 
0.054238 
-0.081274 
-0.134160 
-0.148871 
0.179156 
0.576193 
0.185663 
0.082220 
-0.109231 
-0.126787 
0.083914 
-0.079170 
-0.144721 
0.088790 
0.006962 
0.130754 
-0.052005 
-0.123682 
-0.769039 
0.086646 
-0.020654 
-0.050232 
-0.282883 
-0.023592 
0.261430 
-0.014538 
0.060445 
0.021133 
-0.295733 
-0.024848 
0.109944 
0.341000 
-0.397430 
0.354383 
0.014815 
-0.128146 
-0.440056 
-0.252691 
-0.174169 
0.057821 
0.085205 
0.276786 
0.017122 
-0.911401 
0.145226 
-0.032825 
-0.674304 
0.011520 
-0.069340 
0.180511 
-0.082772 
0.195324 
-0.159893 
-0.128260 
-0.762451 
0.057818 
-0.142807 
-0.115026 
-0.015562 
-0.153358 
0.263672 
0.581690 
-0.330956 
0.222040 
0.259044 
0.180796 
0.215850 
-0.233831 
-0.137965 
0.114870 
0.039515 
0.031706 
-0.230680 
0.062733 
-0.264921 
0.152152 
-0.239533 
0.167874 
-0.108965 
0.129936 
-0.169088 
-0.008690 
-0.354595 
-0.106496 
-0.240761 
0.051909 
0.064238 
0.008349 
0.534715 
0.277698 
0.034844 
0.152931 
0.251046 
0.105845 
-0.161384 
-0.174950 
-0.232887 
0.107841 
-0.055725 
0.209002 
0.048538 
-0.086469 
-0.073436 
0.010670 
-0.376576 
-0.180522 
0.030972 
0.111340 
-0.091003 
0.313325 
0.356764 
0.001780 
-0.939163 
-0.967497 
-0.789707 
-0.202820 
-0.223547 
-0.110709 
-0.036553 
-0.413933 
0.100325 
-0.519568 
-0.344292 
-0.022305 
0.025794 
-0.034169 
0.077451 
-0.497560 
-0.030922 
-0.151306 
0.132773 
-0.098614 
0.105571 
-0.077160 
0.111600 
0.260414 
-0.000576 
0.052091 
-0.139085 
0.016256 
0.149949 
0.010048 
-0.052775 
0.048052 
-0.125667 
-0.096767 
0.094115 
-0.069459 
-0.740015 
-0.101293 
-0.161773 
-0.025840 
-0.193836 
0.272251 
-0.260589 
0.226537 
0.597768 
0.327240 
0.227493 
-0.010011 
-0.063705 
-0.083446 
-0.775119 
-0.050133 
-0.373456 
-0.541146 
-0.545270 
0.144497 
0.217191 
0.727432 
-0.065524 
-0.681194 
-0.318953 
-0.145335 
-0.143221 
0.163705 
-0.175000 
0.151516 
0.263223 
0.246236 
0.026874 
0.095648 
0.022477 
0.127319 
-0.655860 
0.003810 
-0.249197 
0.028250 
-0.185870 
0.009352 
0.043787 
0.013017 
-0.026065 
-0.344207 
1.216423 
-0.128230 
-0.154438 
0.072433 
0.056687 
0.139343 
-0.090449 
-0.164501 
0.246044 
-0.131532 
0.148141 
-0.030204 
0.059679 
0.651147 
0.188633 
-0.215178 
-0.045124 
0.200820 
-0.530390 
-0.023588 
-0.698240 
-0.034505 
0.044723 
0.312950 
0.255470 
-0.015230 
0.081500 
-0.039572 
-0.034020 
0.130202 
-0.270571 
0.153556 
-0.920740 
-0.915586 
0.108453 
-0.247661 
-0.692838 
-0.071140 
-0.230811 
0.101143 
-0.658050 
0.540987 
-0.195093 
-0.128831 
0.055751 
0.210047 
0.014866 
0.180610 
-0.030840 
0.378421 
-0.649282 
0.058063 
0.399598 
0.470882 
0.685241 
0.111121 
0.018854 
0.022037 
0.187369 
0.083644 
0.574840 
0.586670 
0.096944 
0.128870 
0.154926 
-0.314620 
0.340047 
-0.342988 
-0.100971 
0.063505 
0.033197 
-0.118563 
0.049061 
0.100570 
0.165140 
-0.201749 
0.133549 
0.165643 
-0.072224 
-0.306845 
-0.003865 
0.326517 
0.007165 
0.252483 
-0.116618 
-0.235469 
-0.244600 
-0.176328 
-0.181839 
0.118488 
-0.066062 
0.168893 
-0.154178 
0.154926 
-0.020672 
0.185799 
0.084180 
0.589156 
-0.168287 
0.285848 
0.023927 
0.154379 
-0.175601 
-0.172433 
-0.145534 
-0.617453 
-0.599539 
0.043422 
0.065317 
0.190164 
-0.264446 
0.065404 
-0.141930 
-0.431303 
-0.326830 
0.024349 
-0.110260 
-0.045887 
-0.021064 
0.100874 
-0.067020 
0.173263 
0.045649 
-0.024579 
-0.118956 
0.056569 
-0.025841 
0.127666 
0.160305 
0.029483 
0.047535 
-0.071841 
-0.058801 
-0.056222 
0.410521 
0.729434 
-0.016732 
0.129646 
-0.359275 
-0.185157 
-0.403511 
0.202314 
-0.118188 
0.029307 
-0.240489 
-0.049932 
-0.084614 
-0.244205 
0.068754 
0.140755 
-0.531224 
0.244467 
0.022088 
0.093966 
-0.244341 
0.062703 
0.102911 
0.045817 
-0.016507 
-0.628182 
-0.481690 
-0.241178 
0.300138 
0.132372 
-0.051508 
0.246638 
-0.450001 
0.198102 
0.019313 
0.020680 
0.163023 
-0.190211 
0.027265 
-0.098219 
-0.008721 
0.140564 
-0.077647 
0.070946 
0.222092 
0.412277 
0.005789 
0.006276 
-0.038063 
-0.000405 
0.168216 
0.017825 
0.066337 
0.275169 
-0.020201 
0.302748 
-0.008626 
-0.126273 
-0.140500 
0.298622 
0.320508 
-0.091513 
0.032481 
0.054802 
0.158520 
0.253818 
-0.295010 
0.003831 
-0.155322 
-0.120625 
0.022255 
0.083232 
0.202305 
-0.162625 
-0.004433 
-0.145898 
0.064827 
-0.051859 
-0.100378 
0.040899 
-0.350137 
-0.464659 
0.026087 
-0.260255 
-0.234313 
-0.346480 
0.004207 
-0.285231 
-0.283632 
-0.145365 
-0.062807 
0.081949 
-0.225724 
-0.116394 
-0.146076 
0.028588 
-0.315600 
-0.069476 
0.118980 
-0.040768 
-0.266357 
-0.748631 
-0.154892 
-0.020504 
0.120641 
0.138998 
0.191728 
-0.094371 
-0.146500 
-0.130093 
-0.113749 
-0.027836 
-0.019771 
0.070808 
-0.108753 
0.080334 
-0.989783 
-0.715643 
0.026592 
-0.129153 
-0.027264 
0.076843 
-0.335254 
-0.082230 
-0.003818 
0.014582 
-0.083547 
0.252310 
0.112007 
0.013419 
0.009806 
-0.099312 
-0.078242 
-0.147270 
-0.222756 
0.227285 
0.059514 
0.588099 
-0.236725 
0.106028 
-0.202734 
0.107757 
-0.085232 
0.172832 
-0.129437 
0.130201 
0.036746 
0.127055 
-0.006153 
-0.082872 
-0.613466 
0.284628 
-0.131585 
0.130210 
-0.221885 
-0.337625 
-0.669256 
-0.218360 
0.000529 
0.095397 
-0.358140 
-0.029246 
0.046980 
0.039338 
-0.555089 
-0.018931 
-0.962525 
-0.062940 
0.026092 
-0.010027 
-0.036890 
-0.286009 
0.087457 
-0.031549 
0.104040 
-0.010786 
-0.078476 
-0.101555 
-0.484176 
-0.339862 
-0.068772 
0.000251 
-0.241902 
-0.076274 
-0.138418 
0.159535 
0.001944 
0.106695 
0.205528 
0.050042 
0.017038 
0.069570 
0.374394 
-0.009475 
-0.289425 
0.166253 
0.195456 
0.072343 
-0.105936 
0.693506 
0.245354 
0.124348 
0.423727 
0.505232 
-0.065394 
0.216336 
-0.503666 
-0.042505 
-0.108316 
-0.096676 
-0.382610 
-0.505918 
-0.050724 
0.003881 
0.294999 
0.869803 
0.111431 
-0.017257 
-0.087036 
0.104457 
0.073669 
0.049907 
0.147689 
0.700228 
0.122123 
0.093466 
0.117534 
0.121169 
0.081328 
0.355049 
0.045953 
-0.147451 
0.392030 
0.228494 
-0.328885 
-0.079033 
-0.158421 
-0.029416 
-0.208650 
0.055494 
-0.173106 
-0.003403 
-0.027377 
-0.235914 
0.146792 
0.348069 
-0.026767 
0.083462 
-0.211236 
0.307151 
0.290472 
0.376056 
-0.149171 
0.374597 
-0.029407 
0.112039 
0.011761 
0.151335 
0.060141 
0.246527 
0.495837 
-0.603485 
-0.544723 
-0.207931 
0.085962 
-0.597990 
0.659948 
0.505131 
-0.438558 
-0.001333 
0.019315 
0.046060 
0.567924 
0.023639 
0.067372 
0.217055 
-0.100666 
-0.142082 
-0.021790 
0.150499 
-0.101781 
0.456158 
-0.252945 
-0.112815 
-0.075280 
-0.676987 
-0.238384 
0.130320 
0.317227 
-0.016389 
0.146403 
-0.517046 
-0.442533 
-0.480941 
0.244339 
0.245013 
-0.035283 
0.194885 
0.168954 
-0.576773 
-0.190775 
-0.094080 
0.080683 
-0.205319 
-0.255695 
-0.195501 
0.212005 
-0.000854 
-0.317123 
0.073769 
0.710060 
-0.462568 
0.108060 
-0.207803 
0.034866 
0.269665 
0.026002 
-0.030196 
0.048559 
-0.034151 
-0.037941 
0.060012 
-0.030370 
-0.072613 
0.091913 
0.182687 
-0.065798 
-0.390137 
-0.235885 
-0.011033 
0.065415 
0.001310 
0.051244 
0.079299 
-0.231778 
-0.185340 
-0.162184 
0.044085 
0.355411 
0.280572 
0.341014 
0.221106 
-0.090068 
-0.260360 
-0.052180 
0.174021 
0.051064 
0.258180 
-0.059388 
-0.012120 
0.019759 
0.110676 
-0.217726 
-0.136494 
-0.322629 
-0.091021 
-0.110856 
0.156277 
0.009135 
-0.096958 
0.078379 
0.101974 
0.159491 
0.092599 
0.092684 
0.088231 
0.016292 
0.155758 
-0.041728 
0.157316 
0.253553 
-0.393763 
-0.533968 
0.001782 
0.083133 
-0.004102 
0.120544 
0.146334 
0.103840 
0.166607 
0.286428 
0.188076 
-0.008915 
0.044597 
-0.482169 
0.166803 
0.030534 
-0.054765 
0.002767 
0.179965 
-0.045795 
0.856378 
-0.476339 
0.273920 
-0.169806 
0.050190 
-0.069312 
0.313428 
0.012886 
0.123224 
0.159454 
0.150355 
0.200619 
0.188466 
-0.438414 
0.029030 
0.118490 
-0.007957 
0.110702 
0.245652 
-0.883181 
-0.025502 
-0.393401 
-0.243373 
-0.103188 
0.230161 
0.195811 
-0.084496 
-0.135726 
0.055336 
0.011919 
0.458490 
0.016600 
0.251586 
0.024059 
0.026278 
-0.232200 
0.209556 
0.176106 
-0.185599 
-0.044045 
0.120360 
0.272584 
0.271471 
-0.183249 
0.032746 
0.151075 
0.821067 
0.061982 
0.134512 
0.195427 
0.125394 
-0.058741 
0.053454 
0.114841 
0.161563 
0.159240 
0.103547 
0.012670 
-0.102836 
-0.426126 
0.175572 
-0.156625 
-0.164637 
-0.204960 
-0.071521 
0.169678 
-0.262880 
-0.066936 
0.234361 
-0.583217 
0.115964 
0.319460 
0.203321 
0.348747 
-0.003967 
-0.098482 
-0.155059 
0.184200 
0.319689 
0.091018 
0.104729 
-0.049590 
-0.035511 
-0.306948 
-0.361884 
-0.317822 
-0.090034 
-0.054646 
-0.042224 
-0.027938 
0.117006 
0.033873 
0.136591 
0.651215 
-0.532870 
-0.255904 
0.572526 
0.099830 
-0.555212 
-0.142664 
-0.079612 
-0.067612 
-0.204933 
-0.257725 
-0.005818 
-0.069719 
-0.103662 
-0.122155 
0.116681 
0.025831 
-0.068395 
-0.169656 
0.046041 
-0.413177 
-0.225776 
-0.213051 
-0.044092 
-0.081974 
0.330792 
0.016876 
0.003658 
-0.360943 
-1.131303 
-0.535905 
-0.515817 
-0.666549 
-0.355194 
-0.127376 
-0.059363 
-0.261594 
-0.035096 
-0.169752 
0.029541 
-0.040364 
0.064710 
-0.076010 
-0.154532 
-0.017384 
0.264754 
0.084645 
-0.246633 
0.554502 
0.458167 
0.244744 
0.169657 
-0.125279 
0.399014 
0.145394 
-0.040845 
0.116878 
-0.540725 
0.000298 
0.097559 
0.074466 
-0.068415 
-0.258684 
-0.146043 
0.083616 
-0.031083 
-0.358957 
0.072386 
0.067301 
0.109542 
-0.002838 
0.043823 
0.096797 
0.123979 
-0.063779 
-0.117852 
-0.272559 
-0.378454 
-0.113935 
0.203855 
-0.118977 
-0.003823 
0.198662 
0.049019 
0.127852 
0.127210 
0.125786 
0.130883 
0.154308 
-0.009092 
-0.154533 
-0.029684 
-0.159569 
0.141571 
0.185504 
-0.741362 
0.750706 
-0.055831 
-0.116141 
-0.359247 
-0.396752 
0.191282 
0.116635 
-0.195463 
-0.061150 
-0.048773 
-0.034250 
0.016602 
0.157258 
-0.167509 
-0.532608 
-0.084503 
0.017808 
-0.019134 
0.005574 
0.150703 
-0.528673 
-0.602952 
-0.193980 
0.194434 
-0.052558 
-0.411723 
-0.479799 
-0.233859 
0.040642 
0.158794 
0.300953 
0.082751 
-0.449140 
-0.810748 
-0.102614 
-0.200001 
-0.880408 
-0.799098 
0.158598 
-0.792025 
0.016317 
-0.019963 
0.215976 
0.457776 
0.398721 
-0.086553 
0.087979 
0.336297 
0.150712 
0.123435 
-0.153402 
0.431026 
0.267158 
-0.077939 
-0.207789 
-0.357978 
0.003936 
0.055734 
0.122673 
0.162383 
-0.001252 
0.018145 
0.034186 
0.035471 
0.112369 
-0.492748 
0.059950 
-0.098117 
-0.430469 
-0.388553 
-0.456442 
-0.726872 
-0.030868 
0.155020 
0.004758 
0.102150 
0.109957 
0.498285 
1.045581 
0.290276 
0.170058 
-0.015528 
-0.688171 
-0.186331 
-0.052815 
-0.308480 
-0.148849 
-0.370979 
-0.505817 
0.324831 
0.094124 
-0.002542 
0.038676 
-0.087392 
0.090178 
-0.055182 
-0.448584 
-0.198954 
-0.157859 
-0.072650 
0.132985 
0.533162 
0.950079 
0.197274 
0.324768 
-0.302034 
-0.123497 
-0.025850 
-0.160991 
-0.219698 
0.064323 
0.141311 
-0.894579 
0.142683 
-0.066627 
0.383622 
-0.542870 
0.154286 
0.115890 
0.207986 
0.080140 
0.185185 
0.299507 
0.287263 
0.292371 
0.346759 
0.008945 
0.016400 
0.041712 
0.041910 
-0.231856 
-0.086524 
-0.094861 
-0.887842 
-0.307709 
0.087979 
0.272110 
0.094600 
0.346353 
0.350356 
0.425302 
-0.260713 
0.100650 
0.064165 
0.061715 
0.188240 
-0.099257 
-0.028880 
0.120447 
0.263731 
0.024425 
0.008798 
0.024781 
-0.319700 
0.104194 
0.500462 
0.275998 
-0.087834 
-0.163111 
-0.039245 
-0.056783 
0.070452 
0.045669 
-0.001868 
-0.646332 
-0.328646 
-0.055843 
0.008048 
-0.057659 
0.162908 
-0.111793 
0.252675 
0.122459 
-0.016189 
-0.226462 
0.383129 
0.233267 
0.068017 
-0.401498 
-0.089668 
-0.006120 
0.133190 
-0.021964 
-0.002416 
-0.298080 
-0.101609 
0.035310 
0.099545 
0.086492 
-0.205074 
-0.000061 
0.042564 
0.011116 
0.054080 
-0.021115 
0.086733 
-0.235694 
-0.183696 
-0.077331 
-0.316520 
-0.580772 
-0.236322 
-0.692721 
0.046466 
-0.098896 
0.241910 
-0.134065 
-0.527534 
-0.180333 
-0.326682 
-0.322287 
-0.612483 
0.017634 
0.169889 
-0.693826 
-0.414121 
0.049452 
0.084843 
-0.091964 
-0.060279 
-0.027903 
-0.095450 
0.016070 
-0.045785 
0.029372 
-0.155204 
-0.025949 
-0.464990 
0.188545 
0.238355 
-0.020578 
0.385442 
0.809336 
0.131326 
0.409862 
0.384581 
0.000870 
0.327044 
-0.466774 
-0.311229 
0.494907 
0.359867 
0.673599 
0.136785 
0.153575 
0.225737 
0.162818 
-0.673881 
0.036213 
0.324246 
-0.079194 
-0.216935 
-0.533839 
-0.055914 
-0.090435 
0.121909 
0.281051 
0.040814 
-0.092698 
-0.135616 
0.021032 
0.058073 
0.106512 
-0.534550 
-0.548989 
-0.077225 
-0.083826 
-0.377220 
0.267161 
-0.029315 
-0.275244 
0.082412 
0.162274 
0.249809 
0.133608 
0.262296 
0.327951 
0.293256 
-0.092574 
0.011324 
-0.106641 
0.122000 
-0.067871 
0.194015 
-0.196417 
0.159789 
-0.051211 
0.135906 
-0.088112 
0.127968 
-0.074206 
0.241394 
-0.090501 
0.092092 
-0.207354 
-0.021267 
-0.197173 
0.002876 
0.180784 
0.071830 
-0.104283 
0.049857 
-0.068833 
0.048484 
-0.075636 
0.131297 
0.060760 
0.219552 
0.041635 
0.362728 
-0.017841 
0.046747 
0.079852 
-0.017783 
-0.101114 
0.294546 
-0.024147 
0.362685 
-0.006463 
-0.353811 
0.182121 
0.428209 
0.568252 
0.039281 
0.136484 
0.169631 
-0.098589 
0.170313 
0.065588 
0.443321 
0.404268 
-0.170776 
-0.375976 
-0.132526 
-0.169225 
0.006748 
-0.085379 
0.133997 
-0.250386 
0.069589 
0.093132 
-0.419506 
-0.061260 
0.062025 
0.302690 
0.122279 
-0.187444 
-0.251538 
0.011889 
-0.192848 
-0.050821 
0.319356 
-0.039304 
-0.027189 
-0.235365 
-0.156687 
-0.262897 
0.014975 
-0.360089 
-0.291863 
-0.311982 
-0.108735 
-0.055790 
0.208256 
0.001211 
0.014897 
-0.205015 
-0.117916 
0.054531 
0.009121 
-0.074457 
0.190500 
-0.048145 
0.019368 
0.176705 
0.236069 
0.018105 
-0.183852 
0.055245 
0.035341 
-0.341714 
-0.157837 
-0.127317 
0.255716 
-0.054211 
0.338712 
0.307758 
-0.423972 
0.079600 
-0.059879 
0.066160 
-0.141593 
-0.205463 
0.205376 
0.005367 
0.379656 
0.247558 
0.364672 
-0.498937 
-0.465295 
0.068925 
0.036908 
0.092530 
0.029704 
-0.055558 
0.721274 
0.748163 
0.069810 
-0.088481 
-0.014619 
0.917917 
0.678593 
-0.225024 
0.005982 
-0.412973 
-0.331561 
-0.048876 
-0.565022 
-0.149585 
0.067583 
-0.026038 
0.097263 
-0.123993 
0.088487 
-0.370123 
-0.048417 
-0.180371 
0.132271 
-0.000289 
0.125253 
0.218672 
-0.012635 
-0.100088 
0.285685 
-0.438805 
0.167638 
-0.032851 
-0.253801 
0.066904 
0.108550 
-0.071873 
-0.092314 
-0.082094 
-0.094386 
-0.161167 
-0.147881 
-0.026231 
-0.412347 
-0.457572 
-0.039814 
0.193521 
-0.018406 
-0.118860 
0.109805 
0.123255 
0.130648 
-0.022702 
0.115672 
-0.131240 
0.138449 
0.087633 
0.100661 
0.434336 
0.385131 
0.027626 
0.163587 
-0.052969 
0.033699 
-0.130561 
0.063691 
0.003122 
0.096716 
0.026124 
0.064749 
-0.092712 
0.025344 
-0.200978 
0.001299 
-0.489230 
0.113510 
0.044130 
0.046231 
0.006879 
0.166019 
-0.169669 
-0.068016 
-0.127121 
-0.199445 
-0.099650 
-0.077975 
-0.021943 
-0.028697 
-0.117207 
-0.095877 
0.038629 
0.287652 
0.008596 
0.056119 
-0.073877 
0.043431 
-0.030824 
0.044070 
0.029001 
-0.148512 
-0.263348 
0.046937 
-0.365120 
0.225396 
0.063386 
0.168219 
0.248999 
0.167627 
0.259126 
0.032616 
-0.542688 
0.300660 
-0.467103 
0.056252 
0.019985 
-0.021957 
-0.199705 
0.021891 
0.163518 
0.522773 
0.207772 
0.098075 
0.074777 
-0.600807 
-0.688622 
-0.034256 
-0.119325 
0.335505 
0.004185 
0.201086 
0.149439 
0.099867 
-0.377419 
-0.000528 
0.038418 
-0.016815 
-0.595939 
-0.116141 
0.505970 
0.049630 
0.113985 
-0.049202 
-0.565062 
-0.738739 
-0.797605 
0.055144 
-0.140907 
-0.023899 
-0.396911 
0.195994 
-0.036960 
-0.036619 
-0.079551 
-0.006218 
-0.109241 
-0.018137 
-0.180591 
0.089885 
0.012788 
0.026707 
-0.080490 
-0.071510 
-0.084348 
-0.415394 
-0.075461 
-0.233578 
-0.259417 
0.577924 
-0.086916 
-0.111816 
-0.233064 
0.092839 
-0.096307 
-0.027583 
-0.054141 
0.188064 
0.088985 
0.131065 
0.094159 
-0.020993 
-0.087126 
0.015371 
-0.033540 
-0.238156 
-0.030609 
0.196947 
-0.098799 
-0.303666 
0.033257 
-0.129750 
-0.524644 
-0.134212 
-0.084199 
-0.021665 
0.146481 
-0.079041 
-0.012080 
0.158188 
0.046116 
-0.131772 
-0.027176 
-0.246784 
0.070911 
0.109700 
0.233531 
