-0.203708 
0.365659 
-0.006462 
-0.144444 
-0.067730 
-0.561268 
0.070453 
0.117801 
-0.109846 
0.453554 
0.639240 
0.285044 
-0.182042 
-0.052872 
-0.023963 
-0.308037 
-0.619925 
-0.454221 
-0.568615 
-0.175161 
-0.049837 
0.027065 
-0.542949 
-0.107797 
-0.826771 
-0.172046 
0.075193 
-0.486736 
-0.582200 
-0.095666 
1.391985 
-0.088701 
-0.083606 
-0.031708 
0.210845 
-0.090537 
0.053988 
-0.694353 
0.258948 
0.119522 
-0.056526 
-0.247460 
0.064627 
0.168129 
-0.017402 
-0.234322 
-0.015272 
0.073579 
-0.523524 
-0.381359 
-0.607142 
-0.027530 
-0.702589 
-0.074719 
-0.743460 
-0.294073 
-0.258688 
0.240693 
0.132261 
0.001038 
0.006362 
0.016695 
-0.108482 
-0.102327 
0.023186 
-0.422672 
0.431111 
0.445855 
-0.038712 
-0.058664 
-0.021439 
0.013546 
1.007848 
-0.004323 
-0.081466 
-0.528397 
-0.250383 
-0.058617 
0.146822 
-0.063589 
-0.349576 
0.074222 
0.311209 
0.246217 
0.018147 
-0.118967 
-0.202604 
0.088014 
-0.175613 
0.037669 
0.095363 
0.157679 
-0.110772 
-0.042760 
-0.012685 
-0.028720 
-0.134993 
-0.026379 
-0.076983 
-0.034053 
-0.140289 
-0.192073 
-0.232756 
-0.009978 
-0.315461 
-0.311612 
-0.376815 
0.102514 
-0.064178 
0.002449 
-0.127137 
-0.127117 
-0.178909 
-0.012521 
-0.430010 
0.078448 
0.784996 
0.701800 
0.249628 
0.134398 
0.347628 
0.137004 
0.473691 
0.124793 
-0.298945 
-0.087476 
-0.408308 
0.137010 
0.476097 
0.215982 
-0.031905 
-0.053704 
0.039919 
0.122220 
-0.509002 
-0.149168 
-0.092412 
0.055079 
0.107848 
0.133813 
0.083075 
0.304240 
0.473186 
-0.091439 
-0.082514 
0.022244 
-0.589868 
-0.069458 
0.163585 
0.187629 
0.522352 
-0.059798 
0.289190 
0.069265 
-0.067246 
0.170288 
0.247841 
0.207334 
-0.050420 
0.133230 
0.249153 
-0.490008 
-0.476106 
0.199050 
0.170560 
-0.235160 
0.234487 
-0.059676 
-0.425467 
-0.211385 
0.441514 
0.147208 
-0.059703 
-0.095014 
-0.698913 
-0.345559 
0.031860 
-0.069705 
-0.097298 
-0.733937 
-0.314787 
-0.331237 
0.095225 
-0.160997 
-0.020045 
0.613392 
0.197484 
0.028244 
-0.085481 
0.050661 
0.079944 
0.907288 
-0.086918 
-0.179300 
-0.230806 
-0.009933 
0.050300 
-0.218171 
-0.103530 
-0.315898 
-0.179548 
0.259594 
-0.099539 
0.203214 
-0.037003 
-0.054212 
-0.347860 
-0.346266 
0.118418 
-0.335316 
-0.164468 
0.077796 
0.028916 
-0.119820 
-0.119108 
0.085397 
0.173394 
-0.326341 
-0.107647 
-0.100994 
-0.270069 
0.017478 
-0.009468 
0.518779 
-0.177962 
0.044182 
-0.070075 
-0.724824 
-0.046539 
-0.163106 
-0.188411 
0.101204 
0.102356 
-0.240514 
0.362420 
-0.131302 
-0.200345 
-0.027253 
0.042994 
0.001483 
-0.492214 
-0.215409 
0.040406 
0.183576 
-0.041954 
-0.325438 
-0.117373 
0.183874 
-0.066742 
-0.029543 
-0.015000 
-0.300603 
-0.129804 
-0.505345 
-0.532347 
-0.677823 
-0.582095 
-0.004665 
-0.288954 
-0.105554 
-0.322036 
0.467480 
-0.045414 
-0.346467 
0.660752 
0.042714 
0.006922 
0.002882 
0.014555 
0.893005 
-0.130832 
-0.309662 
-0.053536 
0.425580 
-0.122342 
0.048524 
-0.086673 
-0.089367 
-0.436908 
-0.050187 
-0.547328 
0.511758 
-0.344107 
-0.670790 
-0.189303 
-0.130488 
0.363828 
1.207467 
1.032996 
0.184521 
-0.556166 
-0.485004 
-0.097074 
0.200367 
0.398325 
0.253896 
-0.781272 
0.200965 
0.018217 
-0.016598 
-0.041738 
0.173064 
-0.642477 
-0.580119 
0.078573 
0.037845 
-0.568473 
-0.199044 
-0.528369 
-0.223931 
-0.022862 
-0.633635 
0.125396 
0.500226 
0.037824 
0.295083 
0.121077 
-0.019899 
0.000025 
-0.038586 
-0.009468 
-0.153422 
-0.015855 
0.035367 
0.131816 
-0.008376 
0.013150 
-0.563858 
-0.335827 
-0.177777 
-0.012124 
-0.184610 
-0.082894 
-0.046250 
0.122066 
-0.091402 
-0.322170 
-0.152130 
-0.031437 
0.101632 
-0.015821 
0.293426 
-0.030657 
-0.469055 
-0.095383 
0.238766 
-0.098339 
-0.420892 
-0.091460 
0.113986 
0.185408 
-0.093383 
-0.206613 
-0.391665 
0.283174 
0.275438 
-0.168547 
-0.099387 
-0.505664 
0.330230 
-0.201222 
-0.073528 
0.076244 
-0.083005 
-0.017624 
-0.260915 
-0.073229 
-0.027306 
-0.050046 
-0.375712 
-0.185559 
-0.462743 
-0.129906 
0.429996 
1.489984 
-0.586515 
-0.284391 
0.058254 
0.221884 
0.006860 
-0.481415 
0.192350 
0.186087 
0.083662 
0.012460 
0.112931 
-0.051910 
-0.387159 
-0.029465 
-0.249613 
-0.036144 
-0.086465 
-0.208592 
0.121894 
-0.060620 
0.466430 
-0.025407 
0.073166 
-0.177585 
-0.324559 
0.122395 
-0.054911 
0.057820 
-0.295646 
-0.578521 
-0.360703 
0.525069 
0.572831 
-0.744433 
-0.301069 
-0.120800 
0.985254 
-0.190107 
0.654300 
-0.175575 
0.179184 
-0.201659 
-0.170953 
-0.186504 
-0.010805 
-0.121318 
-0.050525 
0.578584 
-0.821298 
0.151773 
-0.024327 
-0.142219 
-0.097255 
0.055347 
0.059292 
-0.497238 
0.281205 
0.264428 
0.264594 
-0.162629 
0.041988 
-0.051259 
-0.083764 
-0.078246 
-0.064588 
-0.130711 
-0.435502 
-0.096572 
-0.016827 
0.158276 
0.208533 
-0.025010 
-0.042456 
0.017051 
-0.601579 
-0.159031 
-0.059963 
-0.226319 
-0.056974 
-0.360511 
-0.136480 
-0.200853 
0.001979 
0.642254 
0.490756 
1.008712 
-0.219718 
0.296771 
-0.205314 
0.143894 
-0.152162 
-0.437617 
-0.310174 
0.010453 
-0.044472 
0.467435 
0.029055 
-0.021774 
-0.329155 
-0.384081 
-0.401665 
0.089991 
0.977378 
-0.120128 
0.171366 
0.147635 
-0.185218 
0.073332 
0.275141 
0.548311 
0.180533 
-0.057354 
0.302260 
-0.080425 
-0.168907 
-0.260404 
0.250905 
0.267565 
-0.285150 
-0.228845 
0.765290 
0.308568 
0.125101 
-0.422390 
0.205169 
-0.294432 
0.120803 
0.339803 
-0.131170 
0.282975 
0.254989 
-0.423868 
-0.020051 
0.337182 
0.408089 
0.236173 
-0.011522 
0.620080 
-0.096787 
-0.590031 
-0.103987 
-0.130731 
0.029741 
0.089489 
0.084759 
-0.171514 
0.287111 
-0.409027 
-0.388891 
-0.022031 
-0.048761 
-0.120306 
-0.095923 
0.262287 
0.065231 
0.019352 
-0.091856 
-0.184039 
-0.213301 
0.072441 
-0.011010 
0.290708 
0.110756 
0.209176 
0.208786 
0.159420 
-0.113931 
0.012493 
-0.023629 
0.001996 
-0.152916 
-0.263077 
-0.244115 
-0.324152 
0.139322 
0.048609 
-0.010228 
0.080872 
0.039352 
-0.053398 
0.072650 
-0.436903 
-0.115350 
-0.272097 
-0.303635 
-0.304288 
-0.169421 
-0.002830 
-0.411729 
-0.240043 
-0.265873 
0.092111 
-0.030784 
-0.344695 
-0.209909 
-0.557669 
0.181802 
-0.192862 
-0.145947 
-0.340374 
-0.054682 
0.704445 
-0.193615 
-0.003505 
-0.378847 
-0.233672 
-0.198889 
-0.010067 
0.281687 
0.109834 
0.292249 
-0.332085 
-0.371053 
-0.105372 
-0.036456 
0.251644 
0.176686 
-1.092724 
-0.022677 
0.181279 
0.015292 
0.155392 
0.043963 
0.048013 
-0.231934 
-0.261128 
-0.096168 
-0.352824 
-0.271661 
1.011703 
-0.216112 
0.018907 
-0.400975 
-0.225837 
-0.133440 
0.085546 
-0.248557 
0.246323 
0.123755 
-0.146890 
1.083475 
0.187167 
-0.335847 
0.490941 
-0.092224 
-0.400546 
-0.207175 
-0.027469 
0.744779 
-0.122075 
-1.083757 
-0.983543 
0.345158 
-0.217928 
-0.224433 
-0.157785 
0.020215 
0.058117 
-0.051674 
-0.004321 
-0.580765 
-0.147616 
-0.012898 
0.002258 
-0.202106 
-0.006557 
-0.252871 
0.068022 
-0.005484 
-0.109317 
0.014870 
-0.364006 
-0.523027 
0.146832 
-0.271319 
0.374500 
0.341145 
-0.137547 
-0.112796 
0.237788 
0.025741 
0.060966 
-0.074693 
-0.038785 
0.331521 
-0.140458 
0.099232 
0.192575 
-0.023034 
-0.425724 
-0.173028 
-0.200333 
-0.121134 
-0.353536 
-0.317087 
0.465993 
-0.448641 
-0.443124 
-0.567749 
0.105210 
0.034102 
0.178326 
0.578649 
0.545691 
-0.067336 
-0.000399 
0.080087 
-0.161329 
0.272560 
-0.357279 
-0.205862 
-0.244636 
-0.227333 
-0.473841 
-0.205763 
-0.083740 
-0.036235 
0.162625 
-0.017087 
-0.107145 
-0.309460 
-0.176410 
-0.113416 
-0.208898 
-0.129663 
0.050300 
0.390852 
0.142065 
-0.276374 
-0.565788 
0.084592 
-0.741431 
-0.197868 
-0.070454 
0.111937 
-0.142706 
0.019776 
-0.056806 
0.053553 
-0.197548 
-0.268288 
-0.433897 
-0.307357 
-0.327185 
-0.038344 
0.254772 
-0.123016 
0.064842 
-0.076380 
-0.123288 
0.023969 
-0.186032 
0.269904 
-0.250808 
0.590756 
0.953266 
-0.137047 
-0.191134 
0.242880 
0.062688 
-0.203271 
-0.247468 
-0.088522 
-0.061178 
0.096622 
-0.323492 
0.011269 
-0.186910 
0.036740 
-0.088497 
0.424049 
-0.169946 
-0.275299 
-0.486589 
-0.091086 
0.253444 
0.336592 
0.869023 
0.221776 
0.218357 
0.140468 
0.204986 
-0.303758 
-0.319893 
-0.349567 
0.043137 
0.224468 
0.329198 
-0.219186 
-0.406660 
-0.539919 
-0.336285 
-0.368671 
0.419858 
-0.424505 
-0.157593 
-0.000558 
0.661249 
-0.158102 
0.191721 
-0.042222 
-0.067935 
-0.030075 
-0.155920 
-0.023072 
-0.018136 
-0.560553 
-0.302512 
-0.417841 
-0.169790 
-0.057848 
-0.233585 
-0.029053 
-0.067108 
-0.101489 
0.158525 
-0.256894 
-0.510571 
0.637431 
0.527285 
0.353616 
-0.093724 
0.209090 
0.600532 
0.122738 
-0.183941 
-0.119425 
-0.041148 
0.045556 
-0.487480 
-0.332741 
-0.135211 
-0.256107 
0.521273 
0.463897 
-0.307755 
0.077576 
-0.011989 
0.002995 
0.060480 
0.182217 
-0.405236 
0.229885 
-0.004091 
-0.410288 
0.207820 
0.005364 
-0.128259 
0.153943 
0.795395 
-0.341921 
-0.712298 
-0.576699 
0.039880 
0.029098 
-0.544967 
0.149074 
0.066577 
0.101060 
0.016638 
-0.063140 
-0.139656 
0.095753 
0.126480 
0.018931 
-0.025967 
0.092698 
-0.095403 
-0.125133 
0.127639 
0.100479 
0.083314 
0.789407 
-0.209185 
-0.148493 
0.047036 
0.057783 
0.111554 
0.034048 
0.084356 
-0.203930 
-0.018194 
0.020346 
1.022962 
0.563239 
-0.140388 
-0.186225 
-0.243806 
-0.076293 
0.247161 
-0.168706 
-0.070114 
-0.114849 
-0.232757 
0.341520 
0.065383 
-0.151190 
-0.131000 
-0.053065 
-0.442718 
-0.177748 
0.089020 
-0.349178 
-0.182970 
-0.195772 
-0.471215 
-0.068540 
-0.208067 
-0.148476 
-0.329875 
-0.036800 
-0.301798 
0.062135 
-0.149919 
-0.272491 
-0.278370 
0.239525 
-0.305220 
0.098832 
0.071466 
0.038201 
-0.352157 
-0.378740 
0.928864 
0.867154 
0.088864 
0.001171 
-0.149052 
-0.210300 
-0.116470 
-0.388812 
-0.162772 
-0.114623 
-0.071393 
0.291783 
-0.131141 
-0.382959 
-0.247586 
0.026994 
0.493391 
-0.040751 
-0.098498 
-0.179877 
-0.435534 
0.038869 
0.416542 
0.226705 
-0.067082 
-0.100878 
0.168898 
-0.108447 
-0.269112 
0.019622 
-0.259604 
-0.282448 
0.978964 
1.340130 
-0.113265 
-0.146728 
0.089551 
-0.481701 
-0.102560 
0.668575 
0.002540 
-0.470610 
-0.527915 
0.044795 
0.193426 
0.384600 
-0.062491 
-0.121487 
-0.113974 
-0.074409 
-0.437674 
-0.251623 
-0.511963 
-0.153705 
-0.286571 
-0.107854 
0.122087 
-0.002414 
-0.424427 
-0.331644 
0.505122 
-0.015971 
-0.115502 
-0.069112 
-0.154460 
-0.077101 
-0.291933 
-0.265428 
-0.682730 
-0.221301 
0.211222 
0.072508 
0.329532 
0.016833 
-0.007775 
-0.023090 
0.381217 
0.064521 
0.047043 
-0.053857 
-0.923790 
0.084600 
0.477352 
-0.180675 
0.021724 
1.422098 
0.082486 
0.223834 
-0.019170 
0.083459 
-0.434842 
0.139749 
-0.064426 
0.585345 
0.101063 
-0.060118 
0.162565 
-0.029844 
0.147310 
-0.036670 
-0.661626 
-0.278629 
-0.333684 
-0.439881 
-0.060943 
-0.719819 
-0.668174 
0.197141 
0.030639 
1.219597 
0.430307 
-0.124599 
0.419269 
-0.191438 
-0.196746 
-0.055225 
-0.153866 
-0.377889 
-0.233072 
-0.531533 
-0.133212 
-0.073961 
-0.049148 
-0.051735 
-0.118273 
-0.393152 
-0.329168 
-0.535431 
0.159835 
0.008793 
-0.063278 
-0.394756 
0.025743 
-0.014891 
0.023068 
0.225113 
1.069354 
-0.389215 
0.092151 
-0.059978 
0.114743 
-0.108516 
-0.317922 
-0.275551 
-0.975827 
-0.129333 
0.481289 
0.322632 
0.252587 
-0.866713 
-0.382217 
-0.297592 
0.033235 
0.525862 
-0.273061 
-0.071669 
-0.071963 
-0.187480 
-0.315655 
0.912021 
0.252410 
-0.363267 
0.178538 
-0.331117 
0.014771 
-0.194495 
-0.290995 
-0.444805 
-0.691312 
0.071809 
-0.112695 
-0.529332 
0.175036 
0.148829 
-0.119406 
-0.262403 
0.227722 
-0.341275 
-0.173164 
0.086837 
0.184280 
-0.198855 
-0.310717 
0.635849 
0.076973 
-0.126142 
0.329611 
0.069493 
0.157025 
-0.081230 
0.427387 
-0.025339 
0.222246 
0.117203 
0.256093 
-0.319517 
0.374025 
0.645393 
0.945523 
0.379960 
0.496173 
0.094020 
0.109654 
0.045584 
-0.150325 
0.547503 
0.513501 
1.319212 
0.008354 
0.243257 
0.017315 
0.745092 
1.160560 
0.272175 
-0.162383 
0.320335 
-0.033408 
-0.558972 
-0.283734 
-0.660856 
-0.140605 
-0.018418 
-0.155358 
-0.728950 
0.432291 
0.191859 
0.207496 
0.355201 
0.254029 
-0.260546 
-0.227110 
-0.337869 
-0.352076 
-0.135937 
0.104141 
-0.065831 
0.249605 
0.237366 
-0.079581 
-0.102122 
0.226774 
0.664380 
0.671611 
-0.144957 
-0.035225 
-0.023012 
-0.480064 
-0.568933 
-0.478342 
-0.671256 
-0.299149 
-0.541590 
-0.067740 
-0.129135 
0.478757 
-0.135373 
0.182789 
0.057039 
-0.476349 
-0.241667 
0.019557 
0.121701 
0.312926 
0.026858 
-0.526561 
-0.469562 
-0.019352 
0.412409 
-0.300762 
0.170506 
-0.077291 
0.823365 
0.522228 
0.368717 
0.616239 
0.061682 
0.038101 
0.492600 
-0.626988 
-0.040711 
-0.194647 
-0.152454 
-0.131821 
0.012968 
-0.083504 
0.734126 
0.154582 
0.053783 
-0.174167 
0.226726 
0.550781 
0.148519 
-0.176488 
-0.049162 
-0.059295 
0.260996 
0.161487 
0.103131 
0.422829 
-0.109183 
0.219238 
0.325150 
0.068120 
-0.392060 
-0.302191 
-0.033847 
-0.124113 
-0.085806 
-0.258350 
-0.032913 
-0.381883 
-0.049636 
1.578496 
0.556589 
0.135250 
-0.111547 
0.311686 
-0.386598 
0.095282 
-0.086790 
-0.550717 
0.373762 
-0.048938 
-0.329665 
-0.233139 
-0.247286 
-0.132658 
-0.539074 
0.098309 
-0.064962 
-0.407015 
-0.331368 
-0.029270 
0.535671 
0.279422 
0.233394 
0.295866 
0.007805 
-0.642499 
-0.216608 
0.965162 
0.008483 
-0.032696 
-0.060839 
1.075732 
0.969086 
0.088248 
0.106226 
-0.197511 
-0.183403 
-0.299017 
-0.303926 
-0.062404 
-0.115227 
-0.042762 
-0.055137 
0.009346 
0.028588 
0.092903 
0.100425 
0.172918 
0.140840 
-0.071879 
-0.084502 
1.237117 
1.274372 
0.091061 
-0.094314 
0.432386 
0.438768 
0.065107 
-0.242941 
-0.005662 
0.123466 
-0.107243 
0.454083 
0.152780 
0.016641 
-0.051670 
1.310347 
0.089471 
0.193728 
0.103193 
0.092737 
-0.047324 
0.125614 
0.002984 
-0.340755 
-0.259386 
-0.011911 
0.149257 
0.373520 
-0.342569 
-0.592980 
-0.254477 
-0.016550 
0.069233 
0.071134 
-0.159207 
0.200774 
0.223468 
0.113718 
-0.050425 
-0.001370 
-0.142540 
0.115624 
-0.193787 
0.094238 
-0.107780 
-0.242394 
-0.164448 
1.202802 
-0.222736 
-0.213074 
-0.651593 
0.087752 
-0.145292 
0.336395 
-0.318232 
0.607157 
0.904450 
0.143303 
0.212381 
-0.153776 
0.001328 
0.630525 
-0.068851 
0.607443 
-0.120836 
-0.146233 
-0.086142 
-0.084737 
-0.068230 
-0.112985 
0.039026 
-0.174990 
-0.360851 
-0.274477 
0.129802 
-0.317149 
-0.160779 
-0.139214 
-0.332758 
0.143323 
-0.416052 
-0.453981 
-0.070810 
-0.580683 
-0.013499 
0.639840 
0.631503 
0.267325 
-0.185804 
0.417145 
0.432846 
-0.155259 
0.419505 
-0.210127 
0.129670 
-0.296301 
0.080843 
0.349062 
-0.682448 
0.022832 
0.750691 
1.140847 
-0.177731 
0.023309 
1.325210 
0.275275 
-0.286849 
-0.259108 
-0.006772 
-0.226575 
0.052551 
0.140249 
-0.687277 
0.158152 
-0.008993 
-0.603820 
0.235388 
-0.305303 
-0.438037 
-0.285581 
0.282687 
-0.362485 
0.186839 
-0.042370 
0.092087 
-0.080370 
-0.462502 
-0.416722 
-0.787094 
-0.572989 
0.169713 
0.491772 
0.681370 
0.780923 
0.121218 
0.309585 
0.150687 
-0.011354 
-0.072710 
-0.173633 
0.188588 
-0.300944 
-0.395101 
-0.395768 
-0.086308 
-0.039160 
-0.082760 
-0.669233 
-0.703779 
-0.191381 
-0.156386 
-0.286001 
-0.067172 
-0.204679 
-0.005156 
-0.069338 
0.027427 
0.149738 
-0.049398 
-0.236398 
-0.375082 
-0.361254 
-0.447291 
-0.382811 
-0.078485 
-0.008934 
-0.113564 
0.065497 
0.921943 
0.343145 
0.114560 
-0.263701 
-0.016078 
-0.096963 
0.481135 
0.445666 
1.178479 
-0.393957 
-0.017634 
-0.113002 
-0.161329 
0.104780 
-0.078883 
-0.196147 
0.588428 
-0.139360 
-0.194317 
0.050584 
-0.426466 
-0.026761 
0.231380 
0.215944 
-0.178780 
-0.266379 
0.103890 
-0.191975 
-0.202348 
-0.056659 
0.107837 
0.152369 
-0.121906 
-0.680168 
-0.151043 
-0.272617 
-0.248983 
-0.318538 
0.225187 
-0.053909 
0.062569 
0.269513 
0.559276 
0.030638 
-0.160629 
-0.403167 
-0.051023 
-0.076241 
-0.151716 
0.204149 
0.486511 
0.428389 
0.142979 
-0.338008 
-0.460446 
0.127460 
-0.156548 
0.125772 
-0.548515 
-0.653064 
-0.118983 
0.500792 
-0.333803 
0.044544 
-0.672404 
0.143091 
0.173270 
0.324671 
0.652481 
-0.059462 
0.929930 
0.142781 
0.315029 
-0.228115 
-0.399135 
-0.486308 
-0.181364 
0.458370 
0.862077 
0.078207 
0.286637 
-0.124820 
0.011498 
0.001949 
1.450622 
1.254926 
0.366073 
0.079609 
-0.087768 
-0.145855 
-0.148959 
-0.003688 
-0.073163 
0.045504 
0.055557 
0.343779 
-0.215506 
0.021898 
0.023364 
0.524699 
0.738368 
-0.007460 
-0.337687 
-0.103769 
0.228019 
0.214976 
0.019734 
0.002526 
0.019334 
-0.145153 
0.510109 
0.160535 
0.282023 
0.160335 
-0.277297 
-0.213096 
-0.272351 
0.263482 
-0.605342 
0.046514 
0.269521 
-0.073637 
-0.071711 
0.859950 
-0.146109 
0.525233 
-0.164930 
-0.101928 
-0.716651 
-0.073069 
-0.151036 
1.523580 
0.129255 
0.368771 
-0.327372 
0.119493 
0.200791 
-0.120856 
-0.371649 
-0.031574 
0.179834 
-0.203390 
-0.300662 
-0.147351 
-0.107946 
0.269529 
0.171605 
0.195982 
-0.450488 
0.781682 
0.300447 
-0.304064 
0.244688 
0.011263 
0.044672 
-0.247945 
-0.022465 
0.191403 
-0.267572 
-0.302522 
-0.477909 
-0.314411 
-0.736934 
0.264946 
-0.159246 
0.217970 
0.463732 
0.077710 
-0.223089 
0.788185 
-0.248154 
-0.075124 
0.382689 
-0.688577 
-0.244164 
-0.263879 
-0.083646 
0.164947 
0.313396 
0.101035 
-0.021029 
0.160103 
0.072124 
-0.001107 
0.066758 
0.019280 
-0.580082 
-0.069861 
0.771861 
0.032604 
0.284961 
-0.657628 
-0.111602 
0.044020 
0.369163 
0.228349 
0.200075 
0.202173 
-0.173359 
0.294328 
-0.413683 
0.491836 
0.052693 
0.064262 
-0.228863 
-0.042754 
-0.800292 
0.223647 
-0.237100 
0.183618 
0.594137 
0.150027 
-0.463469 
0.380100 
0.129552 
0.048772 
-0.084667 
-0.142286 
0.076408 
0.555818 
-0.319518 
0.687029 
-0.383926 
0.429621 
0.398725 
0.166454 
-0.163139 
0.232277 
0.296383 
-0.559171 
0.973768 
-0.287083 
-0.209494 
0.609524 
0.036429 
0.001403 
-0.740739 
0.057577 
0.237354 
-0.120578 
-0.194097 
-0.038564 
0.469731 
-0.625524 
0.010727 
-0.391190 
-0.146615 
0.155063 
0.039041 
-0.391604 
0.005997 
0.101386 
-0.830834 
-0.125017 
0.037017 
-0.788377 
0.346171 
0.233038 
0.324540 
0.062510 
0.048369 
-0.130536 
-0.666476 
0.350175 
0.506696 
-0.065822 
0.182926 
-0.012289 
-0.268401 
-0.182419 
-0.332303 
0.147132 
0.708495 
0.991551 
0.112546 
0.529417 
-0.017822 
-0.177360 
0.020374 
-0.380288 
-0.334587 
0.157052 
0.016386 
0.193676 
0.611286 
0.465690 
-0.281906 
-0.283594 
0.099456 
0.383669 
0.036354 
-0.739402 
-0.382244 
0.048200 
0.362556 
1.154283 
0.519029 
-0.289380 
-0.170279 
-0.284602 
0.014582 
0.197358 
-0.097220 
0.174975 
1.273338 
0.153644 
-0.612987 
-0.023122 
-0.167028 
0.391453 
-0.325778 
-0.079955 
0.743214 
-0.447862 
0.154646 
-0.574950 
-0.296078 
0.037859 
0.518572 
-0.676364 
-0.557986 
0.041846 
0.277780 
0.063020 
-0.083183 
-0.257904 
-0.075021 
-0.162636 
-0.030424 
-0.025326 
0.074686 
-0.156064 
-0.011237 
-0.337792 
-0.396464 
0.532559 
0.333930 
0.293483 
0.483773 
-0.847184 
-0.332709 
-0.099556 
-0.112494 
-0.188811 
0.089266 
0.209561 
-0.355952 
-0.778911 
0.099382 
-0.179717 
0.452899 
-0.284704 
-0.040795 
0.372803 
0.210406 
0.202557 
-0.291560 
0.290504 
-0.198422 
0.096787 
0.179357 
-0.002879 
-0.089674 
0.352222 
-0.640190 
0.069450 
0.012626 
-0.049818 
1.346308 
1.133039 
-0.000559 
0.848955 
0.089537 
-0.341106 
-0.111457 
-0.232039 
-0.104145 
-0.176959 
-0.027280 
-0.027795 
-0.147491 
-0.249547 
-0.046428 
-0.470855 
1.290609 
0.147343 
0.205355 
0.117803 
0.121578 
0.272630 
0.222072 
0.004800 
-0.006574 
1.224504 
0.723435 
-0.074985 
0.304744 
-0.058495 
-0.067760 
0.656151 
-0.008629 
-0.094279 
0.183376 
-0.069198 
0.363721 
0.017794 
0.287881 
-0.128206 
-0.018803 
-0.085769 
-0.067646 
0.306722 
-0.091543 
0.151110 
0.106195 
-0.056432 
0.013057 
-0.216411 
0.330849 
0.620019 
0.502032 
-0.480507 
0.927605 
0.620079 
-0.318927 
-0.286937 
0.033408 
-0.146302 
0.138525 
-0.273451 
-0.177343 
0.032249 
0.051188 
0.463877 
-0.079517 
0.564252 
0.348879 
-0.183271 
-0.206149 
-0.023796 
-0.458216 
-0.445560 
-0.173830 
-0.026221 
0.075956 
0.213584 
0.045408 
-0.038093 
0.058323 
-0.103946 
0.034606 
0.001981 
0.013938 
-0.175008 
0.205132 
0.393063 
0.328013 
-0.123501 
-0.069492 
-0.424848 
-0.075840 
-0.361721 
0.867821 
-0.005001 
-0.628129 
-0.572038 
0.082631 
0.023015 
0.184486 
-0.049484 
0.156628 
-0.108314 
-0.232461 
1.318005 
-0.218139 
-0.129798 
0.217804 
0.062566 
0.830081 
-0.071616 
0.320356 
-0.826786 
-0.272834 
1.301702 
0.414582 
-0.009696 
0.585350 
0.656244 
-0.057148 
0.008318 
0.298256 
-0.108629 
-0.099440 
0.095027 
0.089060 
-0.222799 
-0.128720 
0.180290 
0.261827 
-0.011361 
0.011386 
0.192578 
-0.258177 
0.124372 
-0.657464 
0.075992 
-1.108864 
-0.747082 
-0.111264 
-0.085780 
0.306544 
0.658807 
0.133540 
-0.059564 
-0.680905 
-0.089110 
-0.359507 
1.255126 
0.091873 
0.041617 
-0.112058 
-0.169997 
0.065248 
1.151266 
0.284765 
-0.485306 
-0.327311 
-0.290337 
-0.054660 
-0.014838 
0.097927 
-0.204018 
0.053232 
0.132606 
-0.342828 
-0.080555 
-0.217283 
-0.401200 
-0.619732 
-0.701818 
0.669015 
1.040088 
-0.057980 
-0.472386 
0.129055 
-0.233957 
-0.486505 
-0.149117 
-0.223616 
0.016960 
-0.304326 
-0.269461 
-0.121776 
-0.478906 
-0.436381 
0.119286 
0.255937 
-0.531756 
0.004114 
-0.194784 
-0.011585 
0.084648 
0.375127 
-1.030535 
-0.051228 
0.203051 
-0.200923 
-0.222341 
0.277473 
0.166833 
0.239003 
-0.135459 
-0.060444 
0.158184 
0.050592 
-0.102192 
-0.049484 
-0.035244 
-0.022957 
-0.040105 
0.004530 
-0.107615 
0.083086 
0.596525 
-0.747380 
-0.468634 
0.136349 
-0.032030 
-0.366745 
0.926688 
0.022892 
-0.007202 
0.112679 
0.129423 
0.014050 
-0.132880 
-0.010456 
0.027553 
-0.075354 
0.148956 
-0.196929 
0.450383 
0.124895 
0.065976 
-0.045129 
-0.044206 
0.058245 
-0.357524 
-0.199680 
-0.118810 
-0.575701 
-0.592717 
-0.063066 
-0.244423 
0.174221 
-0.201150 
0.052152 
-0.007952 
-0.075669 
-0.272798 
0.150121 
-0.109911 
-0.275448 
-0.184970 
1.423429 
0.578010 
0.549036 
-0.203612 
-0.425117 
-0.148492 
-0.005499 
-0.596542 
-0.013113 
-0.041676 
0.015121 
-0.190409 
-0.387531 
0.051964 
-0.032284 
-0.211166 
-0.251040 
-0.281054 
-0.213372 
-0.580394 
-0.254627 
-0.491725 
1.395142 
0.243044 
-0.211690 
-0.079387 
-0.039090 
0.174678 
0.382095 
0.398403 
0.128135 
-0.451298 
0.059377 
-0.134275 
-0.267289 
-0.206766 
0.066789 
0.119052 
0.133576 
0.207629 
-0.271871 
0.130104 
0.564414 
0.227815 
-0.142025 
-0.159672 
0.917922 
0.455294 
-0.173858 
-0.249566 
-0.210578 
-0.368660 
-0.066230 
-0.027345 
1.446751 
0.070737 
0.085651 
0.103515 
0.454401 
0.534924 
0.000336 
-0.398377 
-0.130036 
-0.600726 
0.823683 
0.102382 
0.156910 
1.229349 
-0.298854 
-0.045472 
-0.225742 
-0.239179 
-0.182792 
-0.535807 
-0.286955 
-0.262758 
0.586283 
0.202693 
0.080572 
-0.009659 
-0.519994 
-0.289025 
-0.234748 
-0.213914 
0.255048 
0.311739 
-0.557580 
0.283920 
0.337264 
0.464009 
-0.243804 
-0.255595 
-0.028782 
-0.166971 
0.589218 
0.187904 
0.493006 
0.202967 
0.208781 
0.110703 
0.585072 
0.314040 
-0.192405 
-0.112040 
0.121834 
-0.098917 
-0.389095 
-0.008211 
0.183293 
-0.077033 
-0.015963 
0.014355 
0.124730 
0.256335 
0.890013 
0.123712 
-0.176029 
-0.109427 
-0.724789 
-0.211389 
-0.228785 
-0.076614 
0.405664 
0.284979 
0.700660 
-0.033182 
-0.043551 
-0.103517 
-0.066376 
-0.731525 
-0.407408 
0.172711 
0.213997 
0.785033 
0.012740 
1.098985 
-0.213990 
-0.822181 
0.065783 
-0.396496 
-0.212755 
-0.361567 
0.092617 
-0.110752 
0.049510 
0.174583 
0.265233 
-0.094162 
0.062590 
-0.002920 
-0.118092 
-0.034109 
0.019867 
-0.356635 
-0.138277 
-0.692419 
-0.194449 
-0.270931 
-0.311345 
0.281129 
0.239723 
-0.212407 
0.508294 
0.186126 
0.067672 
0.038746 
-0.411613 
-0.063486 
-0.583226 
-0.288392 
-0.330484 
0.038889 
-0.025346 
0.005285 
-0.374680 
-0.360156 
-0.293808 
-0.258469 
-0.116702 
0.201268 
-0.089377 
-0.592415 
0.192165 
-0.212366 
0.531253 
0.528727 
-0.020864 
-0.177223 
-0.105497 
0.070068 
0.306875 
0.137485 
0.193728 
0.116728 
0.118150 
0.162463 
0.374198 
0.070270 
0.368362 
-0.620298 
0.699977 
-0.314754 
0.194178 
-0.138928 
-0.296113 
0.243590 
1.493178 
-0.077570 
-0.400689 
0.026053 
-0.349481 
-0.296682 
-0.310912 
-0.106827 
-0.031412 
-0.276743 
-0.306058 
-0.591669 
0.038874 
0.243697 
-0.039141 
-0.037728 
-0.280819 
-0.052752 
-0.133295 
-0.180040 
-0.192763 
-0.066083 
-0.002235 
-0.198122 
-0.344550 
-0.188735 
-0.738052 
-0.287051 
-0.583327 
0.249293 
0.241346 
-0.336827 
0.253543 
0.133707 
0.283813 
-0.146907 
-0.209566 
-0.030137 
-0.164107 
0.049149 
0.666633 
-0.470054 
-0.079712 
-0.262840 
-0.479228 
0.233691 
0.197099 
-0.005829 
0.572522 
1.293128 
1.246033 
0.601541 
0.385665 
-0.225041 
0.247593 
-0.153033 
-0.072538 
-0.148046 
0.226442 
-0.475043 
-0.125541 
-0.055830 
0.143024 
0.293598 
0.170846 
-0.487134 
-0.202297 
-0.269426 
-0.133954 
-0.499178 
-0.271454 
-0.210078 
0.022867 
-0.230282 
-0.037327 
0.078275 
0.319246 
-0.465250 
-0.291062 
0.043689 
-0.156354 
0.138037 
-0.001250 
-0.940154 
0.139168 
-0.124377 
-0.241046 
-1.016847 
-0.451538 
-0.656577 
-0.279776 
-0.042974 
-0.020526 
-0.101391 
0.576090 
0.178830 
-0.259612 
0.425384 
-0.122075 
0.160493 
-0.541414 
-0.472384 
0.057574 
-0.194244 
0.415497 
-0.008100 
0.139724 
-0.208219 
-0.212194 
0.201163 
-0.076087 
-0.265156 
-0.311056 
-0.042869 
0.050574 
-0.052016 
-0.496491 
0.081356 
0.134754 
-0.530021 
0.681824 
-0.496287 
-0.082434 
-0.015590 
-0.000795 
-0.048475 
0.818250 
-0.106214 
-0.456453 
0.317156 
-1.024415 
-0.106789 
-0.327000 
-0.843386 
0.386441 
-0.048671 
0.189546 
0.684030 
0.278440 
0.161228 
0.091783 
0.228394 
-0.356059 
0.751483 
-0.137173 
-0.504822 
-0.342820 
-0.066225 
-0.261494 
-0.281703 
-0.412938 
-0.315498 
-1.116578 
-0.052341 
-0.146578 
-0.593126 
-0.037113 
-0.213674 
-0.067643 
-0.068847 
-0.119066 
-0.085549 
0.067745 
0.035260 
0.039908 
0.861621 
1.363544 
1.273010 
0.437578 
0.757555 
0.781030 
0.091020 
0.079270 
-0.112933 
-0.017180 
0.211934 
0.128124 
-0.417663 
-0.267728 
0.653105 
0.349239 
-0.518099 
-0.223803 
-0.212695 
0.522062 
0.062433 
-0.212113 
0.163425 
0.056636 
-0.289677 
-0.487121 
-0.469959 
0.092475 
0.013159 
0.192091 
-0.045805 
-0.093754 
0.101177 
-0.026167 
-0.059305 
-0.377354 
-0.592122 
-0.210464 
0.421228 
0.167757 
0.217464 
0.398782 
0.832701 
0.107414 
-0.145653 
0.389871 
0.363375 
0.003440 
0.312885 
1.487581 
0.066328 
0.252587 
0.594076 
0.164696 
-0.110138 
-0.529118 
-0.409394 
-0.005183 
-0.533416 
-0.455873 
0.011875 
-0.495926 
0.260840 
0.215850 
0.009459 
0.050510 
-0.003750 
-0.083083 
-0.082333 
0.298177 
0.184327 
0.122016 
-0.060815 
-0.184331 
-0.174029 
-0.057623 
-0.262158 
-0.100052 
0.011420 
-0.222741 
0.015168 
-0.214120 
0.314947 
-0.220599 
0.762916 
0.365684 
-0.031712 
-0.704860 
0.298537 
0.057975 
-0.351092 
-0.368207 
-0.293830 
-0.995659 
1.130346 
-0.085648 
0.757030 
0.089219 
0.281416 
0.075400 
0.588380 
0.007976 
0.465635 
-0.180636 
-0.624418 
-0.119090 
-0.075254 
-0.120099 
0.029172 
0.217575 
0.033284 
-0.278327 
-0.482254 
-0.123472 
-0.254414 
-0.158700 
-0.062033 
0.071922 
0.212475 
-0.498128 
0.146368 
0.002486 
0.031144 
0.017827 
-0.384276 
-0.113138 
-0.246799 
0.020222 
-0.050151 
-0.132875 
0.002877 
-0.067729 
-0.705213 
-0.087554 
0.048470 
0.123339 
1.166155 
1.705006 
-0.000085 
0.258612 
0.273567 
-0.138475 
0.429655 
-0.512235 
-0.121064 
-0.092708 
-0.462375 
-0.103738 
0.095375 
-0.078430 
-0.310498 
-0.077958 
-0.598286 
-0.048019 
-0.156988 
-0.109692 
0.042177 
0.251453 
0.505522 
-0.017274 
-0.261064 
-0.268454 
-0.077865 
-0.173949 
-0.023875 
-0.317954 
-0.282838 
-0.303169 
0.360797 
-0.144941 
0.013062 
-0.039780 
-0.449559 
-0.007892 
0.033470 
-0.043326 
0.303595 
-0.060989 
0.259152 
0.120034 
0.182443 
-0.204758 
-0.173983 
-0.161387 
0.081187 
-0.094134 
-0.129782 
-0.727970 
-0.011889 
-0.271007 
-0.316505 
-0.146332 
-0.171559 
-0.396658 
-0.034042 
0.016435 
-0.505167 
-0.388562 
-0.057949 
0.330379 
0.016171 
0.128560 
0.691132 
-0.417907 
-0.160496 
0.164515 
0.060330 
-0.435084 
0.162687 
0.081248 
-0.136580 
-0.587031 
-0.139178 
-0.406604 
0.366767 
-0.288884 
-0.309201 
0.028321 
-0.228269 
0.007524 
0.024385 
-0.181242 
-0.265679 
-0.016998 
-0.046648 
0.249542 
-0.086532 
-0.097331 
-0.409293 
-0.426547 
-0.341808 
-0.062065 
-0.325614 
-0.134855 
0.364055 
-0.196149 
-0.183165 
-0.090987 
0.107412 
0.450923 
0.181677 
-0.218684 
0.181103 
0.598466 
-0.152987 
0.201403 
0.140294 
0.577742 
1.373611 
-0.041609 
0.063326 
0.462272 
0.517652 
0.221158 
0.040220 
-0.120768 
-0.297030 
0.164492 
0.058453 
-0.152465 
-0.255152 
0.172926 
-0.266052 
-0.370016 
0.006756 
-0.538601 
0.234908 
-0.105973 
-0.029202 
-0.134158 
0.153868 
0.378305 
-0.376419 
-0.346486 
-0.072924 
0.863986 
0.412574 
0.866349 
0.949890 
0.441910 
0.024550 
0.320163 
0.654961 
-0.158968 
-0.055063 
-0.237578 
-0.210428 
-0.096225 
-0.232278 
0.277426 
0.015737 
0.951600 
0.324926 
-0.034292 
-0.293641 
-0.479646 
0.057680 
0.482233 
0.418563 
-0.982578 
-0.327906 
0.250419 
0.445295 
0.250312 
-0.036344 
-0.088311 
0.179358 
0.295618 
0.032454 
1.619871 
1.192140 
-0.139934 
-0.116362 
0.109127 
-0.031508 
-0.287127 
-0.026898 
-0.032095 
-0.380202 
-0.067596 
-0.410231 
-0.538684 
-0.263191 
0.029622 
-0.079319 
0.129736 
-0.040818 
0.727123 
-0.712294 
-0.068358 
0.062327 
-0.144073 
0.105364 
0.968963 
-0.234276 
0.137521 
-0.020284 
-0.062854 
-0.084742 
-0.253139 
-0.047444 
-0.375418 
0.036673 
0.050486 
-0.026904 
-0.051444 
0.210637 
-0.115217 
0.003747 
-0.113761 
-0.379824 
-0.096417 
0.119627 
-0.551116 
0.071552 
-0.372650 
-0.118734 
-0.210050 
-0.034358 
-0.158734 
-0.332684 
-0.153100 
-0.821137 
-0.166780 
-0.031052 
-0.131127 
-0.318070 
-0.072269 
0.533142 
0.379055 
0.122857 
-0.125534 
-0.326707 
-0.093871 
0.009983 
1.004853 
0.348166 
-0.101794 
-0.537862 
-0.533860 
-0.068127 
0.645037 
0.162214 
-0.096009 
-0.358722 
-0.008260 
-0.123538 
-0.361483 
-0.002581 
0.704715 
-0.207626 
0.013026 
0.337844 
0.091892 
0.118523 
-0.487238 
-0.614231 
-0.220768 
-0.155727 
0.167851 
-0.497325 
0.946638 
0.002431 
0.025963 
0.128370 
-0.021875 
-0.057968 
-0.165915 
-0.276621 
0.159300 
0.035719 
0.166199 
-0.061330 
-0.518950 
-0.162009 
0.520069 
1.122484 
0.159828 
0.310527 
0.194378 
-0.329723 
0.196170 
-0.145845 
-0.255558 
-0.063859 
0.256360 
-0.252653 
-0.346438 
-0.112428 
-0.091046 
-0.427081 
-0.245665 
-0.141667 
0.143076 
-0.208712 
0.161431 
-0.114150 
-0.174528 
-0.201746 
-0.198210 
-0.165364 
0.016719 
1.187328 
-0.393183 
-0.547075 
-0.150457 
0.286703 
0.273420 
-0.107577 
0.381244 
0.070620 
-0.190805 
-0.334971 
-0.148989 
0.472726 
0.892144 
0.272845 
0.351472 
-0.078596 
-0.382109 
0.213488 
0.212381 
0.015199 
-0.186834 
0.514224 
-0.533445 
-0.463773 
-0.187629 
0.232863 
-0.074531 
0.143228 
-0.082684 
-0.196330 
-0.256272 
0.484809 
0.618180 
-0.625690 
-0.322984 
-0.217408 
-0.419951 
-0.352154 
-0.124903 
0.790982 
0.153715 
0.056520 
-0.312733 
-0.347283 
1.035257 
-0.031246 
0.495298 
0.289619 
-0.341020 
-0.052852 
0.287516 
-0.044129 
0.119897 
-0.079684 
-0.109647 
-0.026476 
-0.436085 
-0.159208 
0.015937 
1.131666 
-0.035301 
0.409734 
-0.354113 
0.074471 
-0.115417 
-0.111069 
0.158793 
-0.239494 
-0.318721 
-0.114623 
0.445386 
0.467535 
0.112731 
-0.290902 
0.055979 
0.289068 
0.282476 
0.031848 
-0.318401 
-0.278289 
-0.091849 
0.530679 
-0.049308 
-0.248886 
-0.422690 
0.065515 
-0.107512 
0.133206 
-0.047543 
-0.225661 
1.245289 
-0.054919 
-0.087512 
0.114276 
0.265087 
-0.175108 
-0.507632 
0.008328 
-0.259734 
0.097106 
-0.175005 
-0.251618 
0.130095 
-0.266492 
0.199045 
0.467653 
0.262872 
-0.088566 
-0.198615 
-0.009468 
-0.040902 
-0.128116 
0.186357 
-0.150788 
-0.100575 
0.051032 
-0.054159 
-0.008304 
0.260586 
0.273518 
0.139828 
-0.009468 
0.291849 
0.111719 
0.334221 
0.255628 
0.039206 
0.239024 
-0.018611 
0.101136 
0.180467 
-0.203851 
-0.253587 
0.092575 
0.566984 
0.078119 
0.611491 
0.621062 
0.587473 
0.103901 
0.162939 
-0.244626 
-0.297772 
-0.035459 
-0.134265 
0.187797 
0.060461 
-0.509584 
-0.127245 
0.004548 
0.050655 
0.088652 
0.128556 
0.071442 
-0.272398 
-0.303167 
-0.145185 
0.159482 
1.349480 
1.584836 
-0.100445 
-0.132857 
-0.113401 
0.342147 
0.082376 
0.341248 
-0.336929 
-0.198258 
0.121159 
-0.000528 
-0.253304 
0.237383 
-0.858318 
0.060294 
-0.527071 
0.084577 
-0.108194 
0.267602 
-0.298011 
0.329834 
-0.486391 
-0.115258 
-0.010543 
-0.251984 
0.060990 
-0.004889 
-0.546856 
-0.547661 
0.477836 
-0.117833 
-0.069290 
0.093454 
0.284817 
0.128508 
0.634543 
0.164801 
0.170272 
0.270545 
-0.005233 
-0.674520 
-0.522038 
-0.076300 
-0.584551 
-0.340582 
0.319876 
0.225821 
-0.123625 
0.034698 
0.329041 
0.385157 
0.273564 
-0.079042 
0.610279 
-0.214960 
-0.073935 
-0.159582 
-0.058697 
0.195141 
-0.273470 
0.201508 
0.175522 
-0.488012 
0.202493 
-0.137553 
0.359396 
0.283789 
1.504143 
-0.755529 
-0.849106 
-0.342332 
-0.507335 
-0.190405 
-0.303697 
-0.017333 
-0.123791 
0.171223 
-0.322595 
0.132717 
-0.236518 
-0.073661 
0.037911 
0.274518 
-0.104935 
-0.019425 
-0.041161 
-0.255587 
-0.260250 
0.109955 
-0.153061 
-0.221836 
-0.508582 
0.507624 
0.159805 
-0.042826 
0.130612 
-0.074132 
-0.582111 
0.291309 
-0.320302 
0.015312 
0.214437 
-0.444880 
-0.606033 
-0.222228 
-0.661662 
-0.520184 
0.530292 
0.358674 
-0.250594 
0.207526 
-0.018055 
0.011024 
-0.069534 
0.342738 
-0.535718 
0.488959 
0.266489 
0.279086 
-0.459863 
-0.815824 
1.222897 
0.134065 
0.491890 
-0.020541 
-0.234933 
-0.957994 
-0.173827 
-0.787898 
-0.289316 
-0.104952 
0.012241 
-0.808649 
-0.748971 
0.235604 
-0.145307 
0.142786 
0.221452 
-0.755808 
0.289613 
0.197314 
-0.026411 
0.022501 
-0.128129 
-0.038036 
0.150627 
-0.042480 
-0.163383 
0.205620 
-0.448681 
-0.529900 
-0.506445 
-0.365136 
-0.142530 
-0.241792 
-0.018191 
-0.173491 
0.308539 
-0.475503 
0.241799 
0.172350 
0.132749 
-0.095943 
0.038497 
0.015110 
-0.090881 
-0.046994 
-0.352095 
-0.083522 
-0.312027 
-0.142517 
0.428362 
0.432071 
0.689098 
-0.702635 
0.138103 
0.067836 
0.143005 
-0.162951 
0.085885 
0.430145 
-0.008127 
0.086915 
-0.321363 
0.198456 
0.017617 
-0.089046 
-0.052696 
-0.034034 
-0.046553 
-0.223358 
0.080942 
0.163385 
-0.415202 
-1.018252 
-0.066964 
-0.168161 
0.062419 
-0.106227 
0.032967 
-0.195421 
-0.255621 
0.167563 
0.351308 
0.231692 
-0.604428 
-0.562146 
0.290012 
-0.098674 
-0.064948 
0.032846 
0.188590 
-0.205025 
-0.158370 
-0.167878 
-0.052776 
0.337466 
-0.017030 
-0.054452 
-0.038041 
0.039883 
-0.096294 
1.106847 
0.457795 
0.166623 
0.108050 
-0.443236 
-0.330153 
-0.081863 
0.251536 
-0.145819 
-0.572635 
-0.313506 
-0.292780 
0.253687 
-0.164133 
0.000361 
-0.102995 
-0.131454 
-0.236931 
-0.060031 
-0.075195 
0.226424 
-0.142193 
0.139556 
-0.645491 
-0.142405 
0.349019 
-0.272570 
-0.346520 
0.202635 
-0.249323 
-0.331038 
0.140084 
0.013108 
-0.046545 
-0.265719 
-0.260220 
-0.216567 
-0.334651 
-0.405134 
-0.385704 
0.230013 
-0.221827 
-0.550196 
-0.544554 
-0.463050 
0.151589 
-0.146012 
-0.017388 
-0.225631 
0.321748 
0.245677 
0.145347 
-0.051069 
0.305329 
-0.525845 
0.129148 
0.005784 
0.060011 
-0.566415 
-0.391673 
-0.104570 
0.375663 
0.962999 
0.561805 
-0.138373 
-0.078184 
-0.212772 
-0.294985 
-0.344384 
0.293352 
0.585466 
0.008672 
0.100852 
0.559433 
0.115471 
0.306063 
-0.122794 
-0.087273 
-0.152750 
-0.363352 
0.180904 
0.462273 
0.967504 
-0.095433 
-0.556572 
-0.155561 
-0.860257 
-0.077626 
-0.560316 
-0.146630 
0.231143 
-0.107577 
0.086862 
0.299955 
-0.003490 
-0.020013 
-0.435168 
-0.089940 
-0.133047 
-0.109675 
0.315526 
0.269148 
-0.051678 
0.091248 
0.248156 
-0.148912 
0.047641 
0.128242 
-0.779631 
-0.129069 
-0.392835 
0.277380 
-0.296225 
-0.148488 
-0.065112 
0.373960 
-0.167167 
0.185874 
-0.111426 
-0.414835 
0.567623 
0.202207 
-0.159197 
0.062655 
0.076874 
0.236188 
0.034515 
-0.054506 
-0.286095 
0.458798 
-0.238200 
-0.014373 
-0.510497 
-0.165222 
0.077085 
-0.769479 
-0.128434 
0.010624 
-0.335391 
-0.028664 
-0.088258 
0.320897 
-0.219315 
-0.501876 
-0.255896 
-0.061144 
-0.273867 
-0.280879 
0.653374 
0.208134 
-0.207969 
-0.127172 
0.156754 
-0.250873 
-0.085591 
-0.319389 
-0.259600 
-0.251835 
-0.041572 
-0.002582 
-0.161701 
-0.039556 
-0.091358 
-0.033883 
-0.303469 
0.007173 
0.121714 
0.036591 
0.695189 
-0.288179 
-0.166334 
-0.135698 
-0.125660 
0.218706 
0.133200 
0.605390 
0.169987 
-0.093806 
0.020624 
-0.027440 
-0.076024 
-0.235319 
-0.741210 
-0.338644 
0.113984 
-0.200054 
-0.863308 
-0.287787 
-0.382613 
0.275193 
0.035794 
-0.230283 
-0.082104 
-0.167160 
-0.381417 
0.095189 
0.297706 
0.487963 
-0.124111 
0.081809 
-0.180392 
0.222752 
0.271093 
0.060423 
-0.086789 
-0.167274 
-0.182273 
-0.468655 
-0.206859 
0.003859 
0.114009 
0.456411 
-0.003892 
0.034442 
0.284187 
0.118777 
-0.207539 
-0.355680 
0.111087 
-0.078918 
-0.088535 
-0.163798 
0.856002 
-0.324479 
-0.253723 
-0.270612 
-0.223476 
0.595311 
0.005466 
0.053854 
-0.312146 
0.949958 
-0.056124 
-0.477132 
0.746258 
-0.074071 
0.083842 
-0.242336 
0.038424 
0.239294 
0.103771 
0.113174 
-0.120259 
-0.240350 
0.003983 
0.073194 
0.087110 
0.698565 
0.702918 
0.343769 
0.081045 
0.094960 
-0.571613 
-0.055521 
-0.155773 
-0.492182 
-0.207145 
0.006241 
-0.010175 
0.074303 
0.292973 
0.082887 
-0.233286 
-0.155349 
-0.228217 
0.210336 
-0.078140 
0.313952 
0.200217 
0.573783 
-0.443294 
0.059644 
0.247979 
0.259515 
0.109568 
-0.009336 
-0.088481 
-0.623145 
-0.637300 
-1.215900 
-1.086900 
0.175537 
0.133599 
-0.439362 
0.360313 
-0.052595 
-0.377938 
-0.231930 
-0.105966 
-0.300720 
-0.495977 
-0.783609 
-0.094351 
0.097389 
0.260400 
0.107852 
-0.017186 
0.001180 
0.266186 
-0.453659 
-0.152855 
-0.533156 
-0.122819 
0.325265 
0.362355 
0.050878 
-0.274865 
-0.095105 
-0.355463 
-0.266084 
0.009110 
-0.053208 
-0.690047 
-0.180139 
-0.206346 
0.041325 
0.914548 
0.490509 
-0.266204 
-0.071913 
-0.640349 
-0.195034 
0.071083 
0.470649 
0.030339 
-0.508015 
-0.196075 
0.298237 
0.327417 
0.386321 
0.076789 
0.031731 
-0.087112 
0.054118 
0.113751 
0.319076 
0.170822 
-0.209178 
0.180877 
-0.216102 
-0.455281 
0.292104 
-0.249986 
-0.184876 
-0.464183 
-0.650763 
0.188343 
0.168544 
0.538184 
0.115033 
0.177827 
0.254050 
0.112727 
0.162155 
0.555659 
0.061354 
0.327200 
1.134907 
-0.135187 
0.375713 
0.034262 
0.271928 
0.338763 
-0.054552 
-0.617157 
-1.054714 
-0.179941 
-0.079147 
-0.484103 
-0.244454 
-0.094826 
0.762548 
-0.009251 
-0.434811 
-0.188918 
-0.050581 
-0.405219 
-0.048321 
-0.152318 
-0.137588 
-0.181633 
0.161468 
-0.043800 
0.489615 
-0.040292 
0.525361 
0.521000 
-0.055436 
-0.058073 
0.404527 
-0.138591 
-0.061788 
0.027392 
0.269313 
0.208925 
-0.326513 
-0.198870 
-0.162876 
-0.444713 
-0.144102 
0.059665 
-0.188764 
0.005580 
-0.172704 
-0.397096 
-0.322763 
0.040520 
-0.030162 
-0.048409 
-0.526169 
0.078661 
-0.170712 
-0.547931 
-0.353284 
-0.086807 
-0.536971 
-0.426074 
-0.612337 
-0.192112 
-0.171515 
0.288980 
-0.114088 
-0.358139 
-0.586849 
-0.062039 
0.299564 
0.048785 
-0.404179 
0.361291 
0.140151 
-0.059542 
-1.181769 
0.767490 
-0.804001 
-0.473237 
-0.441827 
-0.138027 
-0.189924 
-0.228765 
-0.240658 
-0.156127 
-0.022657 
0.011393 
0.068622 
-0.187369 
-0.106414 
0.897482 
1.244447 
0.603056 
0.382177 
0.991528 
0.136747 
0.058497 
-0.442996 
-0.358049 
-0.205964 
-0.339437 
1.183121 
0.164748 
-0.737203 
-0.180428 
-0.043555 
-0.037615 
0.393214 
0.961001 
-0.101934 
0.483302 
0.511258 
-0.516009 
-0.423256 
0.089922 
0.105487 
-0.091069 
0.107845 
-0.063771 
0.497274 
-0.291681 
-0.215916 
-0.060024 
0.132771 
-0.123328 
0.266649 
0.379622 
0.394150 
-0.109844 
-0.185130 
-0.433389 
-0.021650 
-0.353459 
-0.378945 
-0.096949 
-0.112189 
-0.076218 
-0.113045 
-0.600801 
-0.693031 
-0.312758 
-0.011493 
-0.022116 
0.358742 
-0.035533 
-0.036094 
-0.694982 
-0.736477 
1.323546 
1.301796 
0.052376 
0.205692 
0.018971 
0.047606 
-0.236341 
-0.201096 
0.027169 
-0.408847 
0.057917 
-0.484370 
-0.347227 
-0.033768 
0.193610 
0.109380 
0.319751 
0.055864 
0.207512 
0.236372 
0.052834 
-0.016588 
0.038072 
-0.403228 
-0.051071 
-0.126438 
-0.137848 
-0.368219 
-0.099855 
-0.161234 
-0.580776 
-0.264054 
0.147959 
0.720634 
1.060831 
0.090508 
0.242001 
0.120192 
-0.006329 
0.377917 
-0.381510 
0.032195 
-0.061537 
-0.230690 
0.152223 
0.193592 
0.150939 
-0.153461 
0.259976 
-0.485002 
-0.230395 
1.355784 
0.252521 
0.017188 
0.079168 
-0.250792 
0.198959 
0.083169 
0.212299 
-0.157738 
-0.492969 
-0.332274 
-0.264802 
-0.030908 
-0.046277 
-1.010813 
1.314538 
-0.080977 
-0.218121 
-0.598615 
1.151866 
0.405528 
-0.283804 
-0.436848 
-0.305649 
0.445481 
0.006660 
-0.749245 
0.077828 
-0.790307 
0.115112 
-0.225505 
-0.473774 
-0.526776 
-0.155858 
-0.330898 
-0.277876 
-0.237722 
-0.166496 
-0.067871 
-0.382999 
-0.212685 
-0.111574 
0.523553 
-0.090701 
-0.233395 
-0.781446 
-0.803289 
-0.277629 
-0.204781 
-0.434965 
-0.144550 
-0.044648 
0.295813 
0.008103 
0.568898 
0.168463 
0.150630 
-0.172612 
0.108247 
-0.700180 
-0.534390 
-0.122636 
0.098545 
0.356174 
0.140254 
0.183419 
0.807447 
-0.012030 
-0.147043 
0.670149 
-0.108982 
0.074846 
0.642320 
0.086925 
-0.037302 
-0.147636 
0.076601 
-0.244129 
-0.106887 
-0.635555 
0.180600 
0.062285 
0.299545 
0.019593 
0.055168 
0.439525 
-0.272971 
-0.178346 
-0.077495 
-0.167675 
-0.454366 
-0.312507 
-0.104614 
-0.082868 
-0.053822 
0.095982 
0.210562 
0.489329 
0.069195 
-0.523467 
-0.215366 
-0.058714 
0.587411 
0.036870 
-0.963142 
0.134547 
-0.798227 
0.007833 
0.092030 
-0.242204 
-0.136307 
-0.013374 
-0.571717 
-0.314781 
-0.328600 
-0.122772 
-0.234172 
-0.121109 
-0.196803 
0.002337 
-0.607010 
0.333865 
0.049554 
-0.767821 
0.147685 
-0.090691 
-0.088046 
-0.089961 
-0.139027 
-0.099104 
-0.148086 
-0.059936 
0.054959 
-0.072523 
-0.071150 
-0.103033 
0.015100 
-0.504990 
-0.140987 
-0.033587 
0.201318 
-0.294945 
-0.512627 
-0.314782 
-0.310374 
-0.229598 
-0.685664 
0.120582 
0.146623 
-0.151920 
-0.323719 
0.877454 
0.040998 
0.019961 
0.157659 
-0.247258 
0.382305 
-0.323790 
-0.264740 
-0.099970 
0.140628 
-0.012952 
-0.081311 
0.285624 
0.078728 
-0.821879 
-0.451670 
-0.384044 
0.446397 
0.078078 
0.389147 
0.044468 
0.198910 
0.094333 
0.786839 
-0.000477 
-0.161812 
-0.414978 
0.385361 
-0.362651 
0.121680 
-0.260616 
-0.572852 
-0.193163 
0.460663 
0.515549 
0.566623 
0.231322 
-0.122646 
0.063125 
0.047512 
0.208136 
0.249651 
0.262790 
0.356491 
0.920389 
0.891404 
0.124832 
-0.182882 
0.119778 
-0.464895 
-0.154326 
-0.555552 
1.108791 
0.048242 
-0.088105 
-0.337366 
0.047771 
-0.218068 
-0.037462 
-0.229162 
-0.166247 
0.598169 
0.486944 
-0.424409 
-0.580325 
0.197910 
-1.126306 
0.683700 
0.621867 
0.586525 
0.414260 
0.517953 
-0.066851 
0.642929 
-0.216712 
-0.235880 
-0.419177 
-0.346661 
-0.074031 
0.012986 
-0.118697 
-0.022341 
1.457835 
-0.040158 
0.858146 
0.468923 
0.246935 
0.063748 
-0.148198 
-0.358717 
0.112526 
0.253740 
0.786090 
0.702918 
0.066810 
-0.342079 
-0.311244 
-0.222838 
-0.067576 
-0.133180 
-0.025464 
0.118895 
0.130532 
-0.255999 
0.459033 
-0.461623 
-0.164370 
0.296308 
-0.180552 
0.731987 
-0.155276 
0.309133 
-0.319395 
-0.278147 
-0.230665 
0.017497 
-0.169863 
-0.198137 
0.276109 
-0.769598 
-0.042360 
-0.049897 
-0.285875 
0.323510 
0.031981 
-0.130205 
1.272996 
1.403649 
-0.277735 
-0.149314 
0.474486 
0.755323 
0.369146 
1.209447 
0.066661 
0.244243 
0.088819 
-0.066481 
0.127474 
-0.101800 
-0.024152 
-0.128616 
-0.241873 
0.503176 
-0.583389 
0.253069 
0.238166 
-0.526393 
0.677436 
-0.176576 
-0.391486 
-0.374071 
-0.426491 
0.147328 
0.009758 
-0.353637 
-0.275069 
-0.308898 
-0.571442 
-0.556120 
1.449886 
-0.142287 
1.377738 
-0.509321 
0.254089 
0.191838 
-0.204966 
-0.240194 
-0.258792 
-0.399478 
-0.109615 
-0.089711 
-0.035451 
-0.406701 
0.128029 
-0.108321 
-0.136717 
-0.119635 
-0.891008 
0.074069 
0.125702 
-0.332417 
0.079766 
0.196693 
-0.134930 
-0.108321 
-0.595595 
0.827889 
-0.202112 
-0.228392 
0.351438 
0.700512 
0.431848 
-0.038432 
-0.099194 
0.349809 
-1.021773 
0.032821 
-0.005583 
0.476175 
-0.096062 
-0.115838 
0.248611 
0.081433 
-0.053594 
-0.081842 
0.381526 
-0.590994 
-0.552167 
-0.433498 
-0.473379 
-0.766903 
0.597041 
0.706387 
-0.153259 
-0.009268 
-0.031582 
0.072141 
0.172313 
-0.065672 
-0.159865 
-0.312640 
-0.189984 
0.226709 
-0.274510 
-0.109692 
0.445715 
0.455379 
-0.400409 
-0.596124 
-0.243069 
-0.227388 
-0.271505 
-0.686907 
-0.217330 
0.051787 
-0.273753 
-0.184114 
0.003564 
-0.555813 
-0.063801 
-0.337185 
0.015997 
0.181372 
-0.287339 
-0.005313 
-0.201913 
-0.517109 
-0.583176 
0.319263 
0.197719 
-0.380853 
-0.118280 
-0.286052 
-0.248964 
-0.188525 
-0.059857 
0.758316 
0.021356 
0.176867 
-0.855078 
-0.312158 
0.076860 
0.329806 
0.812013 
0.415840 
0.128596 
-0.653080 
-0.254318 
0.362004 
0.215396 
-0.086789 
-0.145265 
-0.043506 
0.131252 
-0.035988 
0.120738 
0.102552 
0.226307 
-0.280487 
0.194412 
0.013351 
-0.000050 
0.055488 
0.059058 
0.030378 
0.013836 
0.295509 
-0.113182 
-0.070003 
-0.366658 
-0.301801 
-0.226364 
-0.068761 
-0.484351 
-0.077794 
-0.062679 
-0.205763 
-0.232469 
-0.014143 
-0.151583 
-0.054148 
-0.115885 
0.006878 
0.127175 
0.182814 
-0.131679 
0.164868 
0.230687 
-0.400556 
-0.029363 
-0.001924 
-0.043266 
0.218462 
0.715609 
1.001249 
0.159366 
-0.358228 
-0.821765 
-0.151705 
0.425023 
0.607165 
0.098205 
-0.152322 
0.122352 
0.687915 
-0.278207 
-0.109863 
0.167370 
0.265569 
0.599023 
-0.485830 
0.240205 
-0.064274 
0.097114 
0.364654 
0.244582 
0.315673 
0.549920 
-0.804806 
0.225255 
0.879938 
0.784518 
-0.175937 
0.006366 
-0.354481 
-0.189761 
0.177970 
-0.355148 
-0.053766 
-0.097417 
0.144189 
-0.247109 
-0.552341 
-0.105701 
0.011022 
-0.254721 
0.235290 
0.020046 
-0.035067 
-0.354043 
0.382201 
0.540271 
0.664044 
0.138710 
-0.479153 
-0.029885 
-0.053606 
0.445064 
0.404865 
0.135805 
-0.640493 
0.160735 
0.334063 
-0.006410 
0.335869 
0.248305 
-0.249963 
-0.291819 
-0.018672 
0.276213 
-0.078894 
0.124053 
-0.037172 
-0.074992 
-0.215199 
-0.635009 
-0.129570 
-0.129909 
-0.315127 
1.169088 
-0.076597 
-0.093960 
-0.139324 
-0.455051 
0.330557 
-0.264417 
0.116205 
-0.466605 
-0.087845 
0.190441 
-0.530956 
0.053127 
1.422607 
0.235167 
0.206349 
-0.071573 
-0.076523 
-0.203461 
-0.424171 
-0.296224 
0.050444 
-0.321469 
-0.343741 
0.254368 
-0.231987 
-0.388792 
-0.013122 
1.283844 
0.258007 
0.018655 
-0.246119 
-0.478797 
0.129142 
-0.012331 
-0.318616 
0.134262 
-0.169891 
-0.531138 
0.051477 
-0.193154 
0.110658 
-0.433960 
0.180040 
0.023216 
-0.188496 
-0.422076 
-0.075330 
-0.239176 
-0.634326 
-0.267572 
-0.174527 
-0.037379 
-0.187319 
-0.056476 
-0.150498 
0.055111 
0.608732 
-0.238505 
-0.215787 
-0.365917 
-0.287132 
0.181161 
0.237550 
0.618714 
-0.142583 
-0.835760 
-0.106378 
0.057737 
-0.246029 
-0.221473 
0.216792 
-0.049345 
-0.094525 
0.269189 
-0.100079 
-0.231736 
0.367585 
0.455019 
0.177098 
0.233613 
-0.238311 
0.562590 
-0.123559 
0.096778 
0.239690 
-0.054824 
0.096742 
-0.336545 
-0.412990 
-0.182669 
-0.569536 
-0.001067 
-0.120182 
-0.060636 
-0.590267 
-0.682123 
0.172583 
0.271798 
-0.092508 
0.112479 
-0.065484 
-0.135870 
0.354788 
-0.042140 
-0.055658 
-0.143821 
-0.748051 
-0.215480 
0.021847 
0.089643 
-0.100571 
-0.179441 
-0.205613 
-0.206980 
-0.051638 
-0.069281 
0.547842 
0.475256 
0.293392 
-0.058626 
0.026891 
0.244418 
0.027061 
-0.387407 
0.899469 
0.126272 
0.611497 
-0.064922 
0.155989 
0.260163 
-0.645403 
0.149646 
1.282822 
0.415068 
0.243548 
-0.492994 
-0.026881 
-0.179730 
0.167662 
-0.100062 
-0.091219 
0.629437 
-0.028655 
0.134090 
0.760311 
0.691264 
-0.106211 
-0.164493 
-0.289392 
0.089623 
0.064853 
0.104809 
0.076606 
-0.316449 
-0.029575 
-0.171995 
-0.019449 
-0.031407 
-0.327790 
-0.066156 
0.189335 
-0.333741 
-0.050144 
-0.201340 
-0.238393 
0.013958 
-0.158939 
0.566986 
-0.087604 
0.037541 
-0.151029 
-0.046312 
0.027059 
-0.281146 
-0.157029 
-0.469437 
-0.333863 
0.750723 
0.136563 
0.229044 
-0.164701 
1.034880 
-0.099645 
-0.051180 
0.092368 
-0.293071 
0.293643 
-0.351445 
0.089374 
0.147411 
1.088243 
-0.542635 
0.158354 
-0.279954 
-0.058612 
0.299442 
-0.610160 
0.446590 
-0.048976 
-0.169507 
-0.173528 
-0.032891 
-0.057799 
-0.166092 
-0.354123 
0.066148 
0.419212 
-0.457632 
-0.701350 
-0.286306 
-0.093311 
-0.236062 
0.185577 
-0.249117 
-0.037569 
0.198779 
-0.335580 
0.089189 
-0.244725 
-0.427961 
0.199194 
0.854049 
0.385449 
0.234882 
0.032473 
-0.104544 
-0.221945 
-0.490243 
-0.358718 
0.206325 
0.023007 
-0.608628 
0.442166 
-0.055649 
-0.256832 
-0.358587 
0.381306 
-0.624515 
-0.439538 
0.348711 
0.605657 
-0.172274 
-0.358345 
-0.107134 
-0.238805 
0.260050 
-0.422757 
-0.041182 
-0.221216 
0.039835 
-0.161089 
-0.103589 
-0.247319 
-0.158501 
-0.268019 
0.234018 
-0.542310 
0.799657 
0.196525 
-0.209867 
-0.038249 
0.165710 
-0.463123 
-0.057845 
-0.035404 
0.255541 
-0.149543 
-0.083242 
-0.301623 
0.248832 
-0.253652 
-0.197410 
-0.071782 
-0.452455 
-0.208927 
0.010767 
-0.121144 
-0.753295 
0.101564 
0.152897 
0.063748 
0.310454 
-0.553973 
-0.372137 
-0.163032 
-0.388672 
-0.218282 
-1.062630 
0.427702 
-0.375035 
-0.342456 
-0.459962 
-0.130686 
-0.024926 
-0.072336 
0.674272 
0.093110 
-0.401597 
-0.609145 
0.126788 
-0.395471 
-0.387595 
-0.107028 
0.004821 
-0.239486 
-0.049919 
0.296722 
0.335133 
-0.288500 
-0.497119 
0.024573 
-0.173948 
-0.306404 
-0.175561 
-0.191957 
-0.071179 
-0.460827 
-0.102726 
0.317088 
0.402340 
0.797674 
0.703036 
-0.741561 
-0.152594 
0.432199 
0.932139 
1.210066 
-0.130579 
-0.088419 
-0.339905 
0.275351 
-0.297777 
-0.035350 
0.634213 
-0.307860 
-0.142830 
0.055231 
0.119026 
-0.001989 
0.058143 
1.145277 
0.830137 
-0.178348 
-0.334346 
-0.270953 
-0.168907 
0.304054 
0.088103 
0.178162 
-0.292829 
0.151763 
0.206650 
-0.508216 
-0.156119 
-0.085481 
-0.081764 
-0.369029 
-0.081673 
-0.257219 
-0.015837 
-0.028845 
0.023574 
-0.068748 
-0.101626 
-0.085759 
-0.055830 
-0.043601 
-0.541479 
-0.600031 
-0.578466 
-0.186552 
0.010599 
-0.117539 
-0.139506 
-0.432028 
0.043177 
-0.726668 
0.126841 
0.102245 
-0.059353 
-0.443455 
-0.737864 
-0.175898 
-0.098677 
-0.086523 
-0.528544 
-0.464484 
0.713292 
-0.354207 
0.364991 
0.469180 
-0.066421 
-0.167775 
-0.033468 
0.195517 
0.032638 
0.325961 
0.193897 
-0.171499 
0.165740 
-0.471481 
-0.174004 
0.711431 
-0.367062 
-0.143445 
-0.698757 
-0.157322 
-0.395784 
-0.226901 
0.325726 
0.378854 
-0.095881 
-0.038991 
0.018211 
-0.166439 
-0.135312 
-0.191727 
-0.360406 
-0.431339 
-0.049009 
-0.441615 
-0.353558 
-0.254548 
0.724664 
-0.257686 
-0.140888 
-0.570470 
-0.116691 
0.454357 
0.061434 
-0.055050 
0.001146 
-0.043641 
0.640065 
0.012378 
1.154981 
0.536648 
0.016159 
-0.289190 
-0.360030 
-0.204395 
-0.483268 
-0.214535 
-0.230393 
0.177400 
-0.374412 
-0.161238 
-0.019213 
-0.479557 
-0.172021 
0.006642 
-0.186489 
0.104914 
0.155299 
0.539151 
-0.169746 
-0.049279 
0.642521 
0.067523 
-0.081331 
0.351892 
0.667043 
1.036627 
-0.019230 
-0.576286 
-0.304019 
0.015765 
-0.942521 
-0.195874 
-0.543410 
-0.400495 
0.204870 
0.045974 
0.240844 
-0.312472 
-0.407266 
0.370787 
0.579165 
0.802604 
0.086863 
-0.265507 
-0.549326 
-0.640285 
-0.326726 
-0.224504 
-0.868754 
-0.150534 
-0.109054 
0.461053 
-0.234245 
0.101936 
-0.194735 
-0.165995 
-0.005615 
0.651194 
0.755557 
0.065598 
-0.171789 
-0.019057 
-0.426858 
-0.165795 
-0.094027 
0.354095 
1.330438 
0.023584 
-0.248812 
-0.328547 
-0.057494 
0.286315 
0.400811 
0.411897 
1.311850 
1.148595 
0.275964 
-0.215389 
-0.496671 
-0.540927 
0.233689 
0.324481 
0.006282 
-0.441742 
-0.143154 
-0.130204 
0.472034 
0.260219 
0.382824 
0.724846 
-0.598139 
-0.474773 
0.008828 
0.594339 
-0.242461 
1.348042 
0.376528 
0.034413 
0.095342 
-0.094519 
0.260382 
0.004934 
-0.073620 
0.054397 
0.334626 
-0.074409 
-0.343083 
-0.279904 
0.239260 
-0.122244 
-0.008718 
0.063698 
0.040658 
-0.110611 
0.117533 
-0.113364 
-0.124874 
-0.541785 
-0.556377 
0.026881 
0.128116 
-0.069474 
-0.326528 
-0.136458 
0.053901 
-0.342975 
0.002015 
-0.076028 
0.168183 
0.477281 
-0.059820 
-0.049403 
0.183508 
0.265511 
0.644847 
0.023701 
0.040866 
0.209277 
0.331159 
0.499547 
0.563553 
-0.044031 
0.203320 
0.126849 
-0.711546 
-0.527155 
0.141170 
0.321849 
0.027534 
0.135561 
-0.358713 
-0.170981 
-0.167730 
0.382164 
0.048746 
0.072202 
-0.356513 
-0.451184 
-0.010202 
-0.268849 
0.131395 
0.155276 
-0.147046 
-0.164054 
-0.371920 
-0.421061 
-0.393974 
-0.299718 
-0.115473 
-0.193920 
-0.022019 
-0.646909 
-0.631394 
-0.334632 
0.009897 
0.193273 
-0.206656 
0.224941 
-0.215750 
0.071486 
0.210336 
-0.543139 
0.513144 
-0.384369 
-0.211150 
0.130860 
-0.065754 
0.073352 
1.396607 
0.912331 
0.212118 
0.303993 
-0.015279 
0.007668 
-0.161016 
-0.109870 
0.137800 
0.029609 
-0.028135 
0.004105 
-0.033766 
-0.108100 
-0.453426 
-0.448209 
-0.135493 
-0.016159 
0.131905 
0.261664 
0.040382 
-0.044200 
0.521331 
-0.281992 
-0.154648 
-0.227305 
-0.438783 
-0.306945 
0.624208 
0.082857 
0.137210 
-0.388671 
0.018292 
-0.296160 
-0.183996 
0.762119 
-0.054075 
-0.121039 
-0.174396 
-0.199557 
0.120894 
-0.252362 
-0.482215 
-0.236618 
0.160534 
0.249574 
0.340334 
0.620332 
-0.111288 
0.012077 
-0.332012 
-0.303223 
-0.241225 
-0.140570 
-0.727973 
1.042632 
-0.384973 
-0.122166 
-0.270493 
-0.589865 
0.213671 
-0.015873 
-0.373219 
-0.332077 
-0.463249 
-0.508308 
-0.224133 
-0.056749 
-0.392448 
0.018452 
-0.057873 
-0.250134 
0.133212 
-0.055459 
-0.463709 
-0.396031 
0.186513 
-0.017867 
0.074380 
0.338689 
-0.246995 
-0.367356 
-0.184873 
-0.241750 
0.067396 
0.013317 
-0.189023 
-0.416495 
-0.284427 
-0.224561 
-0.036834 
-0.187472 
-0.282516 
0.142369 
0.261665 
-0.254160 
-0.317990 
0.208620 
0.342715 
0.020087 
-0.238495 
0.137089 
-0.023154 
0.148255 
0.055396 
-0.007592 
-0.242320 
-0.337657 
-0.545817 
0.219794 
0.436917 
-0.016653 
-0.042004 
1.472846 
-0.784980 
0.276478 
-0.241845 
-0.689582 
0.067673 
-0.049862 
-0.124013 
-0.097515 
-0.331609 
0.143414 
-0.406379 
-0.061829 
0.042128 
-0.140421 
-0.244395 
-0.209814 
0.197242 
-0.164878 
0.024579 
-0.324641 
-0.078805 
-0.151806 
-0.631466 
0.244971 
0.286838 
-0.390064 
-0.400465 
-0.510670 
-0.638976 
-0.296963 
-0.047094 
-0.003590 
1.049950 
0.367581 
0.251804 
0.123276 
0.675701 
0.083937 
-0.532255 
-0.101420 
0.522042 
0.409754 
0.613735 
0.128278 
0.218317 
-0.141232 
0.135964 
0.231827 
0.281825 
0.453743 
0.055866 
-0.310498 
-0.172738 
-0.037743 
-0.452098 
-0.692128 
-0.199265 
-0.141481 
0.297672 
0.530227 
0.036075 
-0.054988 
-0.047043 
-0.189205 
-0.192159 
0.210784 
0.216429 
0.009949 
-0.130160 
0.127005 
-0.056797 
0.272484 
-0.027134 
0.543898 
0.558474 
0.014936 
0.190864 
0.432080 
-0.216456 
-0.789191 
-0.633507 
-0.224224 
0.123489 
0.084042 
-0.353604 
-0.149301 
-0.485366 
-0.814189 
0.351874 
-0.139610 
-0.214686 
-0.145052 
-0.574441 
-0.235125 
-0.187189 
-0.195180 
-0.712601 
0.038742 
-0.058822 
-0.037515 
-0.635779 
-0.229809 
-0.337024 
-0.396210 
0.006598 
-0.646499 
-0.605759 
-0.489213 
0.492656 
-0.459360 
0.344931 
-0.295108 
-0.639357 
-0.016390 
-0.145327 
0.101983 
0.789298 
1.550929 
0.096431 
0.239979 
0.377116 
-0.103913 
-0.149162 
-0.219583 
-0.271563 
-0.050086 
-0.346621 
-0.068359 
-0.294047 
-0.220229 
-0.504203 
0.415366 
-0.233032 
-0.225346 
0.084426 
-0.762296 
-0.290529 
-0.294342 
-0.395282 
0.353025 
-0.197669 
0.426007 
0.109640 
-0.952644 
-0.089240 
-0.270174 
0.224605 
-0.188232 
-0.071733 
-0.157226 
-0.074182 
-0.009468 
-0.305070 
-0.094186 
0.006368 
-0.157591 
-0.311031 
-0.164514 
-0.261963 
-0.266183 
-0.091973 
0.605479 
0.105299 
-0.044029 
0.121615 
-0.122299 
0.037406 
-0.074828 
0.184904 
-0.683319 
0.566670 
0.014723 
-0.103332 
-0.220884 
-0.166434 
-0.145912 
0.623324 
0.505629 
-0.237454 
-0.541805 
0.044767 
-0.206997 
0.225768 
0.599026 
1.165125 
0.436877 
-0.424651 
-0.673150 
-0.208593 
0.045926 
0.061897 
0.263034 
-0.343274 
-0.307698 
-0.309995 
0.003697 
0.115703 
-0.163139 
0.218520 
-0.047191 
1.172000 
0.414894 
0.079502 
-0.452525 
-0.063790 
-0.006749 
-0.213238 
-0.100270 
-0.345945 
-0.041709 
0.085617 
0.186584 
-0.226464 
-0.036303 
0.264236 
-0.647641 
-0.668514 
-0.108639 
-0.051730 
0.107130 
0.008824 
0.043461 
0.009651 
1.132458 
0.301880 
-0.011350 
-0.328706 
-0.099793 
-0.329971 
-0.096835 
-0.181163 
-0.151620 
-0.219155 
0.358541 
-0.150784 
0.107014 
-0.904680 
0.049520 
-0.161239 
-0.507099 
-0.339734 
0.517728 
-0.407361 
-0.244598 
0.578562 
0.695918 
0.519399 
-0.036551 
-0.274829 
-0.230593 
-0.029030 
-0.296955 
-0.202152 
-0.082849 
-0.517258 
-0.135076 
-0.066799 
0.124943 
-0.161810 
-0.589136 
0.281245 
0.273810 
-0.077584 
-0.403957 
-0.230299 
0.208532 
-0.266852 
0.230843 
1.542354 
0.410116 
-0.027580 
0.338474 
0.129785 
-0.344857 
-0.182148 
-0.047067 
0.449707 
0.546135 
-0.184186 
0.173823 
0.477794 
1.153086 
0.156048 
0.062444 
-0.134089 
0.231373 
0.410800 
-0.006603 
0.461103 
0.288483 
-0.327102 
-0.071093 
-0.118447 
-0.091655 
-0.563823 
0.341613 
-0.074272 
-0.127125 
-0.178770 
0.019146 
0.082077 
-0.305975 
-0.075797 
0.832820 
-0.530252 
-0.173602 
-0.158174 
0.244724 
0.293727 
-0.321155 
-0.254896 
-0.505717 
0.405670 
-0.123575 
0.251276 
0.414434 
0.258712 
0.040311 
-0.210401 
-0.512816 
-0.364598 
-0.017306 
-0.068211 
-0.100423 
-0.037820 
-0.091800 
0.649278 
0.273548 
0.915828 
-0.632183 
0.163784 
0.636802 
-0.323721 
-0.433982 
-0.053965 
-0.187889 
-0.073448 
0.421391 
0.028582 
0.518562 
0.146072 
1.292735 
-0.016226 
-0.010085 
-0.077255 
-0.135141 
0.332227 
0.098341 
-0.624300 
-0.447849 
-0.273152 
-0.181456 
-0.051643 
0.190439 
0.055553 
-0.034680 
-0.308837 
-0.678278 
-0.605272 
-0.684357 
-0.683750 
-0.302802 
-0.073740 
0.489966 
0.111702 
0.997658 
-0.012094 
-0.170536 
-0.031094 
-0.017213 
-0.345485 
-0.308583 
-0.132822 
-0.011429 
-0.202822 
-0.407045 
0.322618 
0.392415 
0.204346 
-0.548151 
-0.096504 
0.046572 
-0.214250 
-0.069435 
0.422516 
-0.527234 
-0.046133 
-0.010923 
0.539199 
-0.171891 
-0.294710 
-0.390598 
0.128936 
1.302526 
0.155438 
0.043020 
-0.075650 
-0.183699 
-0.448288 
-0.195948 
1.071175 
0.427859 
0.628266 
0.165168 
0.155660 
-0.309335 
1.588508 
-0.189627 
0.085212 
-0.067342 
0.115171 
-0.236712 
0.587418 
0.385961 
0.052012 
-0.020045 
-0.014567 
-0.197904 
0.129372 
-0.090356 
0.014703 
-0.030560 
-0.009468 
-0.644029 
-0.000444 
-0.316251 
-0.487506 
-0.466720 
-0.489167 
0.632459 
0.546138 
-0.098037 
-0.329541 
-0.470753 
0.042061 
0.253279 
0.160079 
0.432645 
-0.126956 
-0.320771 
-0.222252 
0.228554 
-0.191199 
-0.081998 
-0.669804 
-0.393103 
-0.114863 
0.184001 
0.642053 
0.993660 
-1.085863 
-0.638598 
0.483011 
-0.297538 
-0.315519 
0.513622 
-0.143974 
-0.472276 
-0.001143 
-0.156317 
-0.607146 
-0.744004 
0.042786 
-0.733922 
1.297921 
0.373933 
0.019538 
0.041015 
0.154951 
-0.064369 
-0.174321 
0.378570 
0.119359 
0.007362 
0.400214 
-0.236153 
-0.259258 
0.244053 
-0.014234 
-0.147972 
-0.233519 
0.201305 
-0.264674 
-0.262126 
-0.062126 
0.031754 
0.039772 
-0.170827 
-0.100725 
0.591507 
0.796649 
-0.074336 
-0.317773 
-0.528975 
-0.321701 
-1.003088 
0.036617 
-0.006258 
-0.458367 
-0.328814 
0.255233 
0.750060 
1.213483 
0.264845 
-0.044264 
0.260905 
0.749937 
-0.293064 
0.051198 
-0.540566 
-0.188668 
0.046830 
-0.525199 
0.125777 
-0.444843 
0.648525 
0.953683 
0.864228 
0.036958 
0.366761 
-0.515074 
-0.185023 
-0.149590 
0.227120 
0.089782 
-0.117080 
0.213435 
-0.062583 
0.354408 
-0.038298 
-0.055464 
0.001482 
-0.189645 
-0.718446 
-0.422123 
-0.116377 
-1.115444 
-0.282344 
-0.018968 
-0.378319 
-0.843918 
0.078046 
-0.171673 
-0.137879 
-0.084698 
0.257065 
-0.204740 
0.120361 
0.072487 
-0.156726 
0.244662 
-0.107378 
0.053044 
-0.042679 
-0.226143 
-0.127855 
-0.214386 
-0.535256 
-0.160453 
-0.076159 
-0.024530 
0.129678 
0.032519 
0.067126 
-0.038008 
-0.094591 
1.211965 
-0.078982 
-0.186141 
0.446542 
-0.121199 
0.334575 
1.300869 
0.036205 
-0.219891 
-0.040891 
-0.072992 
0.371544 
1.302752 
1.000778 
0.795921 
-0.328784 
-0.430857 
-0.010281 
-0.079366 
-0.003924 
-0.064274 
0.036647 
-0.079221 
-0.178529 
-0.088547 
-0.217368 
-0.170405 
0.080706 
-0.108450 
0.041023 
-0.048366 
0.001236 
0.329884 
-0.150312 
0.131103 
-0.048021 
-0.698690 
-0.073754 
0.461330 
0.194238 
-0.978435 
-0.120314 
-0.218525 
-0.124037 
-0.011485 
-0.272830 
-0.262387 
-0.152602 
0.383660 
-0.115928 
0.004045 
0.216621 
-0.013526 
0.019931 
-0.301124 
-0.370307 
-0.017571 
-0.454960 
-0.699212 
-0.378796 
-0.671713 
0.014426 
-0.116830 
-0.090398 
-0.125814 
-0.053271 
-0.380963 
-0.128201 
-0.366874 
-0.764186 
-0.435377 
-0.321001 
-0.419187 
-0.452527 
-0.082457 
-0.218743 
-0.530249 
-0.066742 
-0.068291 
-0.132188 
0.217146 
0.120262 
-0.112420 
-0.697966 
-0.207970 
-0.488656 
-0.143970 
-0.177185 
-0.133462 
0.220415 
0.674007 
0.209293 
0.680877 
0.605336 
-0.266769 
0.182388 
-0.381797 
-0.032460 
0.472417 
0.580000 
1.568774 
0.579195 
0.260323 
0.851853 
-0.082639 
-0.165340 
0.314275 
0.454350 
0.106516 
1.305424 
-0.754566 
0.010723 
0.015719 
-0.335205 
-0.129558 
-0.396707 
-0.387941 
-0.016880 
-0.230214 
-0.011710 
-0.200282 
-0.532713 
-0.516495 
0.005685 
-0.030393 
-0.249438 
0.246568 
0.022116 
-0.117715 
-0.121531 
0.037801 
0.385890 
0.313987 
0.357553 
-0.256906 
-0.051111 
-0.163445 
0.186654 
0.307901 
0.219793 
-0.082143 
0.255514 
-0.135469 
0.524135 
-0.106470 
-0.142400 
0.021640 
-0.262999 
-0.115844 
0.204973 
0.048688 
-0.221101 
-0.326151 
0.072118 
0.177532 
-0.346628 
0.121410 
0.914841 
0.061064 
-0.127386 
-0.104027 
-0.121951 
0.143973 
0.533395 
-0.189575 
-0.141784 
0.072831 
0.095487 
0.100687 
-0.042107 
-0.070461 
0.573905 
-0.290146 
0.349807 
-0.257423 
0.081265 
-0.194626 
-0.684708 
0.315628 
0.458691 
0.211460 
-0.113222 
-0.078329 
0.484784 
0.498637 
0.052654 
0.397760 
0.863015 
0.702467 
-0.346282 
-0.273067 
-0.201174 
-0.237127 
0.142954 
-0.077858 
0.037740 
-0.133612 
-0.019188 
-0.146619 
-0.533889 
-0.471518 
0.045422 
0.038604 
-0.367239 
-0.285931 
-0.263122 
0.271594 
-0.090915 
-0.179570 
-0.192356 
0.014662 
0.311758 
-0.064364 
-0.039243 
-0.285018 
-0.118390 
-0.077693 
-0.038299 
-0.233069 
0.158623 
0.391915 
0.068313 
-0.265694 
0.040605 
-0.279966 
-0.477792 
-0.611036 
-0.085976 
-0.067758 
-0.294060 
0.039018 
0.041088 
0.461882 
0.115886 
0.575287 
-0.006762 
-0.074230 
-0.175273 
-0.430372 
-0.284988 
-0.202124 
-0.191662 
-0.279419 
-0.212716 
-0.726553 
-0.238089 
0.689855 
0.323219 
0.094066 
-0.469950 
-0.032174 
0.171567 
0.012685 
0.269235 
-0.306355 
-0.337313 
-0.656069 
-0.731128 
-0.047537 
-0.185828 
-0.051498 
0.114507 
-0.038714 
0.252494 
0.393642 
-0.420281 
0.140549 
-0.258436 
0.505859 
1.293272 
-0.278284 
-0.361723 
-0.254620 
-0.156253 
-0.139845 
-0.359682 
-0.040212 
-0.157220 
-0.040489 
0.303344 
0.005428 
-0.010562 
0.059728 
-0.057147 
0.070695 
-0.421210 
-0.183586 
0.014730 
-0.023652 
0.893785 
-0.254160 
0.340633 
-0.627730 
0.299616 
0.032776 
-0.384069 
-0.074886 
0.184128 
-0.547175 
0.109870 
0.082565 
-0.102818 
-0.323691 
-0.139629 
-0.075610 
-0.549674 
-0.385253 
-0.265838 
0.125051 
-0.321104 
0.070749 
-0.178284 
0.225859 
0.073712 
-0.287548 
0.361218 
0.607625 
-0.177288 
0.020063 
0.037660 
0.141156 
0.191025 
0.026574 
0.318092 
0.198113 
-0.036368 
-0.178638 
-0.066437 
-0.036063 
0.188384 
-0.020460 
-0.129572 
-0.014149 
-0.084953 
-0.050184 
-0.038536 
-1.230977 
0.038189 
-0.006519 
1.201808 
1.330014 
0.682842 
-0.198557 
-0.379529 
-0.044818 
-0.360158 
-0.170887 
-0.184491 
-0.433797 
0.206112 
0.020397 
-0.435367 
-0.313951 
-0.105023 
-0.178487 
-0.106484 
0.199127 
-0.193379 
-0.146145 
0.156611 
-0.112042 
-0.151012 
-0.243631 
-0.014560 
-0.662108 
0.208913 
0.370962 
-0.162310 
0.651070 
0.132984 
0.291843 
-0.113544 
0.102204 
0.592366 
-0.376598 
0.198224 
-0.143721 
-0.213890 
-0.319189 
-0.092814 
-0.237832 
0.048265 
1.029164 
-0.115956 
0.541862 
-0.319991 
-0.386255 
-0.129321 
-0.035524 
0.187618 
-0.146502 
-0.046750 
-0.113432 
-0.241498 
-0.471771 
-0.134710 
0.027122 
-0.077398 
-0.636308 
-0.186021 
-0.191918 
-0.110887 
0.913178 
0.814773 
-0.189725 
-0.196082 
-0.445223 
-0.567933 
0.066400 
-0.103655 
-0.424539 
0.325410 
0.099878 
0.086277 
-0.224567 
0.017555 
-0.467129 
0.032981 
0.063989 
-0.132524 
-0.241397 
0.370070 
-0.175571 
0.176452 
-0.078627 
-0.018842 
-0.078879 
0.126287 
-0.120841 
0.015675 
-0.105040 
-0.350097 
-0.174682 
-0.076162 
-0.068462 
-0.069194 
0.401630 
-0.060564 
0.227599 
0.186042 
0.260392 
-0.075823 
-0.191659 
-0.335071 
-0.062539 
-0.329124 
-0.176361 
0.218365 
-0.178966 
-0.451071 
-0.110353 
-0.075902 
-0.077657 
-0.210092 
0.337291 
0.222754 
0.297544 
-0.100371 
0.019437 
0.076581 
-0.142863 
-0.174443 
-0.148610 
-0.086025 
0.018676 
-0.011521 
0.045378 
