0.121511 
0.298403 
0.065994 
0.093612 
0.145007 
0.114286 
0.123421 
0.138954 
0.046648 
-0.034765 
0.010332 
-0.092337 
0.018076 
0.007679 
0.037520 
0.062895 
0.119745 
0.174076 
0.233233 
0.082890 
0.160394 
0.062365 
0.099845 
0.083263 
0.057696 
0.129590 
0.056658 
-0.004067 
0.045800 
0.008268 
-0.105380 
-0.004660 
-0.030154 
0.051289 
-0.103445 
-0.020437 
0.004947 
0.009338 
0.132823 
0.117689 
0.140716 
0.099327 
0.066509 
0.097793 
0.142936 
0.107342 
0.132697 
0.072152 
0.104845 
0.053100 
0.006205 
-0.022839 
0.032085 
0.040008 
0.001656 
-0.007182 
0.037561 
0.033561 
0.018142 
0.015323 
-0.048982 
-0.016601 
0.112244 
0.066092 
0.077230 
0.090498 
0.200753 
-0.046051 
0.038708 
-0.005374 
0.136880 
-0.092466 
-0.000120 
-0.023933 
0.077308 
0.083540 
0.063840 
0.087618 
0.139602 
0.061930 
0.119976 
0.138678 
0.037091 
0.082751 
0.059342 
0.082118 
0.033211 
-0.035818 
0.043872 
-0.004890 
0.017933 
-0.011268 
-0.070332 
0.055324 
0.121449 
0.000525 
-0.039652 
-0.000150 
0.210773 
0.101347 
0.217308 
0.085977 
0.133590 
0.161296 
0.187172 
0.115505 
0.141361 
0.165496 
0.143719 
0.049947 
0.058592 
0.056963 
-0.037569 
-0.009545 
0.036855 
-0.036030 
0.044662 
0.055739 
0.068570 
0.031151 
0.016370 
0.027119 
0.204873 
0.108343 
0.062833 
0.082561 
0.049151 
0.140306 
0.159585 
0.102562 
0.102259 
0.092879 
0.145912 
0.123834 
0.052221 
0.109618 
-0.021756 
0.097635 
0.018831 
-0.000781 
0.047063 
-0.021292 
0.055320 
0.084096 
0.002225 
0.068664 
0.144389 
0.077285 
0.200543 
0.129656 
0.086096 
0.035204 
0.139405 
0.083963 
0.087457 
0.084952 
0.135741 
0.137689 
0.008891 
0.013826 
-0.017249 
0.037775 
-0.027949 
0.029750 
-0.005533 
0.078667 
0.050032 
-0.000571 
0.010149 
-0.004294 
0.113874 
0.194947 
0.049338 
0.083827 
0.143619 
0.107010 
0.085660 
0.047210 
0.064029 
0.234721 
0.119880 
0.097082 
0.039483 
-0.020959 
0.023026 
0.022407 
-0.023323 
0.050331 
0.086596 
0.000143 
-0.021612 
0.016880 
-0.058612 
-0.039538 
0.010547 
0.007226 
-0.066619 
0.143051 
0.030355 
0.113922 
0.023103 
0.097499 
0.147067 
0.124014 
0.075169 
0.149129 
0.119262 
0.130884 
0.094610 
0.059501 
0.041732 
0.026423 
-0.004869 
0.012062 
0.028037 
0.084593 
0.086485 
-0.015629 
-0.053739 
0.080123 
0.203909 
0.146706 
0.047218 
0.071601 
-0.064244 
0.077427 
0.172854 
0.080335 
-0.081587 
0.036038 
-0.053648 
0.081458 
0.101252 
0.094400 
-0.038469 
0.024125 
0.055615 
-0.055269 
0.053663 
-0.024919 
0.017396 
0.011428 
0.069244 
0.065784 
0.078693 
0.028012 
0.088263 
0.130816 
-0.016942 
0.199496 
0.090235 
0.064737 
0.101707 
0.090050 
-0.039851 
0.037071 
0.070111 
0.033779 
0.060539 
0.042784 
0.047397 
0.017291 
0.022954 
0.140407 
-0.163678 
0.021185 
0.075620 
0.093375 
-0.023339 
0.105263 
-0.032488 
-0.021508 
-0.004089 
0.068659 
-0.096330 
0.108949 
0.138208 
0.135176 
0.064600 
-0.010492 
0.067970 
0.054549 
0.024089 
0.041473 
-0.021634 
0.042247 
0.035779 
0.107563 
-0.050514 
0.072131 
0.009976 
0.054233 
-0.030896 
0.112622 
0.059047 
0.120647 
0.123683 
0.038188 
0.021061 
0.113162 
0.063049 
0.101607 
0.041456 
-0.001113 
0.033930 
0.040887 
0.057555 
0.014186 
0.094407 
0.025532 
0.105789 
-0.005327 
-0.049020 
-0.002315 
0.064511 
0.135832 
-0.018012 
0.034386 
0.040720 
0.090823 
-0.037341 
0.106203 
0.045009 
0.047015 
0.026107 
0.029960 
-0.042711 
0.095645 
0.050963 
0.034533 
-0.049347 
0.001738 
0.048642 
0.021745 
-0.016842 
0.063186 
0.030564 
0.021444 
0.124429 
0.178615 
0.240819 
0.072651 
0.052277 
0.147874 
0.050219 
0.053514 
-0.033307 
0.124139 
-0.006346 
0.091852 
-0.013490 
-0.019468 
0.015174 
0.023153 
-0.007223 
0.009772 
0.006757 
-0.066585 
-0.044661 
-0.015205 
-0.105825 
0.057250 
0.036169 
0.061772 
-0.012035 
0.075792 
0.043171 
0.057663 
0.043539 
0.115440 
-0.008677 
0.138676 
0.030750 
0.011761 
-0.053170 
0.039609 
0.027585 
-0.012878 
-0.035856 
0.019429 
-0.023115 
-0.047409 
0.008309 
-0.058173 
-0.095239 
0.095119 
0.043147 
0.038005 
-0.075998 
0.093761 
-0.096281 
0.083917 
0.014516 
0.389668 
0.050157 
0.070219 
0.131426 
0.073789 
0.022712 
-0.092774 
0.007366 
-0.047706 
-0.012244 
-0.035777 
0.001478 
-0.027933 
-0.083158 
0.086827 
0.074632 
0.054188 
0.168689 
-0.023151 
0.043428 
0.058103 
-0.066529 
0.082463 
0.027353 
0.000966 
-0.084186 
0.040390 
-0.076914 
0.079045 
-0.033445 
0.052805 
0.019401 
-0.026914 
-0.042090 
0.035395 
0.030481 
-0.054350 
0.000657 
-0.022921 
-0.058181 
-0.000750 
0.066604 
0.025996 
0.001251 
0.021407 
0.099680 
0.121487 
-0.134238 
0.142614 
0.089761 
0.076642 
0.035367 
0.081760 
-0.018531 
0.021395 
0.008273 
-0.001946 
0.037359 
-0.007890 
-0.005605 
-0.022572 
-0.106490 
0.020515 
-0.072999 
0.081744 
0.258886 
0.033203 
0.027966 
0.106078 
0.041708 
0.090377 
0.133242 
-0.010910 
0.036640 
0.073909 
-0.005354 
0.012913 
-0.081448 
-0.046731 
-0.050044 
-0.023769 
-0.016382 
0.009445 
-0.006407 
-0.009542 
-0.060726 
0.009993 
-0.063281 
-0.031737 
0.034439 
0.072515 
0.099069 
0.077097 
0.038320 
0.111194 
0.052827 
0.058756 
0.092614 
0.067568 
0.089380 
0.095130 
-0.054448 
-0.038927 
0.006586 
-0.053521 
0.036594 
0.031989 
0.006849 
-0.037333 
0.070117 
0.005368 
-0.063850 
0.002652 
0.106060 
0.110522 
0.054286 
0.099826 
0.079405 
0.094416 
0.138665 
0.143876 
0.030092 
0.064589 
0.147037 
0.199462 
-0.106632 
-0.039530 
0.004084 
0.020377 
-0.005939 
0.027511 
0.055863 
0.018286 
-0.041126 
-0.027726 
0.031789 
0.008295 
-0.026283 
-0.003654 
0.130881 
0.138289 
0.106250 
-0.010297 
0.049839 
0.087200 
0.111038 
0.080313 
0.008977 
0.049388 
-0.063314 
-0.038086 
-0.012383 
0.028896 
-0.119751 
0.054935 
0.009445 
-0.081943 
0.043904 
-0.009007 
0.019893 
0.001929 
0.030070 
0.022577 
0.149747 
0.075147 
0.127397 
0.071031 
0.117287 
0.074568 
0.149064 
0.131068 
0.087593 
-0.053705 
-0.078227 
-0.060471 
0.010993 
-0.026258 
-0.042114 
0.006848 
-0.009488 
-0.015948 
0.071876 
-0.078283 
0.054234 
-0.070395 
0.142025 
0.064539 
0.138190 
0.067199 
0.122995 
0.142013 
0.077815 
0.107599 
0.070689 
0.043352 
0.127492 
0.032415 
-0.070270 
-0.024591 
0.030250 
-0.058335 
-0.079368 
0.050646 
-0.058114 
-0.011112 
0.056164 
-0.153645 
-0.058746 
-0.097261 
0.086862 
0.092006 
0.090371 
0.086989 
0.165471 
0.156415 
0.016454 
0.090455 
0.105645 
0.056991 
0.126711 
0.009949 
-0.043128 
0.061314 
-0.029050 
0.110375 
0.025938 
-0.056115 
0.030709 
0.031940 
-0.041424 
0.024861 
0.061064 
0.070659 
0.151528 
0.025588 
0.043322 
0.142456 
0.026690 
0.052148 
0.020291 
0.074033 
0.053560 
0.049168 
0.072504 
0.128664 
0.063480 
-0.001735 
-0.102423 
-0.039548 
-0.036036 
-0.009508 
0.010233 
-0.029527 
0.043191 
-0.030474 
0.093708 
-0.013817 
0.118747 
0.032137 
0.090881 
0.042303 
0.079086 
0.123773 
0.018320 
0.027635 
0.053045 
0.045009 
0.014226 
0.141795 
0.020459 
-0.014687 
-0.039159 
-0.045609 
-0.070668 
0.111557 
-0.012496 
-0.003094 
-0.026136 
0.046959 
0.060245 
0.017354 
0.023259 
0.041007 
0.078571 
0.217063 
0.066373 
0.030419 
0.079921 
0.012888 
0.093658 
0.054210 
0.074576 
0.144662 
0.005774 
-0.016655 
-0.010540 
-0.053445 
0.002008 
-0.075124 
-0.079451 
0.017463 
-0.076233 
-0.027538 
-0.028460 
-0.010408 
0.046911 
0.163587 
-0.016668 
0.019811 
0.078799 
0.090991 
0.101014 
0.023935 
0.074044 
0.044649 
0.097219 
0.053864 
-0.033144 
0.004442 
0.003467 
-0.016477 
-0.060635 
0.017862 
0.128082 
-0.045997 
-0.038746 
-0.023924 
0.027452 
-0.076005 
-0.031168 
0.080694 
0.076105 
0.072850 
0.013164 
0.024461 
-0.188911 
0.004107 
0.042253 
-0.022016 
0.090515 
0.046800 
0.022117 
-0.073154 
-0.088213 
0.034391 
-0.045667 
-0.055596 
-0.027915 
-0.090140 
0.046069 
-0.079196 
0.071428 
-0.127678 
0.059016 
0.017107 
0.090168 
0.126540 
0.048839 
0.102185 
0.024760 
0.136435 
0.085227 
0.035130 
0.076239 
0.050661 
0.167067 
-0.025121 
-0.029097 
-0.014944 
-0.006038 
-0.024434 
-0.004986 
0.039449 
0.004209 
0.075864 
0.019531 
0.036946 
0.036072 
0.000067 
0.042470 
0.001080 
0.176553 
0.036912 
0.075615 
0.031087 
0.093085 
0.068864 
0.014474 
0.040417 
-0.087615 
-0.036035 
-0.064322 
-0.037331 
-0.048385 
-0.037315 
0.035322 
-0.042183 
0.013608 
-0.027351 
-0.052350 
-0.073994 
0.107076 
0.022065 
0.065484 
0.104733 
0.024565 
0.088296 
0.071796 
0.015357 
0.051659 
-0.062075 
0.038999 
0.084202 
-0.007455 
-0.068184 
-0.040941 
-0.026783 
0.013225 
-0.044108 
0.030319 
-0.053800 
0.020814 
0.018778 
0.049868 
-0.076436 
0.043140 
0.115701 
-0.015735 
0.035788 
0.087189 
0.096581 
-0.041895 
0.044574 
0.115118 
0.098476 
0.042595 
0.077536 
-0.009863 
-0.086931 
-0.061766 
-0.022619 
-0.033205 
-0.035572 
-0.016514 
-0.062067 
0.007181 
-0.033278 
0.037263 
0.021513 
0.109479 
0.027383 
0.076780 
-0.014114 
0.053401 
0.082434 
0.002197 
-0.006503 
0.032841 
0.036658 
0.074954 
0.009930 
-0.073176 
-0.038019 
-0.089502 
-0.059231 
-0.102587 
-0.042916 
-0.019485 
-0.019110 
-0.153393 
-0.084372 
-0.067781 
-0.100099 
0.044633 
0.075455 
0.148363 
0.060746 
0.139629 
0.026700 
0.031367 
0.064072 
0.089379 
0.082827 
0.061280 
0.000349 
-0.017100 
0.089354 
0.064503 
0.068213 
-0.035009 
-0.035675 
-0.047217 
-0.033427 
-0.091732 
-0.039845 
0.036762 
-0.045611 
-0.021586 
0.095215 
0.134063 
0.076916 
0.017323 
0.080756 
0.109804 
0.046563 
0.009588 
0.031995 
0.053399 
-0.016150 
-0.092608 
-0.006155 
0.003943 
0.018667 
-0.072461 
-0.017702 
-0.031855 
-0.045230 
0.006783 
-0.158941 
0.033566 
-0.110251 
0.083644 
0.112344 
0.160847 
0.098884 
0.088304 
-0.003402 
0.097869 
0.012768 
0.098563 
0.039941 
0.110501 
0.084067 
0.078388 
0.001076 
0.055553 
0.030055 
-0.003606 
-0.070812 
0.069889 
0.040902 
-0.011757 
0.054920 
0.086378 
-0.055216 
0.206612 
0.086077 
0.089285 
0.115121 
0.099895 
0.031230 
0.076458 
0.027340 
0.023862 
0.042708 
0.105957 
-0.017296 
-0.049968 
-0.047233 
-0.044508 
-0.083668 
-0.085552 
-0.067109 
-0.064791 
-0.087822 
-0.017193 
0.013806 
-0.154341 
-0.028203 
0.105847 
-0.023147 
0.062909 
0.050547 
0.061173 
0.053496 
0.070690 
0.051381 
0.066816 
-0.023075 
0.044597 
0.069786 
-0.032411 
-0.009486 
-0.033373 
0.018845 
0.012615 
-0.155870 
0.004754 
-0.027436 
-0.052200 
-0.084035 
-0.037854 
-0.063458 
0.084173 
0.020445 
0.041569 
0.068568 
0.058827 
0.029466 
0.067547 
0.082921 
0.088959 
0.064321 
0.074481 
0.156513 
-0.044622 
-0.037256 
-0.063304 
-0.046291 
-0.174087 
-0.030245 
0.047458 
-0.019815 
-0.003297 
-0.087084 
-0.054806 
-0.037303 
0.018305 
0.077830 
-0.025299 
-0.036968 
0.049209 
0.120708 
-0.010973 
0.146216 
0.091860 
0.070382 
0.091983 
0.112112 
-0.132581 
-0.023930 
0.027063 
0.026200 
0.004046 
0.015571 
0.035085 
0.000837 
-0.098922 
-0.077953 
0.014891 
-0.033900 
0.035011 
0.004085 
0.057603 
0.025843 
-0.004705 
0.093929 
-0.016142 
0.074187 
0.100995 
0.017968 
0.065233 
0.073547 
-0.017971 
-0.061522 
-0.066350 
-0.058262 
-0.075233 
-0.047188 
-0.017292 
-0.071549 
-0.047961 
-0.070799 
0.046223 
-0.156835 
0.085736 
0.084006 
0.133107 
0.006105 
0.054730 
0.079881 
0.048640 
-0.110977 
0.126047 
-0.039843 
-0.029221 
0.061678 
-0.064393 
-0.150631 
-0.009618 
-0.079714 
-0.042126 
-0.040180 
-0.070799 
-0.051418 
0.088023 
-0.126166 
0.040454 
-0.057697 
0.074932 
-0.002100 
0.122169 
0.096894 
0.062257 
0.036941 
0.101243 
0.018372 
0.056147 
0.117804 
0.061838 
0.058095 
-0.018126 
-0.123292 
-0.068544 
-0.078600 
0.010460 
-0.070994 
-0.055145 
-0.082066 
-0.044812 
-0.000102 
0.024511 
-0.043827 
-0.053322 
0.002663 
0.049647 
0.054032 
-0.001659 
0.008076 
0.082252 
0.057296 
0.117610 
0.078872 
0.081083 
0.104897 
-0.066906 
-0.035934 
-0.008421 
0.030352 
-0.019847 
-0.116327 
-0.059745 
0.048773 
0.067045 
-0.030072 
-0.020428 
-0.051562 
0.059839 
0.055557 
0.048010 
0.069466 
-0.007698 
0.048640 
0.046465 
0.159284 
-0.003810 
-0.009905 
0.110215 
0.055967 
-0.055375 
-0.077930 
-0.019357 
-0.032564 
-0.085473 
-0.057193 
-0.030970 
-0.219761 
-0.021982 
-0.026327 
-0.045153 
-0.029545 
0.093061 
0.018599 
0.005277 
0.036286 
0.051625 
0.019230 
0.032249 
0.024375 
0.044690 
0.132919 
0.087960 
-0.001425 
0.002421 
-0.032135 
-0.055391 
-0.047494 
-0.017004 
-0.029006 
-0.069174 
-0.030279 
0.000828 
0.063644 
-0.002580 
-0.063368 
0.111078 
0.034532 
0.011963 
0.067942 
0.057778 
-0.047436 
-0.037377 
0.070857 
0.044290 
0.006910 
-0.002162 
0.028328 
0.021899 
-0.038456 
-0.016362 
-0.089530 
0.035931 
0.028399 
0.014400 
-0.111635 
-0.048944 
0.011748 
0.014154 
0.017647 
0.162415 
0.046282 
0.045497 
0.063922 
0.131237 
0.010929 
0.065256 
0.202213 
-0.091806 
0.058520 
0.096132 
-0.014670 
-0.155704 
-0.021196 
0.076765 
-0.023608 
0.074656 
-0.076235 
0.068172 
-0.084514 
0.019548 
-0.065747 
0.006209 
-0.013339 
0.022781 
-0.083592 
-0.055473 
0.022185 
0.063198 
-0.060331 
-0.012420 
0.018480 
0.117091 
0.020716 
0.074411 
0.026912 
0.042402 
-0.151590 
-0.039834 
-0.108249 
-0.069259 
-0.184838 
-0.025843 
-0.058449 
0.048115 
-0.071261 
0.001517 
-0.107826 
0.015547 
0.011323 
-0.047829 
0.117279 
0.062348 
0.039651 
0.077216 
-0.025194 
0.014772 
0.018538 
0.116626 
0.047127 
-0.066727 
-0.058866 
-0.057952 
-0.123349 
-0.053713 
-0.047819 
-0.063952 
-0.065800 
-0.050752 
-0.015458 
-0.032672 
-0.073445 
-0.006007 
-0.026420 
0.054010 
0.005689 
0.068364 
0.042902 
0.088900 
0.082921 
0.102733 
0.066695 
0.091958 
0.043104 
-0.042424 
-0.088369 
-0.070717 
-0.074179 
0.012015 
0.008275 
-0.100011 
-0.051289 
-0.101373 
-0.006521 
-0.043744 
-0.101298 
-0.010094 
-0.015228 
0.071083 
0.077417 
0.053665 
-0.010759 
0.078587 
0.024114 
0.017203 
-0.029892 
-0.020149 
-0.020657 
-0.077234 
-0.059282 
-0.048837 
-0.094598 
-0.010080 
-0.096348 
-0.002278 
-0.077038 
-0.026683 
-0.032451 
0.050881 
-0.046097 
0.018509 
0.010677 
-0.047234 
0.072993 
0.023841 
0.031710 
0.084764 
0.040115 
-0.011993 
0.013637 
0.093296 
0.006251 
-0.042773 
-0.021487 
0.007841 
0.113377 
-0.001975 
-0.044669 
-0.028119 
-0.065101 
0.046106 
-0.076644 
-0.109963 
-0.044935 
0.046927 
0.006800 
0.086368 
0.012365 
0.050475 
0.056935 
-0.023413 
0.093389 
0.043424 
0.063506 
0.005376 
-0.014832 
-0.140445 
0.037417 
0.027921 
-0.045904 
-0.108434 
-0.034854 
0.029055 
-0.012917 
-0.112138 
-0.094636 
0.002687 
-0.034166 
0.090597 
-0.003658 
0.123656 
0.064720 
0.187673 
0.064641 
0.061505 
0.102824 
0.044083 
0.028999 
0.068506 
0.020249 
-0.021612 
0.026926 
0.018233 
0.001036 
0.032599 
-0.026267 
-0.016163 
-0.060697 
-0.047736 
-0.087611 
-0.015205 
-0.096875 
0.041920 
0.035135 
0.065930 
0.067828 
0.088995 
0.040068 
0.033741 
-0.011981 
0.004671 
-0.017350 
0.051645 
0.022568 
0.021416 
-0.088090 
0.051413 
0.055706 
0.049957 
-0.058116 
-0.046709 
-0.024712 
-0.070471 
-0.038254 
-0.041850 
-0.109336 
-0.069374 
0.001084 
0.011713 
0.096007 
0.067655 
0.087222 
0.121389 
0.002674 
0.110615 
0.031374 
0.055143 
0.026993 
-0.108594 
-0.050715 
0.009319 
-0.021603 
0.010270 
-0.049208 
-0.106368 
-0.056820 
0.012139 
-0.037011 
-0.084047 
-0.058462 
0.050640 
-0.004627 
0.118252 
0.026383 
0.138728 
0.019381 
0.085991 
0.030430 
0.059234 
0.003527 
0.095411 
0.033696 
0.004905 
0.064085 
-0.021606 
-0.047940 
-0.018918 
-0.019885 
-0.055886 
-0.020486 
-0.044556 
0.044877 
-0.063893 
-0.031913 
0.105363 
0.102961 
0.037455 
0.080425 
0.052144 
0.033231 
0.100049 
0.035444 
0.097344 
0.074391 
0.053250 
0.012028 
0.049645 
-0.021695 
-0.092806 
-0.024546 
-0.036652 
-0.028748 
-0.088664 
-0.074030 
0.008052 
-0.005468 
0.014974 
-0.003341 
0.086829 
0.094049 
0.098414 
0.005001 
0.084568 
0.077287 
-0.050101 
0.045560 
0.213609 
0.014062 
0.098135 
-0.052755 
0.024139 
-0.163363 
-0.083231 
-0.091530 
-0.025104 
-0.005302 
-0.045073 
-0.066534 
-0.013180 
-0.050121 
-0.048078 
-0.052378 
-0.079929 
-0.028371 
0.014630 
-0.032719 
0.052371 
0.035256 
-0.019846 
0.038265 
0.050246 
0.047439 
0.038382 
-0.043111 
0.003238 
-0.027272 
-0.084974 
-0.030082 
-0.046770 
-0.075890 
-0.019014 
-0.005248 
0.012958 
-0.084069 
-0.054958 
-0.075270 
0.055413 
0.058726 
0.082371 
-0.075635 
0.133543 
0.043329 
0.071505 
0.005972 
0.106302 
-0.102080 
0.079804 
-0.004439 
0.020857 
-0.065145 
-0.004281 
-0.053482 
-0.048238 
-0.010262 
-0.072416 
-0.050304 
0.008013 
-0.046527 
0.010169 
-0.083641 
0.093669 
0.005694 
0.060526 
0.030513 
-0.008916 
0.053892 
0.112098 
-0.006934 
0.027377 
-0.073303 
0.084496 
-0.102879 
0.131329 
0.061960 
-0.049194 
-0.103247 
0.005898 
-0.109557 
-0.035510 
-0.037385 
-0.033494 
-0.080794 
-0.014706 
-0.016958 
0.027258 
0.026003 
0.050754 
0.087229 
0.054070 
0.011449 
0.138232 
-0.018823 
0.104500 
-0.035879 
0.079017 
0.013334 
0.026500 
-0.058959 
-0.019582 
0.023608 
0.002291 
0.009836 
-0.079590 
-0.001571 
-0.037081 
0.029346 
-0.101369 
-0.012398 
0.097674 
-0.027294 
0.046236 
0.020509 
0.081965 
0.096088 
0.056610 
0.045168 
0.134045 
0.025788 
0.064511 
0.065068 
-0.148454 
-0.051527 
0.033072 
-0.020669 
-0.103579 
-0.044867 
-0.071934 
0.004770 
0.010501 
0.014027 
-0.010848 
0.055404 
0.054298 
0.009797 
0.155055 
0.120923 
0.132424 
0.139886 
0.078934 
0.163034 
0.100742 
0.147244 
0.055122 
0.096888 
0.017617 
-0.036780 
-0.020571 
0.008369 
0.032696 
-0.042035 
0.060846 
-0.003494 
-0.057614 
-0.074593 
-0.069359 
0.039555 
0.136217 
0.085929 
0.021542 
0.024532 
0.116002 
0.064904 
0.125315 
0.030435 
0.084251 
0.142137 
0.049346 
0.054737 
-0.043780 
-0.004459 
-0.094886 
0.089853 
0.037301 
0.009778 
0.016659 
-0.004194 
-0.003242 
-0.035383 
0.037040 
-0.022799 
0.097923 
0.155463 
0.041958 
0.038526 
0.112958 
-0.002578 
0.082134 
0.094109 
0.190853 
0.093242 
0.171709 
0.034389 
-0.016106 
-0.028150 
-0.082847 
0.015551 
0.024925 
0.055829 
0.000331 
-0.053182 
-0.018710 
-0.113842 
-0.011182 
-0.018518 
0.028996 
0.063208 
0.052446 
0.104665 
0.097353 
0.041300 
0.076828 
0.035360 
0.070924 
0.047360 
0.040990 
0.051839 
0.006172 
-0.002528 
0.085393 
0.082743 
0.043956 
-0.047798 
-0.067968 
-0.092813 
-0.049160 
-0.101112 
0.084391 
-0.045953 
0.043220 
0.093405 
0.071395 
0.041526 
-0.010590 
0.037155 
0.122683 
0.025651 
0.009039 
0.095984 
0.120017 
0.038575 
0.051881 
-0.045337 
-0.021728 
-0.027967 
0.036844 
-0.128102 
-0.027115 
-0.087338 
0.158207 
-0.082374 
0.002676 
-0.107884 
0.009760 
-0.012206 
0.021461 
0.103090 
0.079588 
0.053204 
0.107767 
0.033275 
0.123901 
0.075251 
0.089645 
0.086646 
-0.031651 
-0.000734 
-0.080015 
-0.015950 
0.008247 
-0.036770 
-0.053466 
-0.072040 
-0.048325 
-0.050900 
-0.003829 
-0.034344 
0.105546 
0.052623 
0.116981 
0.026508 
0.097690 
0.020168 
0.166335 
0.035384 
0.098837 
0.089831 
0.076879 
0.059808 
0.042284 
-0.017159 
-0.020872 
0.010443 
0.013329 
-0.070046 
0.016175 
0.027810 
-0.052872 
-0.020552 
-0.042788 
-0.065990 
0.009317 
0.016663 
-0.021034 
0.096119 
-0.011429 
-0.077379 
0.104306 
0.013991 
0.058362 
0.101943 
0.087467 
0.051731 
-0.063057 
-0.046033 
0.022643 
-0.054706 
-0.019373 
-0.039094 
-0.028667 
-0.028181 
-0.055248 
-0.093448 
-0.039531 
-0.062907 
0.166759 
-0.006171 
0.032522 
0.006339 
0.073595 
0.034028 
0.059756 
0.016213 
0.026188 
0.020594 
0.008973 
-0.044354 
-0.100933 
-0.052149 
-0.058577 
-0.064063 
0.006775 
-0.060080 
-0.089539 
-0.033164 
-0.062962 
-0.063532 
-0.009978 
0.049489 
0.138037 
0.054362 
-0.032716 
0.087090 
0.149083 
0.059455 
0.060712 
0.087697 
0.034745 
-0.017599 
0.031482 
0.025662 
-0.005139 
-0.004716 
0.031928 
-0.011569 
-0.007732 
-0.020525 
0.028949 
-0.087074 
-0.001799 
-0.048238 
-0.057704 
-0.043069 
0.096067 
0.042040 
0.048154 
0.034645 
0.117919 
0.051947 
0.069549 
0.094849 
0.085967 
0.013532 
0.053808 
-0.100604 
0.005115 
-0.107259 
0.041475 
-0.127868 
0.032473 
-0.053530 
0.033657 
-0.148014 
0.019541 
-0.079904 
-0.043677 
0.039351 
0.078101 
-0.035491 
-0.006784 
0.055598 
0.013797 
-0.121810 
0.116150 
-0.011068 
-0.049019 
0.051812 
-0.049454 
-0.058737 
-0.008759 
-0.040330 
-0.042964 
-0.101234 
-0.003943 
-0.107315 
-0.030723 
-0.196585 
0.050930 
-0.174239 
0.051978 
-0.071198 
0.019772 
-0.070758 
0.061499 
0.026856 
-0.063439 
-0.002023 
0.053392 
0.004345 
0.071169 
0.008662 
0.003487 
0.022951 
0.060955 
-0.106769 
-0.061233 
-0.063890 
0.004797 
-0.089578 
-0.019292 
-0.031417 
-0.003633 
-0.016651 
0.004002 
-0.081384 
0.119955 
0.027063 
0.030793 
0.083163 
0.002704 
0.053407 
0.039634 
-0.049983 
-0.003562 
0.001816 
0.135887 
0.027894 
-0.067458 
-0.037165 
-0.002720 
0.018770 
-0.025633 
-0.053610 
-0.030393 
-0.026992 
-0.113893 
-0.059203 
-0.128028 
0.031584 
0.040337 
-0.057616 
-0.025883 
0.085329 
0.021614 
0.082012 
0.029487 
0.086296 
0.045110 
0.043011 
0.045495 
0.018037 
-0.023339 
-0.103726 
-0.006415 
-0.095630 
0.009812 
-0.054162 
-0.122079 
-0.052548 
-0.034446 
-0.025634 
0.032339 
0.005119 
-0.037691 
-0.068008 
0.021215 
0.016458 
0.016345 
-0.103698 
0.016793 
0.117462 
-0.038808 
0.039965 
0.051627 
0.057453 
-0.101650 
-0.017906 
-0.021085 
-0.088613 
-0.038586 
-0.108377 
-0.021423 
-0.002261 
0.074101 
-0.092860 
-0.013991 
-0.070895 
0.030278 
-0.021010 
-0.005566 
-0.041193 
0.001951 
0.024509 
0.027803 
-0.013662 
0.304994 
-0.066337 
0.044401 
0.033728 
0.013908 
-0.071145 
-0.078353 
-0.017276 
-0.128023 
-0.060595 
0.027342 
-0.054320 
0.072925 
-0.026926 
0.070073 
-0.017912 
0.045415 
0.095362 
0.053840 
0.007584 
0.019826 
0.032631 
0.045918 
0.089869 
0.104947 
-0.043279 
0.025863 
0.068675 
-0.014741 
-0.031263 
-0.033712 
-0.067199 
0.008822 
-0.071186 
0.028668 
0.019106 
-0.029833 
-0.017724 
-0.001025 
-0.067379 
-0.073680 
-0.063926 
0.063501 
0.079298 
0.049955 
-0.013325 
-0.005288 
0.042743 
0.010364 
0.047080 
0.064255 
0.005133 
-0.055929 
0.081244 
-0.078595 
-0.098901 
-0.049607 
-0.138924 
0.010914 
0.036565 
0.039738 
0.014740 
-0.031185 
-0.089989 
0.023082 
-0.009066 
-0.052383 
-0.035918 
0.080349 
0.078802 
-0.021709 
0.030909 
0.029018 
0.032223 
0.071442 
0.031702 
-0.031091 
-0.101727 
-0.074341 
-0.048746 
-0.060758 
-0.035779 
-0.080005 
-0.049369 
0.274031 
-0.059008 
-0.030791 
-0.057620 
0.068030 
-0.059177 
0.101662 
0.062695 
0.061730 
0.175593 
0.016115 
0.093740 
0.031466 
-0.006439 
0.039535 
-0.007293 
-0.175682 
0.046933 
-0.061444 
0.037039 
-0.118247 
-0.118171 
-0.163364 
-0.068974 
-0.047632 
0.023391 
-0.129425 
-0.081265 
0.110073 
-0.039427 
0.091449 
0.071362 
-0.053434 
0.038776 
0.028679 
0.066464 
0.028684 
0.040250 
0.102130 
0.077652 
0.041315 
0.023078 
-0.049771 
-0.053027 
-0.077131 
-0.043212 
0.004225 
-0.027844 
-0.070252 
-0.019397 
-0.016971 
-0.049394 
0.004417 
-0.037831 
0.015549 
0.047392 
0.046073 
0.011159 
-0.017296 
0.057809 
-0.002817 
0.029508 
0.014502 
0.017891 
-0.051920 
0.008891 
-0.113688 
-0.043144 
-0.057894 
-0.064721 
0.015832 
-0.067829 
-0.057456 
-0.037191 
-0.073090 
-0.133892 
0.080127 
-0.049328 
0.083219 
-0.117460 
0.101379 
0.113921 
0.030368 
0.027953 
0.055589 
0.046177 
-0.062251 
0.002824 
-0.045694 
-0.078144 
0.048079 
-0.110723 
-0.079090 
-0.031065 
-0.080480 
-0.074140 
-0.001220 
-0.139658 
-0.115268 
-0.027549 
0.030114 
0.075100 
0.041583 
0.026993 
0.068833 
-0.097763 
0.013612 
-0.124495 
-0.049151 
0.063802 
0.054428 
0.079853 
-0.043764 
0.006865 
-0.008418 
-0.014659 
-0.042928 
-0.013984 
0.078776 
-0.047467 
0.015076 
-0.107597 
0.103440 
-0.088744 
0.092149 
0.049238 
0.032889 
-0.051250 
0.037686 
-0.038478 
-0.042389 
0.021339 
0.079423 
0.036686 
0.042940 
-0.056139 
-0.152442 
-0.118680 
-0.041670 
-0.050348 
-0.046747 
-0.101274 
-0.047234 
-0.069672 
-0.048258 
-0.084067 
0.024610 
-0.102313 
-0.004133 
0.013184 
-0.003282 
0.059481 
0.026912 
-0.059433 
0.029010 
0.004660 
0.027613 
0.075685 
0.047400 
-0.024447 
-0.108871 
-0.011504 
-0.018003 
-0.016840 
-0.083022 
-0.119354 
-0.004540 
-0.073203 
-0.082029 
-0.073623 
-0.016920 
-0.048248 
0.062910 
0.021288 
0.047888 
-0.076546 
0.078455 
0.050941 
0.120593 
0.033846 
0.047183 
0.038575 
0.097486 
-0.027631 
-0.033682 
-0.008259 
-0.080677 
-0.073606 
-0.102077 
-0.083912 
-0.162398 
-0.078008 
-0.104214 
-0.070299 
-0.029471 
-0.106723 
0.090924 
0.056993 
0.055555 
0.036702 
0.012562 
0.054688 
0.178840 
0.014108 
0.067644 
0.030640 
0.155990 
-0.018856 
-0.096529 
0.162464 
-0.035860 
-0.021612 
-0.064107 
0.002660 
-0.036404 
-0.010873 
-0.035042 
-0.059864 
-0.047900 
-0.050790 
0.093226 
0.137260 
0.016399 
0.084662 
0.067968 
0.032569 
0.085272 
0.103822 
0.174663 
0.001743 
0.067596 
0.018908 
-0.035477 
0.010636 
-0.016640 
-0.052321 
-0.066486 
0.000908 
-0.018022 
0.032079 
-0.043456 
-0.021006 
0.054670 
-0.006572 
0.076099 
-0.016977 
0.088148 
-0.016686 
0.039771 
0.086758 
0.068468 
0.035338 
0.055852 
0.023322 
0.036196 
-0.050077 
0.000910 
-0.052337 
0.035563 
-0.092675 
0.371494 
-0.075431 
-0.096671 
-0.061755 
-0.070362 
-0.111461 
-0.008292 
-0.060603 
0.053815 
0.096823 
0.038575 
0.068659 
0.043790 
-0.029448 
0.002407 
0.004641 
0.028461 
0.017288 
0.028597 
-0.040783 
-0.029412 
-0.020196 
-0.022976 
0.032764 
0.036944 
-0.096147 
0.057108 
-0.047648 
-0.052568 
-0.103611 
-0.021243 
-0.037515 
0.028988 
0.003840 
0.086367 
0.017526 
0.055214 
-0.027023 
0.059914 
0.008816 
-0.063426 
0.023626 
0.056563 
-0.094102 
-0.180134 
0.013345 
-0.095260 
-0.090809 
-0.017985 
-0.064793 
-0.094429 
-0.067667 
-0.087981 
-0.035011 
0.032873 
0.053612 
-0.031832 
-0.022264 
0.051458 
0.113053 
0.005729 
0.036750 
0.050549 
0.039998 
0.105722 
0.100803 
0.058994 
0.025562 
-0.004399 
-0.102754 
-0.042898 
0.020850 
-0.009105 
-0.025654 
-0.022352 
0.132010 
-0.033940 
-0.039545 
-0.071966 
-0.026782 
0.057609 
0.076473 
0.037014 
0.078930 
0.092280 
-0.060497 
0.055557 
0.034824 
0.094261 
0.048366 
0.053288 
0.034685 
-0.040276 
-0.056260 
-0.024251 
-0.073509 
-0.040875 
-0.096227 
-0.036960 
-0.079120 
-0.093728 
-0.079347 
-0.079297 
-0.015117 
0.055715 
-0.016622 
0.077935 
0.038408 
0.094337 
0.015779 
0.086502 
0.048005 
0.042456 
0.011612 
-0.000327 
-0.068125 
-0.048992 
-0.075428 
-0.008209 
-0.075854 
-0.075805 
-0.059772 
-0.090706 
-0.114952 
-0.079618 
-0.075507 
-0.043071 
-0.124606 
0.011137 
0.011184 
0.048143 
0.009955 
0.063233 
-0.102970 
0.081504 
-0.012752 
0.087898 
0.010768 
0.078140 
0.111689 
-0.095925 
-0.041577 
0.056710 
-0.117398 
-0.112663 
0.177003 
-0.036470 
0.018314 
0.000773 
-0.050891 
-0.105126 
-0.021668 
0.126386 
-0.052086 
0.242784 
-0.022204 
0.151722 
-0.028743 
-0.003450 
0.082204 
0.028924 
0.073861 
0.117307 
0.009696 
-0.136298 
-0.085971 
-0.031201 
-0.082739 
-0.056326 
-0.045839 
-0.116580 
-0.154222 
-0.147908 
-0.042557 
-0.059124 
-0.028817 
0.070562 
0.082975 
0.071705 
0.061945 
0.015983 
0.020946 
-0.065949 
-0.004177 
0.011346 
-0.033758 
-0.101392 
0.052827 
-0.057243 
-0.059733 
-0.037761 
-0.019159 
-0.196077 
-0.034839 
-0.065843 
-0.045332 
-0.060105 
-0.068382 
-0.236997 
-0.151426 
-0.044843 
0.007396 
0.101222 
0.075450 
-0.007670 
0.077569 
0.057880 
0.072921 
0.017271 
0.009959 
0.033112 
0.035917 
-0.093368 
-0.162752 
-0.120325 
-0.052291 
-0.088299 
-0.137180 
-0.110943 
-0.180958 
-0.043285 
-0.232281 
-0.061502 
-0.174091 
-0.036166 
-0.008356 
-0.035002 
-0.024297 
0.149941 
0.041034 
-0.006973 
0.045576 
0.038575 
-0.045372 
-0.042922 
-0.061184 
-0.030639 
-0.083507 
0.011352 
-0.098889 
-0.064132 
-0.147480 
-0.080557 
-0.127195 
-0.067017 
-0.144700 
-0.048732 
-0.003943 
-0.002560 
0.115942 
0.017850 
0.030180 
0.005275 
0.030284 
0.071436 
-0.087050 
-0.046956 
0.000904 
0.049635 
0.042333 
-0.048874 
-0.074096 
-0.112288 
-0.081319 
-0.055082 
-0.055325 
-0.035960 
-0.115451 
-0.040810 
-0.069537 
-0.033291 
-0.136714 
0.095202 
-0.000762 
-0.083449 
0.010914 
-0.008731 
-0.012052 
0.005448 
-0.004311 
-0.021453 
0.081999 
0.052793 
0.065795 
0.020552 
-0.063854 
-0.060890 
-0.023017 
-0.099913 
-0.055752 
0.094129 
-0.057039 
-0.026315 
-0.016446 
-0.030473 
-0.061146 
0.062637 
0.072054 
0.037621 
-0.005922 
0.116301 
0.038575 
0.010922 
-0.001459 
0.082569 
0.047493 
0.045764 
0.001953 
-0.144116 
-0.110558 
0.033864 
-0.053969 
-0.102044 
-0.067430 
-0.055977 
-0.127456 
-0.027666 
-0.067864 
-0.107687 
-0.048273 
0.092754 
0.012165 
0.109696 
0.035570 
0.056090 
-0.061887 
0.104598 
0.049932 
0.062172 
-0.034826 
0.082220 
0.008193 
0.009745 
-0.100493 
-0.093488 
-0.113008 
-0.053507 
-0.106819 
-0.015806 
-0.045159 
-0.058160 
0.018958 
-0.014165 
0.001645 
0.019053 
0.087747 
0.058709 
0.044939 
0.038075 
-0.044333 
0.010781 
0.050125 
-0.099227 
-0.001775 
0.143351 
0.060959 
-0.039018 
-0.037252 
-0.163502 
-0.015143 
-0.072575 
-0.155721 
-0.031913 
-0.113869 
-0.039282 
-0.063939 
0.000059 
-0.066589 
0.039087 
-0.012638 
0.124681 
-0.049808 
-0.031671 
0.059140 
0.056832 
0.036353 
0.068416 
0.029060 
0.109200 
0.058299 
-0.035080 
-0.128691 
-0.052856 
-0.031120 
-0.049902 
-0.078358 
-0.056261 
-0.117068 
0.035322 
-0.049618 
-0.057074 
-0.030128 
0.003900 
0.040034 
0.093081 
0.062969 
0.021071 
0.043152 
0.032895 
0.047497 
0.052219 
-0.002383 
-0.011916 
-0.019150 
-0.100196 
-0.092024 
-0.158677 
-0.063580 
-0.009652 
-0.013097 
-0.021794 
-0.101287 
-0.107792 
-0.064686 
0.069551 
-0.087389 
-0.050126 
0.061726 
0.035154 
-0.027561 
0.085346 
0.000828 
0.000266 
0.114586 
0.039232 
0.022277 
-0.004349 
-0.007542 
-0.154390 
-0.108618 
-0.061647 
-0.228056 
-0.085265 
-0.097107 
-0.136920 
-0.080681 
-0.088272 
-0.092954 
-0.042923 
-0.167985 
0.043389 
-0.021384 
-0.005841 
-0.011719 
0.036571 
0.008956 
-0.013184 
-0.053834 
-0.008796 
0.059913 
0.085294 
0.151845 
-0.027732 
-0.069170 
-0.119734 
-0.074539 
0.016920 
-0.100069 
-0.090184 
-0.146710 
-0.058499 
-0.028904 
0.006024 
-0.103531 
-0.032022 
-0.003757 
-0.073784 
-0.034056 
0.044463 
-0.003068 
0.057072 
-0.038467 
-0.009594 
-0.025890 
0.015163 
-0.034723 
-0.057855 
-0.018814 
-0.094173 
-0.096207 
-0.139550 
-0.077592 
-0.114969 
-0.082727 
-0.194323 
-0.179087 
-0.088305 
-0.173333 
0.019189 
0.038262 
-0.021750 
-0.090053 
-0.038608 
0.007421 
-0.009097 
0.053363 
0.031695 
-0.054899 
-0.129887 
-0.002488 
-0.166911 
-0.132741 
-0.029301 
0.050370 
-0.088360 
-0.042923 
-0.070046 
-0.058606 
-0.097973 
-0.122144 
-0.059091 
-0.147487 
0.040736 
-0.028371 
0.054657 
0.065430 
-0.010835 
0.025839 
0.004797 
-0.040606 
-0.037750 
0.031186 
0.013701 
0.052956 
-0.052464 
-0.053561 
-0.075171 
-0.093246 
0.002500 
-0.088984 
-0.126161 
-0.045122 
-0.071360 
-0.045072 
0.104128 
-0.124152 
0.186664 
-0.052802 
-0.070676 
0.001788 
0.005206 
0.038363 
0.048114 
0.003320 
0.059657 
-0.035172 
-0.007862 
-0.009566 
-0.061818 
-0.086363 
-0.054832 
-0.068982 
-0.074697 
-0.233810 
-0.032386 
-0.139750 
-0.116572 
-0.111881 
0.041702 
-0.145921 
0.087039 
-0.037145 
0.056683 
-0.020037 
0.047596 
0.064194 
0.034296 
0.077944 
-0.004491 
0.040788 
0.087993 
0.005761 
-0.103709 
-0.020031 
-0.005980 
-0.062095 
-0.024559 
-0.062373 
0.030927 
-0.078302 
-0.082468 
-0.018497 
-0.050984 
-0.066469 
0.032730 
0.006357 
0.066122 
-0.002396 
-0.008001 
0.034841 
-0.024656 
0.051700 
-0.022677 
0.007699 
-0.005350 
-0.030570 
-0.163323 
-0.110544 
-0.057425 
-0.017632 
-0.040606 
-0.056125 
-0.070165 
-0.114142 
-0.063945 
-0.050858 
-0.001507 
-0.098150 
0.078256 
-0.013197 
0.031329 
0.013317 
0.048797 
0.071690 
0.035584 
0.011841 
0.073271 
0.104504 
0.133218 
0.054548 
-0.021183 
-0.081925 
-0.052626 
-0.089248 
-0.082475 
-0.156217 
-0.204179 
-0.032911 
-0.039982 
-0.033997 
-0.146988 
0.013183 
0.022472 
0.023330 
-0.052102 
-0.005297 
-0.014549 
0.007615 
0.042649 
0.057871 
0.091399 
0.074765 
0.030730 
0.073456 
-0.048176 
0.039384 
-0.021654 
-0.065031 
-0.107098 
-0.059257 
0.005152 
-0.036069 
-0.035328 
0.002830 
-0.156043 
-0.027525 
0.067883 
0.064974 
0.025937 
0.056276 
-0.000636 
0.000494 
0.039800 
0.130684 
0.072126 
0.060987 
0.035209 
0.074738 
-0.019931 
-0.062169 
-0.002560 
-0.027800 
-0.100192 
-0.000804 
-0.043083 
-0.033703 
-0.059087 
-0.081816 
-0.027862 
-0.025046 
0.057008 
0.131917 
-0.003182 
0.026318 
0.050505 
0.015587 
-0.008177 
0.161276 
-0.018015 
-0.047869 
0.014122 
0.065335 
-0.016013 
-0.070383 
-0.053651 
-0.081927 
-0.031074 
-0.100770 
-0.076207 
-0.072505 
-0.043116 
-0.072566 
-0.040554 
-0.091243 
-0.029230 
-0.034334 
-0.004419 
0.013661 
-0.027492 
-0.038645 
-0.144479 
-0.030306 
0.013184 
0.057435 
0.067114 
-0.030546 
-0.096423 
-0.151498 
-0.076617 
-0.145773 
-0.054854 
-0.131315 
-0.098658 
-0.207872 
-0.138063 
-0.085419 
-0.028121 
-0.057526 
0.009315 
0.008624 
0.035372 
-0.030394 
-0.045479 
0.019866 
0.058393 
0.029847 
-0.057650 
0.022002 
0.037476 
0.050014 
-0.074093 
-0.044363 
-0.105853 
-0.095173 
-0.089308 
-0.089771 
-0.063646 
-0.067458 
-0.124346 
-0.042876 
-0.124870 
-0.070076 
-0.002817 
-0.076995 
0.020100 
0.081711 
0.057920 
-0.028547 
0.040229 
0.067435 
0.007279 
0.042380 
0.023335 
0.031027 
-0.113067 
-0.063167 
0.000698 
-0.101120 
-0.039841 
-0.039668 
-0.148741 
-0.003668 
-0.043641 
0.003654 
-0.082875 
-0.154324 
0.086098 
0.048653 
-0.037195 
-0.031674 
0.064568 
-0.008986 
0.058209 
0.103237 
0.073907 
0.066848 
-0.065845 
0.013663 
-0.108837 
-0.140510 
-0.141154 
-0.057341 
-0.155864 
-0.134041 
-0.128454 
-0.005580 
-0.125540 
-0.127428 
-0.184941 
-0.075219 
-0.043358 
0.065054 
-0.035262 
-0.044142 
-0.082431 
0.017086 
-0.011655 
-0.045058 
0.059705 
0.006391 
-0.020403 
0.039105 
-0.036311 
-0.057602 
-0.074561 
-0.058556 
-0.079340 
-0.125602 
-0.110810 
-0.126348 
-0.104847 
-0.126283 
-0.119872 
-0.130408 
0.011167 
-0.109667 
-0.016869 
0.038575 
0.004900 
0.032184 
-0.049925 
0.007167 
-0.037096 
-0.075709 
0.022583 
0.032326 
-0.004731 
-0.084118 
-0.232980 
-0.040518 
-0.093026 
-0.061663 
-0.103640 
-0.087703 
-0.110611 
-0.116094 
-0.042661 
-0.119863 
0.003227 
0.074927 
0.022972 
0.058505 
-0.044510 
0.035339 
-0.008377 
-0.111955 
-0.037706 
0.042811 
-0.041635 
0.033263 
0.044812 
-0.055743 
-0.061077 
-0.025245 
-0.096443 
-0.011096 
-0.201830 
-0.151930 
-0.137152 
-0.096539 
-0.016168 
-0.063571 
0.001491 
-0.061098 
0.049900 
-0.035211 
-0.007117 
0.135485 
0.011960 
-0.009137 
-0.040557 
0.015463 
0.019258 
-0.043198 
-0.106455 
-0.107097 
-0.057801 
-0.120889 
0.018105 
-0.147263 
-0.034176 
-0.120809 
-0.063411 
-0.110255 
-0.105263 
-0.168150 
-0.071476 
-0.108434 
0.063509 
0.025422 
-0.052910 
-0.087858 
0.034879 
-0.059415 
-0.042261 
-0.034953 
-0.038242 
0.011169 
-0.016509 
-0.069291 
-0.038440 
-0.105698 
-0.048826 
-0.067778 
-0.083821 
-0.068220 
-0.128850 
-0.079935 
-0.012935 
-0.043578 
0.106587 
0.011717 
0.004645 
0.060953 
-0.043407 
0.006289 
0.188254 
0.042473 
0.112155 
0.000010 
0.013947 
-0.029984 
-0.019031 
-0.020037 
0.046954 
-0.044100 
0.027926 
0.041498 
-0.074786 
-0.098030 
0.004130 
-0.087762 
-0.073623 
-0.121833 
0.021881 
0.027491 
0.067278 
0.012066 
-0.022035 
-0.087598 
-0.048490 
0.013199 
0.005922 
0.023780 
-0.013942 
0.037198 
0.023446 
-0.129021 
-0.132230 
-0.034033 
-0.074704 
-0.081429 
-0.192915 
0.046689 
-0.107054 
-0.010926 
0.028902 
-0.034693 
0.017617 
-0.006734 
-0.004717 
0.001346 
0.064934 
0.064651 
-0.031767 
0.002416 
0.003103 
0.019590 
-0.023818 
-0.006601 
-0.084270 
-0.027188 
-0.112692 
-0.095749 
-0.065311 
-0.105687 
-0.103763 
0.037300 
-0.164852 
-0.051254 
-0.077723 
-0.028110 
0.047133 
0.101093 
0.024597 
0.129612 
0.113707 
0.014573 
0.048104 
-0.031923 
0.102507 
0.032597 
-0.029642 
0.048254 
-0.149402 
-0.029249 
-0.068314 
-0.069091 
-0.118302 
-0.066686 
-0.183486 
0.009790 
-0.079051 
-0.061853 
-0.140309 
-0.043423 
-0.013140 
0.079402 
0.045421 
0.039778 
0.000952 
0.022732 
-0.010318 
0.025275 
0.020646 
-0.049959 
0.066072 
0.021944 
-0.052786 
-0.115911 
-0.096910 
-0.067169 
-0.014415 
-0.037794 
0.088968 
-0.084188 
-0.079370 
0.036956 
-0.043727 
-0.117431 
0.010178 
0.020847 
0.030194 
0.081271 
0.004932 
-0.007141 
0.029269 
0.083995 
0.015483 
0.026462 
0.052831 
0.030434 
-0.111515 
-0.179318 
-0.099340 
-0.101672 
-0.101848 
-0.130373 
-0.158725 
-0.035731 
-0.056358 
-0.074815 
-0.071950 
-0.164359 
0.002964 
0.113912 
-0.002509 
0.034836 
-0.005375 
0.026178 
0.012092 
-0.043968 
0.041897 
0.017401 
0.063638 
-0.036327 
-0.079960 
-0.096337 
-0.082028 
-0.072778 
-0.031345 
-0.156472 
-0.025531 
-0.074585 
-0.091990 
-0.044650 
-0.033034 
-0.082853 
0.025832 
-0.045813 
0.095746 
0.009330 
0.061187 
0.046612 
-0.034532 
-0.053038 
0.055294 
-0.030646 
0.079736 
0.022675 
-0.093157 
0.039001 
-0.039945 
0.023084 
-0.021761 
-0.040964 
-0.053795 
-0.099129 
-0.210160 
0.066871 
-0.038284 
0.043453 
0.048644 
-0.026085 
0.007246 
0.011942 
-0.010196 
0.048794 
-0.008946 
-0.028840 
0.080068 
0.005446 
0.042678 
0.087560 
-0.151006 
-0.026491 
-0.093373 
-0.062807 
-0.056628 
-0.036562 
-0.008370 
-0.037196 
-0.000966 
-0.042815 
-0.128458 
-0.037258 
0.224963 
0.027939 
0.004981 
0.049869 
0.059380 
0.026782 
0.047729 
0.022684 
0.111332 
0.039936 
0.042723 
0.073886 
0.005534 
-0.040387 
-0.057545 
0.024258 
-0.094625 
-0.040990 
0.010780 
-0.127461 
0.004349 
-0.029735 
0.066638 
0.043316 
-0.027597 
-0.034828 
-0.015554 
0.025193 
0.010158 
0.081028 
0.062515 
0.005054 
0.042323 
0.069338 
0.087931 
-0.049319 
-0.101912 
-0.130159 
-0.100309 
-0.082016 
-0.033562 
-0.011623 
-0.012128 
-0.085921 
-0.073954 
-0.107553 
-0.023381 
-0.114517 
0.078517 
-0.005809 
-0.024587 
-0.011048 
-0.096630 
0.014985 
0.059993 
0.002342 
-0.047555 
0.002337 
0.062108 
0.031409 
-0.051056 
-0.053557 
-0.088980 
-0.012258 
-0.150833 
0.040600 
-0.039315 
-0.060127 
-0.087194 
-0.168181 
-0.040114 
-0.016911 
-0.004376 
-0.036961 
-0.070775 
-0.043934 
0.036778 
0.023953 
0.022797 
0.021749 
0.043615 
0.021520 
0.094142 
0.039052 
-0.048575 
-0.111006 
-0.074596 
-0.093597 
-0.011883 
-0.148634 
-0.002132 
-0.108899 
-0.102096 
-0.073088 
-0.030846 
-0.180755 
0.063944 
-0.015011 
-0.069469 
-0.067465 
-0.014304 
-0.035739 
0.095558 
0.024126 
0.106263 
-0.004820 
0.064973 
0.029498 
0.020133 
-0.079963 
-0.074843 
-0.009679 
-0.088336 
-0.075214 
-0.081050 
-0.081657 
-0.057754 
-0.060926 
-0.054381 
-0.080231 
0.037178 
-0.056432 
-0.114586 
-0.001748 
0.036645 
-0.095441 
0.026084 
0.045451 
-0.034985 
-0.017397 
0.064323 
-0.010196 
-0.108826 
-0.097209 
-0.121903 
-0.149564 
-0.156290 
0.005039 
-0.135454 
-0.056385 
0.012850 
0.002347 
0.017483 
0.120575 
0.056716 
0.032198 
0.006676 
0.042899 
0.097990 
-0.026982 
-0.011725 
-0.005160 
0.044103 
-0.000658 
0.098125 
0.104528 
-0.013520 
-0.112884 
-0.062678 
0.036667 
-0.014829 
-0.027908 
-0.012905 
-0.050519 
-0.089124 
0.028891 
-0.105099 
-0.056989 
0.011317 
0.028222 
0.094516 
0.042173 
0.071648 
0.002925 
0.043147 
0.015510 
0.063210 
0.105084 
0.115653 
0.018159 
-0.047197 
-0.036292 
-0.119334 
-0.029243 
-0.060877 
-0.022286 
-0.132564 
-0.016211 
-0.125217 
-0.038541 
-0.092157 
-0.055456 
-0.029819 
-0.039311 
-0.011790 
-0.055713 
0.036729 
0.086838 
-0.050382 
0.065351 
-0.107360 
-0.004826 
0.020693 
-0.009767 
-0.084833 
-0.005633 
0.024101 
-0.085832 
-0.007582 
-0.063599 
-0.036329 
-0.062403 
-0.077542 
-0.063150 
-0.031720 
-0.152580 
0.006228 
0.011742 
0.062651 
0.002622 
-0.013708 
0.014833 
-0.092466 
0.011096 
0.009689 
-0.006196 
-0.011219 
0.009587 
-0.019956 
-0.019852 
0.013823 
-0.083222 
-0.099203 
-0.070498 
-0.091455 
-0.082172 
-0.051785 
-0.032942 
0.011064 
-0.015892 
0.009020 
-0.049864 
-0.001114 
-0.029038 
0.057415 
0.077364 
0.098847 
0.064617 
-0.019947 
-0.035311 
0.010309 
0.028162 
-0.083405 
-0.032965 
-0.159484 
-0.185023 
-0.123477 
-0.134898 
-0.131514 
-0.111608 
-0.103923 
-0.134958 
-0.120083 
0.007476 
-0.019417 
-0.030899 
-0.011908 
-0.029540 
0.004248 
-0.013526 
-0.004209 
-0.010389 
-0.072500 
0.010207 
0.025640 
-0.173417 
-0.158951 
-0.100641 
-0.039479 
-0.058071 
-0.017590 
-0.100389 
-0.029068 
-0.072001 
-0.077505 
-0.001619 
-0.077674 
-0.064035 
0.005544 
-0.043435 
-0.070038 
0.079283 
-0.061327 
0.030699 
0.047923 
0.017626 
-0.007883 
0.096407 
-0.048389 
-0.020411 
-0.145188 
-0.043868 
-0.073606 
-0.059729 
-0.109053 
-0.122421 
-0.022269 
-0.091641 
-0.155431 
-0.087621 
-0.165365 
-0.113001 
0.063925 
0.010054 
0.002693 
0.013564 
0.018116 
-0.006200 
-0.019485 
0.023989 
0.020888 
-0.034328 
-0.008616 
0.018767 
-0.134945 
-0.150689 
0.008231 
-0.146463 
-0.033790 
-0.012440 
0.006416 
-0.076186 
-0.116904 
-0.074420 
-0.117793 
-0.113826 
0.077885 
0.018275 
0.014304 
0.000758 
-0.037359 
-0.020384 
0.040287 
0.110314 
0.087076 
-0.043287 
0.034815 
-0.025019 
-0.084653 
-0.057094 
-0.099727 
-0.071519 
-0.062401 
-0.074446 
-0.081298 
-0.091399 
-0.105869 
-0.039824 
-0.072743 
-0.113293 
-0.028827 
0.015319 
-0.016749 
0.033192 
0.085525 
0.019790 
0.015812 
0.004206 
0.010937 
0.027092 
0.046655 
0.003247 
-0.049584 
-0.088900 
-0.098298 
-0.050413 
-0.137960 
-0.013819 
-0.011577 
-0.082555 
-0.136697 
-0.046044 
-0.024007 
-0.084794 
0.025488 
0.004924 
-0.024812 
0.036161 
-0.016317 
0.035141 
-0.083582 
0.014986 
0.045279 
0.001628 
0.033875 
-0.045148 
-0.076545 
-0.079603 
-0.015335 
-0.128359 
-0.071723 
-0.015887 
-0.035499 
-0.130644 
0.003206 
-0.121562 
-0.116963 
-0.103152 
-0.058631 
-0.110772 
0.129921 
-0.017774 
0.082779 
0.006506 
-0.029903 
-0.009114 
-0.006629 
-0.017748 
0.096093 
-0.046927 
-0.154748 
-0.061237 
-0.016308 
-0.099263 
-0.095797 
-0.078886 
-0.106374 
-0.107122 
0.384150 
-0.114103 
-0.168065 
-0.133759 
0.079480 
-0.052737 
0.014022 
-0.029841 
-0.047535 
-0.055329 
0.042234 
-0.022494 
0.048808 
0.023932 
0.092452 
-0.024986 
-0.073147 
-0.036683 
0.240404 
-0.074271 
-0.080717 
-0.108483 
-0.114646 
-0.056520 
-0.047096 
-0.078409 
-0.009106 
0.003244 
-0.025693 
0.032196 
0.056361 
0.046824 
0.053885 
-0.006098 
0.024177 
0.040503 
0.181503 
-0.006154 
0.017010 
0.016332 
-0.065480 
-0.057866 
-0.018381 
-0.106876 
-0.061431 
-0.063049 
-0.011402 
-0.019158 
-0.030704 
-0.069723 
-0.112529 
-0.080775 
0.080113 
-0.009425 
0.020847 
0.030805 
0.049856 
0.021707 
0.007273 
-0.007325 
-0.059076 
0.050123 
0.005412 
-0.122241 
-0.072861 
-0.108801 
-0.086525 
-0.082340 
-0.095010 
-0.093619 
-0.102625 
-0.024488 
-0.093850 
-0.041579 
-0.009447 
-0.087046 
-0.051601 
-0.020428 
-0.020526 
-0.042607 
0.081393 
0.025084 
0.037870 
0.034349 
0.065083 
0.089055 
0.012127 
0.067616 
-0.011905 
-0.092443 
-0.049635 
-0.079289 
-0.144106 
-0.131337 
-0.105404 
-0.128137 
-0.098498 
-0.108039 
-0.088751 
-0.074591 
-0.027242 
0.034235 
0.060852 
-0.067369 
0.062029 
-0.001169 
0.021813 
-0.012901 
0.051016 
-0.001542 
0.081539 
0.045075 
-0.092843 
-0.038662 
-0.077680 
-0.030280 
-0.072266 
-0.072339 
-0.137943 
-0.098784 
-0.106964 
-0.185461 
-0.112287 
-0.196904 
-0.039705 
0.036259 
0.055522 
0.009873 
0.024451 
-0.093226 
0.020643 
0.020749 
0.027820 
0.026969 
0.057373 
-0.039299 
0.182858 
-0.289282 
-0.013230 
-0.064112 
-0.091831 
-0.080971 
-0.091957 
-0.089141 
0.026475 
-0.114491 
-0.105784 
-0.074590 
-0.026610 
0.029813 
0.007171 
-0.072575 
-0.026787 
-0.102754 
0.026883 
-0.000893 
-0.097869 
-0.055846 
-0.024251 
-0.072623 
-0.108318 
-0.125427 
-0.048575 
-0.055484 
-0.059707 
-0.158100 
-0.198506 
-0.079917 
-0.035980 
-0.168005 
-0.014041 
-0.111178 
0.027330 
0.058089 
-0.061474 
-0.008432 
-0.055575 
0.046452 
0.046308 
0.085931 
0.054206 
0.031626 
-0.019603 
-0.037145 
-0.045555 
-0.100090 
-0.136811 
-0.043840 
-0.138026 
-0.133021 
-0.105921 
-0.120892 
-0.197938 
-0.103899 
-0.030868 
-0.041459 
-0.031515 
0.003683 
0.043234 
0.051735 
0.269532 
-0.075368 
0.037395 
0.064069 
-0.071617 
0.019722 
-0.067136 
0.096668 
-0.136186 
-0.015011 
-0.021673 
-0.033752 
-0.032204 
-0.065537 
-0.027353 
-0.085209 
-0.036206 
-0.003105 
-0.053432 
-0.060264 
-0.013402 
-0.074394 
-0.013536 
-0.059299 
-0.091208 
-0.009124 
0.034663 
-0.015243 
0.119758 
0.013377 
-0.036685 
0.012492 
-0.072720 
-0.051567 
-0.031941 
-0.033878 
-0.030600 
-0.075529 
-0.088662 
-0.030189 
-0.089633 
-0.028917 
-0.079907 
-0.005595 
-0.069658 
0.029248 
-0.100251 
0.003165 
0.020062 
-0.002895 
0.016519 
0.039197 
0.098712 
-0.094223 
0.079399 
-0.107649 
-0.131076 
-0.063267 
-0.046936 
-0.134264 
-0.015937 
-0.053450 
-0.063403 
-0.028983 
-0.045202 
-0.049913 
-0.060926 
-0.051147 
0.103352 
0.024065 
-0.055375 
0.022196 
0.027298 
-0.001275 
0.008803 
0.025693 
-0.057002 
0.114353 
0.025948 
0.012320 
-0.019880 
0.019063 
-0.125472 
-0.114547 
-0.098973 
-0.119834 
-0.087120 
-0.051469 
0.035943 
0.012826 
-0.104366 
-0.053516 
0.087891 
-0.083096 
-0.042270 
-0.003132 
0.008032 
0.019053 
-0.059580 
-0.014816 
-0.051869 
-0.004873 
0.028300 
0.039828 
-0.072115 
-0.036623 
-0.033514 
-0.057067 
-0.067240 
-0.164323 
-0.162138 
-0.073303 
-0.120000 
-0.036447 
0.030295 
0.054663 
-0.037270 
-0.033133 
0.055287 
0.022706 
0.044925 
-0.021670 
-0.051007 
-0.047400 
0.019110 
-0.057496 
0.000100 
-0.045489 
-0.090241 
-0.099813 
-0.029993 
-0.141309 
-0.077878 
-0.104901 
-0.091485 
-0.044200 
-0.050041 
-0.046867 
-0.102280 
-0.133946 
-0.010616 
-0.066585 
-0.021801 
-0.039500 
0.062224 
-0.110629 
0.008107 
-0.023252 
-0.044681 
0.030888 
0.064845 
0.082474 
-0.068790 
-0.100673 
-0.028507 
-0.125938 
-0.116910 
-0.126255 
-0.142740 
-0.075777 
0.017204 
-0.064102 
-0.093704 
-0.141010 
-0.061736 
0.034699 
-0.013324 
-0.027960 
-0.006494 
0.035502 
-0.057217 
0.021449 
-0.057881 
0.063825 
0.004068 
-0.088702 
-0.102044 
-0.081698 
-0.125830 
-0.179757 
-0.150121 
-0.039537 
-0.167255 
-0.071689 
-0.065038 
-0.043843 
-0.035249 
-0.081685 
-0.001958 
0.013236 
-0.006814 
-0.037426 
0.002406 
0.004687 
-0.014376 
-0.065534 
0.025414 
0.057289 
-0.014494 
-0.046825 
-0.010173 
-0.027528 
-0.055171 
-0.085583 
-0.066356 
0.002054 
-0.050208 
-0.094083 
-0.010251 
-0.013081 
-0.015364 
0.006000 
0.033815 
0.056132 
-0.042119 
0.025969 
0.079589 
0.125612 
0.004398 
0.044148 
-0.129595 
0.065117 
0.007214 
0.100702 
-0.064061 
0.097680 
-0.151304 
-0.011455 
0.024438 
-0.073207 
0.022598 
-0.100163 
-0.040491 
-0.025840 
-0.047361 
-0.120587 
0.015896 
0.015892 
0.135814 
-0.049931 
-0.061733 
-0.116458 
-0.018819 
0.035725 
0.057764 
-0.007525 
0.100936 
-0.005810 
0.011555 
0.057063 
-0.054688 
0.005314 
-0.063234 
0.009223 
-0.118761 
-0.020956 
-0.079104 
-0.010631 
-0.005140 
-0.030426 
0.019532 
-0.057328 
0.038575 
0.043443 
0.085003 
-0.004882 
0.064653 
0.104484 
-0.021380 
0.022870 
0.104788 
-0.253227 
-0.080675 
-0.053029 
-0.037401 
-0.072171 
-0.141581 
-0.005061 
-0.132958 
-0.085834 
-0.121639 
-0.036876 
-0.072189 
-0.127584 
0.025414 
-0.072335 
0.046693 
0.082204 
-0.040606 
-0.005421 
0.006989 
0.008073 
0.013797 
-0.014571 
-0.034386 
-0.050179 
-0.080685 
-0.080723 
-0.165655 
-0.013982 
-0.095156 
-0.148468 
-0.037346 
-0.123251 
-0.079637 
-0.159877 
-0.095365 
-0.141718 
0.284329 
-0.004409 
0.048180 
-0.093826 
0.014837 
0.075489 
-0.017027 
-0.050241 
0.015209 
-0.063385 
-0.012876 
-0.066245 
-0.100511 
-0.030028 
-0.078769 
-0.071016 
-0.053058 
-0.094582 
-0.133434 
-0.122396 
-0.061427 
-0.128625 
-0.058820 
-0.096846 
0.103928 
-0.130238 
-0.002413 
-0.018291 
-0.003548 
-0.079549 
0.030956 
0.157162 
-0.087957 
0.033716 
-0.039951 
0.010242 
-0.043095 
-0.045305 
-0.040536 
0.021240 
-0.064476 
-0.038689 
-0.038184 
-0.091513 
-0.130420 
-0.078631 
-0.028471 
-0.038868 
0.032386 
-0.106650 
-0.075101 
-0.072781 
-0.037634 
0.042906 
0.114122 
-0.040991 
0.016525 
-0.070645 
-0.021059 
-0.032520 
-0.113903 
-0.167311 
-0.163701 
-0.094032 
-0.120928 
-0.108977 
-0.155245 
-0.054079 
0.047655 
0.045479 
-0.042627 
-0.125628 
0.051605 
-0.046297 
0.053664 
0.063603 
-0.009602 
-0.018031 
0.025909 
-0.052679 
0.054773 
0.037597 
0.073553 
0.146241 
-0.080282 
-0.065791 
-0.012577 
-0.146227 
-0.019687 
-0.092902 
-0.053862 
-0.125938 
-0.043140 
0.038488 
-0.098953 
0.157064 
0.162147 
0.010128 
-0.042735 
0.081771 
0.074107 
0.051980 
-0.000020 
0.047484 
0.040557 
0.009885 
0.135485 
-0.001972 
-0.049195 
-0.065409 
-0.058913 
-0.033485 
-0.046780 
-0.039580 
-0.144031 
-0.046007 
-0.110653 
-0.006515 
-0.050752 
-0.032977 
0.098850 
0.018301 
-0.013706 
-0.075955 
-0.070068 
-0.065430 
0.004662 
0.010431 
0.059416 
-0.005193 
-0.018753 
0.075577 
-0.025377 
-0.040106 
-0.127719 
0.021622 
-0.034630 
-0.149318 
-0.043150 
-0.018933 
-0.066243 
0.001508 
0.039097 
-0.093787 
-0.142993 
0.118314 
0.005092 
-0.000054 
-0.022987 
0.018695 
-0.021673 
-0.057718 
-0.012745 
-0.009494 
-0.001215 
-0.146856 
-0.057851 
-0.125529 
-0.111953 
-0.064590 
-0.049382 
-0.102789 
-0.188629 
-0.055994 
0.023608 
-0.030802 
-0.046067 
-0.128012 
0.026477 
0.028324 
-0.011091 
0.001541 
-0.030045 
0.030168 
0.043483 
-0.051341 
0.053253 
0.034669 
0.005874 
-0.012897 
-0.097310 
-0.102442 
-0.068438 
-0.007768 
-0.094128 
-0.080857 
-0.096253 
-0.116518 
-0.070624 
0.021511 
-0.044144 
-0.064100 
-0.138959 
0.007479 
-0.002086 
-0.041801 
0.012948 
0.001233 
-0.050807 
-0.021710 
0.043533 
-0.021979 
-0.021408 
-0.063156 
-0.084227 
-0.139068 
-0.170195 
-0.098716 
-0.135539 
-0.147951 
-0.089529 
-0.168701 
-0.094152 
-0.044573 
-0.083344 
-0.083069 
-0.084193 
-0.021002 
-0.025105 
-0.052097 
0.044849 
-0.066660 
-0.049530 
-0.094835 
-0.030150 
0.069014 
0.082946 
0.045246 
-0.169351 
-0.090927 
-0.133189 
-0.053948 
-0.110989 
-0.012543 
-0.071474 
-0.235477 
-0.157444 
-0.129687 
-0.041746 
-0.168132 
-0.193088 
0.043953 
-0.045705 
0.005152 
-0.029850 
-0.052484 
-0.045256 
0.018571 
0.033890 
-0.166749 
0.054558 
-0.055237 
-0.076520 
-0.060405 
-0.085452 
-0.109854 
-0.068518 
-0.077793 
-0.073301 
-0.106679 
-0.098424 
-0.101557 
-0.064119 
-0.050606 
-0.058335 
-0.011710 
0.104832 
-0.092182 
-0.082060 
-0.069373 
-0.018852 
-0.026503 
0.049544 
0.020565 
-0.063527 
0.001801 
-0.037994 
-0.034865 
0.014313 
-0.048240 
0.030919 
-0.072932 
-0.029824 
-0.115127 
-0.052327 
-0.036460 
-0.096047 
-0.050608 
-0.059556 
0.024587 
-0.032380 
-0.009062 
0.004164 
-0.041806 
-0.059332 
-0.036892 
-0.118652 
-0.100671 
-0.047468 
-0.083299 
-0.087306 
-0.111800 
-0.029121 
-0.100917 
-0.038077 
-0.015591 
-0.058573 
-0.046125 
-0.122485 
-0.034070 
-0.152629 
-0.106887 
0.044049 
-0.061128 
0.004425 
0.051631 
-0.034816 
0.019219 
-0.008936 
-0.061381 
-0.021488 
-0.085671 
-0.068325 
-0.055981 
-0.050521 
-0.040190 
-0.020124 
-0.048741 
0.035581 
-0.075952 
-0.012664 
-0.146220 
-0.052329 
-0.115302 
-0.063596 
-0.140258 
0.038575 
-0.008383 
0.025623 
-0.017298 
-0.042548 
-0.054766 
-0.045087 
-0.059361 
-0.006265 
0.028202 
0.030816 
-0.051994 
-0.092058 
-0.070596 
-0.109311 
-0.149760 
-0.141338 
-0.117803 
-0.141934 
-0.050810 
0.126430 
-0.131176 
-0.151901 
-0.213660 
0.006754 
0.031404 
0.018680 
-0.014587 
-0.064531 
0.087846 
0.003295 
0.135276 
-0.000695 
0.016386 
0.013386 
0.002355 
0.033069 
-0.061490 
-0.065106 
-0.095905 
-0.107731 
-0.083489 
-0.085417 
-0.041863 
-0.041565 
-0.075635 
-0.150079 
-0.083749 
-0.021127 
0.033305 
-0.006950 
0.027495 
0.009238 
0.053555 
-0.113335 
0.014120 
-0.080563 
0.016581 
-0.011846 
0.006891 
-0.128817 
-0.073133 
-0.136703 
-0.088012 
-0.085661 
-0.014278 
-0.109268 
0.159266 
-0.060346 
-0.013771 
-0.055779 
0.005302 
0.010004 
-0.074409 
-0.036861 
-0.000393 
-0.001896 
-0.000506 
-0.016744 
-0.049358 
-0.054369 
-0.035393 
-0.107696 
0.143738 
-0.014495 
-0.118526 
-0.187928 
-0.063744 
-0.104465 
-0.070976 
-0.070023 
-0.093279 
-0.055253 
-0.085642 
-0.051769 
-0.040087 
-0.051729 
-0.031205 
-0.002374 
0.012087 
-0.077290 
-0.054498 
-0.050970 
-0.042196 
-0.006344 
0.056100 
-0.012766 
0.006706 
-0.079791 
-0.070903 
-0.126400 
-0.087564 
0.071006 
-0.028257 
-0.060873 
-0.020385 
-0.016264 
-0.095403 
-0.035917 
-0.057079 
-0.078738 
-0.039470 
-0.027116 
0.010854 
0.001969 
-0.042591 
-0.001900 
-0.012772 
-0.136432 
0.005769 
0.042568 
0.035916 
-0.030758 
-0.104784 
-0.024962 
-0.084473 
-0.185433 
-0.071460 
-0.116743 
-0.099495 
-0.091242 
-0.049390 
-0.114985 
-0.073618 
-0.052701 
0.006458 
-0.055772 
-0.014166 
-0.104002 
-0.001563 
0.007777 
-0.005573 
-0.007987 
-0.042781 
-0.041791 
-0.048468 
-0.056964 
-0.141903 
-0.098370 
-0.084393 
-0.107268 
-0.137766 
-0.057444 
-0.066802 
-0.068445 
-0.092824 
-0.118191 
-0.126537 
0.005393 
0.008684 
-0.012165 
0.443540 
-0.024759 
0.035878 
-0.026955 
0.054712 
0.104218 
0.109812 
-0.111580 
-0.145069 
-0.120639 
-0.096430 
-0.079270 
-0.095651 
-0.104602 
-0.059476 
-0.057212 
-0.098467 
-0.103413 
-0.097199 
-0.093292 
-0.109619 
0.003016 
-0.118092 
-0.032679 
-0.012168 
-0.072448 
-0.002641 
-0.076680 
-0.053816 
-0.082213 
0.022500 
-0.032532 
-0.081922 
-0.129897 
-0.098449 
-0.083961 
-0.068660 
-0.107158 
-0.106145 
-0.109726 
-0.028885 
-0.145646 
-0.064164 
-0.149920 
0.151960 
-0.015016 
-0.015927 
-0.092951 
-0.008294 
-0.016770 
-0.047890 
-0.033085 
-0.111660 
-0.103513 
-0.079884 
0.021885 
-0.043095 
-0.124628 
-0.071756 
-0.160126 
-0.036152 
-0.062518 
-0.090141 
-0.178276 
-0.036936 
-0.165643 
-0.007691 
-0.107361 
-0.085023 
0.188338 
-0.056098 
-0.114630 
-0.016604 
-0.004427 
-0.098428 
-0.104361 
-0.010781 
-0.019189 
-0.052035 
-0.062213 
-0.030842 
-0.064313 
-0.048835 
-0.147296 
-0.122099 
-0.172138 
-0.044553 
-0.110155 
-0.055246 
-0.200468 
-0.096898 
-0.127496 
-0.079276 
-0.107884 
-0.042619 
0.043150 
-0.004681 
-0.058493 
-0.067712 
-0.042314 
-0.091316 
-0.090519 
-0.027876 
-0.023343 
-0.083032 
-0.130946 
-0.052417 
0.141689 
-0.093105 
-0.051266 
-0.072702 
-0.208646 
-0.089382 
-0.132544 
-0.021734 
-0.066181 
-0.110732 
-0.037956 
-0.104002 
-0.019031 
-0.034879 
-0.058335 
-0.074811 
0.134281 
-0.096096 
-0.017261 
-0.009881 
-0.026805 
-0.068211 
-0.150817 
-0.060907 
-0.103781 
-0.106950 
-0.049500 
-0.124958 
-0.230908 
-0.053434 
-0.089711 
-0.055363 
-0.108537 
-0.115955 
-0.037650 
-0.004696 
0.087112 
-0.010489 
-0.015075 
0.061879 
-0.007694 
0.044194 
-0.003687 
-0.013265 
-0.022516 
0.013256 
-0.130411 
-0.056750 
-0.128994 
-0.079496 
-0.129871 
0.033997 
-0.113827 
-0.072838 
-0.067786 
-0.120135 
-0.058653 
-0.102893 
0.016126 
0.212944 
-0.071571 
-0.121722 
0.038575 
-0.012821 
-0.027035 
0.047091 
-0.035027 
0.026520 
0.029102 
-0.029779 
-0.087676 
-0.152959 
-0.125835 
-0.100627 
-0.126175 
-0.011609 
-0.090356 
-0.045217 
-0.067121 
-0.046876 
-0.112630 
-0.136634 
-0.106338 
0.009798 
0.071199 
-0.012196 
-0.068060 
0.056878 
-0.018520 
0.003633 
-0.095192 
-0.049727 
-0.082868 
-0.077296 
-0.044020 
-0.061168 
-0.016744 
-0.095318 
-0.093858 
-0.074307 
-0.122966 
-0.032066 
0.272779 
-0.074678 
-0.156102 
-0.001141 
-0.121911 
-0.039175 
0.069455 
0.040282 
-0.062132 
-0.044179 
0.035182 
-0.013181 
-0.020188 
-0.080403 
-0.000724 
-0.068676 
-0.232378 
0.032210 
-0.055144 
-0.058438 
-0.015974 
-0.027657 
-0.010688 
-0.010997 
-0.040198 
-0.104202 
-0.078635 
0.036906 
-0.037298 
0.171974 
0.009594 
-0.040135 
0.105954 
0.083686 
-0.114497 
0.015498 
-0.074760 
0.028234 
0.028907 
0.045565 
-0.101658 
-0.086096 
-0.118717 
-0.014765 
-0.082468 
-0.046392 
-0.055649 
-0.117662 
-0.034783 
0.016455 
-0.110116 
-0.007847 
0.031193 
-0.040836 
-0.018337 
0.032601 
-0.013143 
0.008117 
-0.126078 
-0.020570 
0.033678 
0.057861 
-0.016347 
0.067577 
-0.087909 
-0.025900 
-0.108435 
0.033686 
-0.062831 
0.012683 
-0.077351 
-0.125132 
-0.094125 
-0.040573 
-0.140026 
0.081455 
0.015221 
-0.008350 
-0.055184 
0.049131 
0.016001 
-0.036908 
-0.022986 
0.027664 
-0.033712 
0.181997 
0.029675 
0.003197 
-0.132975 
-0.113897 
-0.103295 
-0.060035 
-0.084284 
0.049183 
-0.162805 
-0.132596 
-0.123921 
0.088760 
-0.002759 
-0.018078 
-0.029047 
0.002032 
-0.182178 
-0.068635 
-0.048138 
0.006437 
-0.060956 
-0.085049 
-0.071098 
0.001811 
-0.007480 
-0.042014 
-0.079060 
-0.067937 
0.016328 
-0.045055 
-0.101117 
-0.097809 
-0.043690 
-0.022493 
-0.060441 
0.080161 
-0.178018 
-0.085295 
-0.051771 
-0.009631 
-0.029412 
-0.014168 
0.009426 
-0.030638 
0.013043 
-0.010510 
-0.042317 
0.019564 
-0.046093 
0.035113 
-0.074580 
-0.109995 
-0.097614 
-0.100730 
-0.093357 
-0.052034 
-0.025180 
0.048119 
-0.133310 
-0.101267 
-0.031019 
-0.121096 
-0.136094 
-0.082682 
0.051092 
-0.095687 
0.016091 
-0.048529 
-0.111830 
-0.025289 
-0.030713 
-0.039900 
0.016352 
0.002442 
-0.090592 
-0.000799 
-0.092470 
0.027992 
-0.083359 
-0.123144 
-0.134493 
-0.128298 
-0.117655 
-0.090615 
-0.131000 
-0.113405 
-0.073740 
0.009310 
-0.000839 
0.025122 
-0.016630 
-0.043125 
-0.047784 
-0.005134 
-0.069318 
-0.004413 
-0.080901 
0.019701 
-0.095499 
-0.102095 
-0.073002 
-0.044730 
-0.191566 
-0.157480 
-0.012678 
-0.062139 
-0.076476 
-0.078716 
-0.063950 
-0.106258 
-0.128547 
0.021326 
-0.070687 
0.043746 
-0.012828 
0.003240 
-0.099845 
-0.017576 
-0.045257 
-0.088757 
-0.074304 
0.109428 
-0.306360 
-0.086120 
-0.108186 
-0.082123 
-0.053681 
0.127196 
-0.046768 
-0.020110 
-0.137398 
-0.060731 
-0.109516 
-0.056384 
0.000979 
0.009458 
-0.033861 
0.030271 
-0.047760 
0.099163 
-0.015406 
-0.010167 
-0.101993 
-0.030020 
-0.020044 
0.030989 
-0.107458 
-0.030541 
-0.079008 
-0.055563 
-0.061907 
-0.094114 
-0.128906 
-0.104815 
-0.075838 
-0.092902 
0.018766 
-0.088249 
-0.014067 
0.000544 
0.001400 
0.024433 
-0.088365 
0.024817 
-0.091481 
-0.048891 
-0.161340 
-0.024172 
-0.009937 
-0.043484 
-0.045738 
-0.057358 
-0.089384 
-0.029520 
-0.124970 
-0.146779 
-0.032655 
-0.067480 
-0.039990 
-0.062189 
-0.032565 
-0.052779 
-0.054768 
-0.001973 
0.017341 
-0.017083 
0.006082 
-0.039652 
-0.068409 
-0.035820 
0.091232 
-0.117106 
-0.184202 
-0.081240 
-0.092507 
-0.130714 
-0.052645 
-0.066733 
-0.076173 
-0.073083 
0.004484 
-0.027388 
-0.116534 
-0.109824 
-0.145447 
-0.053172 
0.034268 
-0.032028 
-0.119867 
-0.007743 
0.080422 
-0.071099 
-0.058762 
-0.058919 
-0.090353 
-0.056784 
-0.091037 
-0.035614 
-0.157567 
-0.115900 
-0.042153 
-0.059199 
-0.056551 
0.000335 
-0.047888 
-0.178553 
-0.095233 
-0.188053 
-0.144057 
-0.059679 
-0.028177 
0.001781 
0.164364 
-0.032589 
-0.037051 
-0.013754 
0.087497 
0.027253 
-0.097799 
-0.040162 
0.030303 
-0.036058 
-0.072113 
-0.024310 
-0.039508 
-0.084004 
-0.071369 
-0.105836 
-0.056528 
-0.032291 
-0.057820 
0.048888 
-0.068096 
0.020830 
-0.050902 
-0.037640 
0.106118 
0.019906 
-0.043398 
0.055324 
-0.128242 
-0.013603 
0.010094 
0.034379 
-0.029622 
-0.048116 
-0.046267 
-0.013564 
-0.061798 
-0.057740 
-0.048575 
-0.049380 
-0.103439 
-0.054718 
-0.031126 
-0.021736 
-0.114254 
-0.018396 
-0.099633 
-0.029192 
-0.047711 
0.021969 
-0.055306 
-0.022511 
-0.008918 
0.098399 
-0.084607 
-0.023573 
-0.122149 
-0.051564 
-0.240975 
-0.043547 
-0.141630 
-0.024689 
-0.092655 
-0.036040 
-0.117269 
-0.118520 
-0.055391 
-0.074487 
-0.029563 
0.007287 
0.040155 
0.025480 
0.063042 
-0.052546 
-0.188177 
0.048256 
0.000276 
-0.007371 
-0.094269 
0.016968 
0.044260 
-0.013408 
-0.057023 
0.066651 
-0.049358 
-0.048959 
-0.072994 
0.020214 
-0.097142 
-0.048272 
-0.086979 
0.030222 
0.038652 
-0.049697 
-0.075005 
0.032027 
0.005851 
0.087082 
0.029460 
-0.141787 
0.014208 
-0.076161 
-0.111968 
-0.156488 
0.061400 
0.005274 
-0.130405 
-0.033087 
0.037626 
-0.066705 
-0.092670 
-0.051227 
-0.121906 
-0.063655 
-0.093257 
-0.097696 
-0.043766 
-0.088200 
-0.185127 
-0.020649 
0.038252 
0.020823 
-0.011146 
-0.033592 
-0.069463 
-0.104847 
-0.045855 
-0.008432 
-0.008710 
-0.041023 
-0.022933 
-0.045171 
0.076945 
-0.046146 
0.072241 
-0.010348 
-0.157765 
-0.081605 
-0.112414 
-0.080401 
-0.175789 
-0.111341 
0.029928 
0.035119 
-0.025327 
0.070424 
0.063989 
-0.073738 
-0.035203 
0.029578 
0.012596 
-0.013124 
-0.066768 
-0.009934 
-0.025202 
-0.058632 
-0.053290 
-0.071070 
-0.027538 
-0.113097 
-0.152431 
-0.127400 
-0.125606 
-0.065794 
-0.078410 
-0.058020 
-0.064043 
-0.033839 
-0.087155 
0.062961 
-0.068989 
-0.031672 
-0.051321 
0.028289 
-0.001306 
-0.041301 
-0.038672 
0.111221 
-0.152064 
-0.123426 
0.016396 
-0.111912 
-0.048754 
-0.007282 
-0.178827 
-0.032248 
-0.021103 
-0.115148 
-0.112635 
-0.168574 
-0.037101 
0.085741 
-0.105995 
-0.057005 
-0.023538 
-0.050366 
0.030606 
-0.012758 
0.009138 
-0.043719 
-0.219024 
-0.130657 
-0.010446 
0.021542 
-0.074542 
-0.084463 
-0.076415 
0.047942 
-0.145623 
-0.006007 
-0.036716 
0.027871 
-0.159883 
-0.102525 
-0.072917 
0.057077 
-0.108744 
-0.002597 
-0.083393 
0.066865 
0.142418 
-0.080905 
-0.067177 
-0.065762 
0.044165 
-0.062107 
-0.173400 
-0.123646 
-0.129870 
-0.108974 
-0.128373 
0.012534 
0.031107 
-0.035939 
-0.167328 
0.002442 
-0.090972 
-0.020965 
0.012478 
-0.091931 
-0.047598 
-0.030925 
-0.109850 
0.122882 
0.063855 
-0.007455 
-0.066700 
-0.057010 
-0.077793 
-0.043450 
-0.047724 
-0.001466 
-0.094251 
-0.089340 
-0.140673 
-0.005909 
-0.144374 
-0.000756 
-0.058861 
0.065675 
0.062788 
-0.008458 
-0.032501 
-0.036443 
-0.008401 
-0.028452 
-0.019417 
0.041701 
0.009172 
-0.033354 
-0.104092 
-0.000021 
0.003042 
0.000301 
-0.085523 
-0.120483 
-0.103868 
0.036376 
-0.065537 
-0.093566 
-0.095144 
-0.095729 
-0.057842 
0.062994 
-0.236873 
0.074768 
0.027039 
-0.021593 
0.039131 
0.011056 
-0.063610 
-0.000852 
-0.005786 
-0.025151 
-0.091123 
-0.031838 
-0.079485 
-0.011995 
-0.153218 
-0.062028 
-0.029649 
-0.043767 
-0.131692 
-0.096040 
-0.115386 
-0.021534 
-0.083073 
-0.075889 
0.000302 
-0.014068 
-0.043652 
-0.061460 
-0.042772 
-0.019661 
-0.049340 
-0.020947 
-0.027242 
-0.011178 
0.042251 
0.104953 
0.068057 
-0.096521 
-0.065452 
-0.037614 
-0.052847 
-0.152107 
-0.138359 
-0.043512 
-0.095925 
-0.077613 
-0.106806 
-0.060979 
-0.059655 
-0.070011 
-0.041136 
-0.046017 
0.014779 
-0.099872 
-0.022226 
-0.139638 
-0.066444 
-0.139494 
-0.030406 
-0.015349 
-0.044521 
0.013681 
-0.098546 
-0.082923 
-0.085646 
-0.083927 
-0.091580 
-0.202162 
0.015060 
-0.088024 
-0.051063 
-0.017628 
-0.017245 
-0.019381 
-0.001403 
0.017993 
0.049530 
-0.045574 
0.000665 
-0.001831 
-0.054222 
0.017166 
-0.046410 
0.000861 
-0.019841 
0.035665 
-0.146527 
-0.104662 
-0.080960 
-0.081602 
-0.014495 
-0.081681 
-0.054432 
-0.085379 
-0.091888 
-0.064177 
-0.066793 
-0.000242 
0.031772 
0.017703 
0.070012 
-0.022694 
-0.055725 
-0.022479 
-0.039524 
-0.060472 
-0.049284 
-0.006762 
0.021932 
0.002719 
0.060072 
-0.126530 
0.108339 
-0.135270 
-0.168503 
-0.209689 
-0.147305 
-0.087436 
-0.090473 
-0.183139 
-0.094362 
-0.143706 
-0.025164 
-0.045161 
0.018424 
-0.105113 
-0.113137 
-0.339282 
-0.046943 
-0.054863 
0.018682 
-0.074714 
0.043757 
-0.063291 
-0.164354 
-0.021180 
-0.115013 
-0.113524 
-0.044482 
-0.063322 
-0.154608 
-0.166790 
-0.129096 
-0.092127 
-0.086979 
-0.149899 
0.000443 
-0.059349 
-0.041746 
-0.046723 
-0.083419 
-0.097827 
-0.004958 
-0.081826 
-0.018414 
-0.051071 
-0.105220 
-0.124404 
-0.084959 
-0.061487 
-0.139544 
-0.099506 
-0.155436 
-0.123104 
-0.108134 
-0.189787 
-0.086898 
-0.187410 
-0.173986 
-0.175400 
-0.056130 
-0.117602 
-0.052063 
-0.070104 
-0.008875 
-0.069607 
0.096473 
-0.119928 
-0.052015 
-0.065350 
-0.052534 
-0.052511 
-0.098568 
-0.086323 
-0.191213 
-0.070693 
-0.123467 
-0.098521 
-0.070868 
-0.083327 
-0.115286 
-0.179382 
-0.145793 
-0.060738 
0.010407 
-0.009700 
0.000787 
-0.057462 
-0.058186 
-0.060809 
-0.049752 
0.010440 
0.018004 
-0.127883 
0.039673 
-0.129863 
-0.060970 
0.037070 
-0.028769 
-0.081979 
-0.013597 
-0.046847 
-0.106100 
-0.100421 
-0.042325 
-0.043375 
-0.019074 
-0.121617 
-0.063555 
0.043929 
-0.008595 
-0.030506 
-0.110603 
-0.036375 
-0.105648 
0.044662 
-0.004985 
0.122348 
0.044720 
0.043273 
0.234945 
-0.072111 
-0.078007 
0.093802 
-0.088162 
-0.093040 
-0.037673 
-0.139302 
-0.119219 
-0.087141 
-0.069105 
-0.075911 
0.056224 
-0.010506 
0.022598 
0.031420 
0.028426 
-0.047985 
-0.089604 
-0.022171 
-0.018480 
0.113026 
0.023141 
0.018307 
-0.061756 
-0.002737 
-0.054237 
-0.079582 
-0.093553 
-0.062129 
-0.097773 
0.004217 
-0.094687 
-0.023882 
-0.018441 
-0.137848 
-0.070405 
0.040308 
0.121052 
0.097754 
-0.047828 
0.043258 
-0.019544 
-0.074648 
-0.007090 
-0.033712 
-0.034878 
-0.002929 
-0.025378 
-0.115947 
-0.049047 
-0.043053 
-0.009226 
-0.100070 
-0.072400 
0.096529 
-0.079209 
-0.026724 
-0.048191 
-0.054977 
-0.123208 
-0.085456 
-0.028103 
0.039207 
-0.107839 
0.001029 
-0.031181 
-0.099487 
-0.019604 
-0.155486 
-0.023883 
0.040964 
-0.018653 
0.016769 
-0.023455 
-0.140997 
-0.134208 
-0.096006 
-0.094431 
-0.087348 
0.209434 
-0.050295 
-0.060931 
-0.062779 
0.007583 
-0.027765 
-0.022250 
-0.037303 
-0.133121 
-0.048092 
-0.005567 
-0.013594 
-0.087116 
-0.072493 
-0.065444 
-0.002025 
-0.083226 
-0.075429 
-0.124199 
-0.088252 
-0.038524 
-0.082548 
-0.105617 
-0.073117 
-0.072948 
-0.172551 
-0.011588 
-0.074698 
0.085814 
-0.016370 
-0.055365 
0.078156 
0.082698 
0.003193 
-0.011429 
-0.074866 
-0.048712 
-0.063355 
-0.032519 
-0.140995 
-0.085885 
0.050157 
-0.043372 
-0.064617 
-0.090403 
-0.088348 
-0.142958 
-0.086783 
