0.083651 
0.340832 
-0.050057 
0.065012 
-0.149281 
-0.367939 
-0.177048 
0.486645 
-0.079312 
0.379381 
0.686090 
0.350171 
-0.134425 
-0.069687 
-0.019908 
-0.043291 
-0.410425 
-0.261790 
-0.329445 
-0.009868 
-0.025494 
0.045039 
-0.328197 
0.028021 
-0.441415 
-0.118724 
0.053177 
-0.345729 
-0.303621 
-0.078534 
1.178635 
-0.027956 
0.012884 
0.020946 
0.070941 
0.129284 
0.118565 
-0.284985 
0.236536 
0.045134 
0.072605 
-0.162227 
0.117116 
0.213881 
0.010052 
-0.124597 
-0.016667 
0.066682 
-0.338082 
-0.156215 
-0.340646 
-0.017439 
-0.649832 
-0.118006 
-0.623438 
-0.200478 
-0.099591 
0.043645 
0.111273 
-0.013746 
0.013908 
0.272866 
0.056979 
0.022077 
-0.021159 
-0.244335 
0.563592 
0.298948 
-0.145747 
-0.053194 
-0.235940 
-0.060971 
0.520435 
0.010978 
0.088290 
-0.353324 
-0.102710 
-0.035127 
0.080985 
0.045040 
-0.416448 
-0.165563 
-0.043751 
0.015467 
-0.060385 
-0.105720 
-0.039055 
0.106836 
-0.092148 
0.084266 
0.082036 
0.147729 
-0.045518 
-0.042735 
-0.058207 
0.002357 
-0.043901 
-0.096961 
-0.046295 
0.022365 
-0.102054 
-0.021955 
-0.046392 
0.213200 
-0.056378 
-0.057530 
-0.242680 
0.275458 
0.041664 
0.101577 
-0.110702 
-0.129442 
-0.117164 
0.064180 
-0.291062 
0.009724 
0.443192 
0.488459 
0.344627 
0.240493 
0.432655 
0.235476 
0.579708 
0.079369 
-0.159466 
0.007129 
-0.193874 
0.211037 
0.164414 
0.283229 
0.121051 
0.195807 
0.067632 
0.020749 
-0.389579 
0.045913 
0.093676 
0.173024 
0.108297 
0.127584 
0.120373 
0.381921 
0.392801 
-0.036241 
-0.041481 
-0.104663 
-0.272886 
0.088992 
0.237915 
-0.080648 
0.393984 
-0.009252 
0.378153 
0.146855 
0.039210 
0.172448 
0.298859 
0.081866 
-0.140007 
0.058404 
0.138047 
-0.279055 
-0.351037 
0.185475 
0.006788 
-0.051483 
0.079057 
-0.007621 
-0.158995 
-0.066564 
0.297259 
0.380921 
0.077103 
0.058480 
-0.441801 
-0.171581 
0.172665 
-0.006456 
-0.057128 
-0.653838 
-0.071626 
-0.182372 
0.129112 
-0.205603 
-0.157768 
0.494981 
0.076020 
0.132285 
-0.014830 
0.265554 
0.137184 
0.273142 
-0.037705 
0.058755 
-0.030210 
0.106325 
-0.107451 
-0.052723 
-0.150446 
-0.266210 
-0.246932 
0.065966 
-0.163749 
0.102874 
-0.114039 
0.076976 
-0.147300 
-0.162095 
0.079781 
-0.269068 
-0.142397 
0.060723 
-0.135462 
0.041292 
0.007370 
0.046990 
0.078818 
-0.141856 
-0.233386 
0.108900 
-0.116993 
0.208038 
-0.130213 
0.675439 
-0.121492 
0.009451 
-0.006689 
-0.775014 
-0.171833 
0.039775 
-0.281711 
0.209593 
0.150986 
-0.168390 
0.154768 
-0.112867 
-0.125109 
0.008212 
-0.090410 
0.057504 
-0.421162 
-0.110715 
-0.125678 
0.167510 
-0.072255 
-0.051640 
-0.133310 
0.192830 
-0.127273 
-0.251926 
0.018373 
-0.101603 
-0.166892 
-0.275519 
-0.102254 
-0.447096 
-0.325972 
0.025502 
0.049222 
0.038833 
-0.276526 
0.218773 
-0.015047 
-0.224053 
0.072518 
0.047255 
-0.249106 
0.069150 
-0.022829 
0.517455 
-0.077452 
-0.256935 
-0.007499 
0.335923 
-0.119613 
-0.038675 
-0.138790 
0.037486 
-0.259210 
0.097817 
-0.291366 
0.539178 
-0.115396 
-0.468844 
-0.049212 
-0.003753 
0.345528 
0.861394 
0.439310 
0.064121 
-0.478491 
-0.451719 
-0.106130 
-0.191626 
0.068134 
-0.140182 
-0.875607 
0.306896 
-0.205203 
0.043493 
-0.165403 
0.122603 
-0.394650 
-0.334994 
0.039288 
0.032882 
-0.317255 
-0.178788 
-0.385672 
-0.109602 
0.088733 
-0.489050 
0.139612 
0.713374 
-0.074613 
0.253364 
0.125116 
-0.006973 
0.032321 
0.194118 
-0.144601 
-0.010393 
-0.035979 
0.026355 
0.263020 
0.013599 
0.026107 
-0.405091 
-0.111166 
-0.021524 
0.090062 
0.168016 
0.112160 
0.011597 
0.057504 
0.036946 
-0.204881 
0.054512 
-0.091011 
0.143069 
-0.009709 
0.199494 
-0.096495 
-0.348592 
0.031175 
0.351875 
-0.022551 
-0.218504 
-0.017007 
0.184345 
0.062981 
0.088588 
-0.142432 
-0.261447 
0.064984 
0.053709 
-0.141089 
0.009510 
-0.485236 
0.235966 
-0.164345 
0.058853 
-0.147290 
-0.112680 
0.001749 
-0.086248 
-0.198472 
0.078326 
-0.177597 
-0.119128 
-0.076389 
-0.404083 
0.026555 
0.161833 
1.145414 
-0.349816 
-0.317953 
0.269174 
0.157804 
0.070368 
-0.275168 
0.100525 
0.261920 
0.048081 
-0.114814 
0.023453 
-0.069211 
-0.279738 
-0.140772 
-0.206097 
-0.131690 
-0.036515 
-0.102009 
0.081705 
-0.157274 
0.223941 
0.000819 
0.209155 
-0.057653 
-0.113294 
0.253785 
-0.018968 
0.134801 
-0.306758 
-0.333383 
-0.289084 
0.189983 
0.282574 
-0.738843 
-0.394025 
-0.186798 
0.944540 
0.028661 
0.756572 
-0.158443 
0.221707 
-0.070124 
-0.173692 
-0.079250 
-0.032092 
-0.035250 
0.001765 
0.279071 
-0.698077 
0.168818 
0.096812 
-0.034869 
-0.243219 
-0.045521 
0.306600 
-0.233822 
0.196231 
0.041561 
0.118820 
-0.208054 
0.118192 
-0.031222 
-0.002335 
-0.030632 
0.001069 
-0.080129 
-0.293903 
0.033762 
0.117243 
0.102440 
0.272217 
0.005287 
0.090242 
0.124813 
-0.418182 
-0.065170 
0.079790 
-0.086239 
0.004868 
-0.206301 
-0.090597 
-0.002740 
0.086833 
0.405498 
0.329532 
0.471877 
-0.107067 
0.114512 
-0.033943 
0.206128 
-0.037590 
-0.188608 
-0.095447 
0.043854 
0.023963 
0.203532 
-0.055754 
0.029659 
-0.099764 
-0.108381 
-0.233741 
0.122989 
0.922616 
-0.050413 
0.326647 
0.112280 
-0.060036 
-0.193700 
0.302842 
0.463843 
0.147913 
0.031413 
0.213204 
-0.112655 
-0.248087 
-0.165336 
0.063385 
0.032464 
0.051930 
-0.021267 
0.388553 
0.169195 
0.092839 
-0.223069 
0.214065 
-0.477481 
0.204144 
0.213154 
-0.115884 
0.182714 
0.302757 
-0.212305 
0.162789 
0.366918 
0.243459 
0.164669 
-0.056398 
0.175101 
-0.065461 
-0.565973 
-0.026927 
0.009537 
-0.102082 
-0.042004 
-0.010063 
-0.070651 
0.367261 
-0.203925 
-0.189263 
-0.021025 
-0.097417 
-0.176719 
-0.117078 
0.075988 
0.245878 
0.029044 
-0.089644 
-0.191003 
-0.116553 
0.090413 
-0.096311 
-0.012086 
0.354936 
0.131569 
0.140423 
-0.129972 
-0.138470 
-0.017066 
0.069811 
-0.099920 
-0.107483 
-0.143283 
-0.200039 
-0.278722 
-0.077110 
-0.010861 
-0.050514 
0.070305 
0.180999 
-0.146868 
-0.002379 
-0.260604 
-0.046143 
-0.261314 
-0.172799 
-0.183663 
-0.085095 
0.030409 
-0.217512 
-0.259486 
-0.221249 
0.131173 
0.051610 
-0.477698 
-0.189988 
-0.593611 
0.211341 
-0.120287 
-0.033230 
-0.102907 
-0.168488 
0.380659 
-0.199913 
-0.068674 
-0.317360 
-0.035968 
-0.142161 
-0.035383 
0.384832 
0.127421 
0.480076 
-0.176338 
-0.106646 
-0.039717 
0.090328 
0.061007 
0.128647 
-0.749292 
-0.004683 
-0.089222 
0.056752 
0.005749 
0.131250 
0.040648 
-0.372729 
-0.307467 
-0.282387 
-0.176454 
-0.183401 
0.400411 
-0.098056 
-0.018149 
-0.243187 
-0.054241 
-0.069640 
0.153164 
-0.128448 
0.121431 
0.141786 
-0.201441 
0.710639 
-0.153615 
-0.264756 
0.563894 
-0.076263 
-0.382889 
-0.548243 
-0.074606 
0.710011 
0.048889 
-0.834790 
-0.822326 
0.351811 
-0.308026 
0.043563 
-0.080068 
0.033871 
0.074596 
-0.116001 
0.071702 
-0.387835 
-0.146826 
0.039047 
-0.081575 
-0.016878 
-0.036896 
-0.068426 
0.088103 
0.009882 
-0.102364 
-0.050305 
-0.240911 
-0.472888 
0.126919 
-0.206572 
-0.099599 
0.089620 
-0.080842 
0.078967 
0.015113 
0.111650 
-0.071305 
0.032110 
0.082068 
0.203969 
-0.086837 
0.119581 
-0.054522 
-0.187424 
-0.457519 
-0.067435 
-0.205208 
-0.141268 
-0.139061 
-0.132937 
0.092991 
-0.236260 
-0.323781 
-0.319962 
-0.172129 
0.156217 
0.163222 
0.603242 
0.346593 
0.027296 
-0.078578 
0.235242 
0.019028 
0.118836 
-0.071719 
-0.106598 
-0.137339 
-0.161074 
-0.131210 
-0.074673 
-0.053396 
0.087784 
0.119708 
0.019870 
-0.029133 
-0.191028 
-0.136725 
-0.061192 
-0.092815 
-0.078043 
0.034997 
0.345145 
-0.091097 
-0.348487 
-0.246447 
0.104215 
-0.386446 
-0.079195 
-0.005685 
0.148051 
-0.005740 
0.034123 
-0.028940 
0.153216 
-0.189476 
-0.201272 
-0.192627 
-0.224426 
-0.495519 
-0.103637 
0.119966 
-0.122783 
0.198548 
0.046093 
0.066640 
-0.100558 
-0.041799 
0.122886 
-0.038637 
0.594760 
0.641563 
-0.185876 
-0.242171 
0.145123 
0.001226 
-0.089875 
-0.250543 
-0.125311 
0.005298 
-0.120023 
-0.381175 
0.044970 
-0.079079 
0.174391 
0.036971 
0.057849 
-0.129349 
-0.139861 
-0.233096 
-0.006038 
0.074157 
0.454279 
0.498860 
0.256592 
0.118160 
0.199178 
0.112356 
-0.228526 
-0.120568 
-0.161944 
0.036301 
0.257060 
0.194009 
-0.109421 
-0.147475 
-0.534460 
-0.260280 
-0.242643 
0.111432 
-0.337036 
-0.052135 
-0.020015 
0.226133 
-0.048973 
0.037746 
-0.000901 
0.060723 
0.103562 
-0.009782 
-0.013120 
-0.021441 
-0.132960 
-0.045449 
-0.019562 
-0.008374 
0.025888 
-0.042633 
0.089367 
-0.067180 
-0.106414 
0.208086 
-0.101777 
-0.219505 
0.065637 
0.127856 
0.110572 
0.083289 
0.271082 
0.451186 
-0.439847 
-0.129461 
0.013867 
0.016876 
0.089133 
-0.160072 
-0.285518 
-0.034892 
-0.006891 
0.345077 
0.299372 
-0.177996 
0.082713 
-0.004736 
0.057876 
0.063120 
0.176910 
-0.280817 
0.104485 
0.119855 
-0.375748 
-0.093564 
0.002249 
0.025404 
-0.007083 
0.290455 
-0.304783 
-0.470450 
-0.549004 
0.051105 
0.206257 
-0.318251 
0.153659 
-0.064542 
-0.031409 
0.099953 
0.005949 
-0.064174 
0.139090 
0.171147 
0.125474 
0.066678 
0.253193 
0.031486 
-0.024495 
0.248108 
0.287202 
0.129114 
0.568032 
-0.062522 
-0.011665 
0.037727 
0.031732 
0.075366 
0.135908 
0.007623 
-0.056413 
0.015911 
-0.032084 
0.576700 
0.379958 
-0.011616 
-0.049322 
-0.171894 
-0.024958 
0.054057 
-0.024586 
-0.140359 
0.003258 
-0.018173 
0.394364 
0.242579 
0.012336 
0.013400 
-0.150632 
-0.309947 
0.051240 
0.144325 
-0.298783 
-0.062336 
0.026553 
-0.438736 
-0.096082 
-0.199834 
-0.220564 
-0.189021 
0.115277 
-0.216713 
0.243785 
-0.206369 
-0.096682 
-0.187675 
0.446617 
-0.128430 
0.274955 
0.230805 
0.299615 
-0.297438 
-0.212277 
0.894812 
0.489635 
0.235141 
-0.068342 
-0.107680 
-0.244269 
-0.140367 
-0.251245 
-0.139044 
-0.015269 
-0.002467 
0.168719 
-0.091682 
-0.163885 
-0.199894 
0.170000 
0.312211 
0.078666 
-0.083840 
-0.156823 
-0.219966 
0.000310 
0.259324 
0.190389 
0.019915 
-0.115971 
0.160423 
-0.065463 
0.032359 
0.021969 
-0.175465 
-0.111243 
0.611551 
1.011629 
-0.050835 
-0.046633 
0.131743 
-0.391431 
-0.099322 
0.803710 
0.097643 
-0.231208 
-0.130861 
0.139918 
0.105422 
0.491178 
0.020029 
-0.161817 
-0.047815 
-0.076986 
-0.243935 
-0.138790 
-0.280780 
-0.158643 
-0.143111 
-0.007534 
0.116845 
0.067301 
-0.283562 
-0.123510 
-0.051640 
-0.194485 
0.050469 
-0.107306 
-0.092349 
0.111411 
-0.114771 
-0.274852 
-0.407645 
-0.013926 
0.124897 
0.074594 
0.204983 
0.012080 
0.069498 
0.135061 
0.170408 
0.050212 
0.034252 
0.008689 
-0.841616 
-0.093625 
0.013912 
-0.068018 
0.258419 
1.060787 
0.089473 
-0.123978 
-0.010157 
0.042159 
-0.251414 
0.102076 
-0.164058 
0.307666 
0.258972 
0.110991 
0.159670 
-0.042898 
0.242700 
0.098483 
-0.357545 
-0.157028 
-0.245929 
-0.235777 
-0.079981 
-0.500932 
-0.462849 
0.291378 
0.172560 
1.189495 
0.305426 
0.055648 
0.359773 
0.051239 
-0.076053 
-0.015430 
0.002374 
-0.194676 
-0.137472 
-0.354018 
-0.005607 
0.123326 
-0.000902 
-0.006613 
0.013805 
-0.324497 
-0.222790 
-0.110787 
0.217498 
0.151654 
-0.139846 
-0.009349 
0.214669 
0.221510 
0.256589 
0.091192 
0.634771 
-0.472707 
0.184392 
0.126442 
-0.026422 
-0.053784 
0.009537 
-0.056963 
-0.695504 
0.141244 
0.522001 
0.453568 
0.214430 
-0.619053 
-0.305425 
-0.159824 
0.020293 
0.409987 
-0.051111 
0.046223 
0.003926 
-0.103605 
-0.452503 
0.590914 
0.000767 
-0.227377 
0.137778 
-0.126267 
0.199828 
-0.106878 
-0.172458 
-0.486074 
-0.476328 
0.326665 
-0.024109 
-0.393845 
0.131750 
0.249580 
-0.111801 
-0.160866 
0.013900 
-0.172390 
-0.249203 
0.157578 
0.138762 
-0.035403 
-0.290542 
0.485733 
0.226306 
0.093698 
0.348583 
0.153597 
0.142162 
-0.021548 
0.040170 
0.199261 
0.094494 
0.231006 
0.157031 
-0.187444 
0.002782 
0.257902 
0.492193 
0.078931 
0.046024 
0.069251 
0.048806 
-0.015337 
-0.044090 
0.509729 
0.372369 
1.106162 
-0.128589 
0.059787 
-0.197108 
0.439853 
0.649785 
0.096263 
-0.104995 
0.293512 
0.010564 
-0.514512 
-0.142927 
-0.400541 
-0.066194 
-0.140557 
0.041464 
-0.540823 
0.358787 
0.212970 
0.115574 
0.068462 
-0.047320 
-0.146805 
-0.181694 
-0.144575 
-0.134123 
-0.078778 
0.109154 
0.096996 
0.179197 
0.225840 
0.058641 
0.002373 
0.064160 
0.385928 
0.521614 
-0.208262 
-0.019994 
-0.107961 
-0.215879 
-0.325193 
-0.577341 
-0.548741 
-0.184181 
-0.373987 
0.029747 
-0.071836 
0.183610 
0.086777 
0.115804 
0.043313 
-0.139815 
-0.040448 
0.136579 
0.262079 
0.114605 
0.127695 
-0.203559 
-0.248689 
-0.012708 
0.392776 
-0.230251 
-0.009972 
-0.056183 
0.388328 
0.520240 
0.374009 
0.559693 
0.176914 
0.011576 
0.290974 
-0.393035 
0.116241 
-0.011172 
0.028265 
0.017664 
-0.021348 
-0.066127 
0.586286 
0.142088 
0.179054 
0.019953 
0.087627 
0.175891 
0.025560 
-0.059937 
0.029584 
0.039326 
0.147193 
-0.019728 
-0.003402 
0.180740 
0.023735 
0.260666 
0.259743 
0.049978 
-0.352670 
-0.238711 
0.168946 
0.123911 
0.009446 
-0.124298 
0.039881 
-0.160875 
-0.043429 
1.139012 
0.325609 
0.014038 
0.024828 
0.101752 
-0.297422 
0.231136 
0.020242 
-0.330667 
0.240810 
-0.031937 
-0.218058 
-0.073474 
-0.088446 
-0.109157 
-0.351253 
0.070770 
-0.203157 
-0.094064 
-0.219886 
0.043613 
0.461509 
0.480389 
0.446996 
0.453877 
0.245944 
-0.329734 
-0.031592 
0.563545 
-0.053037 
-0.023938 
0.033623 
0.552040 
0.655793 
-0.001899 
0.003750 
-0.238517 
-0.261417 
-0.176246 
-0.121705 
-0.102197 
0.002520 
0.013753 
-0.019922 
-0.132072 
-0.150534 
-0.160448 
-0.226311 
-0.106862 
-0.157449 
0.043918 
0.016782 
1.072639 
1.098067 
0.117453 
-0.092297 
0.420106 
0.446086 
0.036493 
-0.049469 
0.063604 
0.206766 
-0.059578 
0.226084 
-0.156376 
0.096520 
-0.057587 
1.371267 
0.123643 
0.226489 
0.103119 
0.157248 
0.034343 
0.135512 
-0.020262 
-0.254317 
-0.044522 
0.025917 
0.100665 
0.335598 
-0.195418 
-0.207618 
-0.128427 
0.054540 
-0.094389 
-0.087757 
-0.128000 
0.211254 
0.211694 
0.209445 
-0.014218 
0.105053 
0.014503 
0.061657 
0.022639 
0.271993 
-0.025270 
-0.131263 
-0.150531 
0.889256 
-0.137538 
-0.135272 
-0.395322 
0.157724 
-0.064388 
0.354793 
0.006466 
0.585601 
0.287043 
0.101730 
0.128785 
-0.215116 
0.159851 
0.302117 
0.019861 
0.315737 
-0.066030 
-0.088802 
-0.056117 
-0.025038 
-0.241740 
-0.057324 
0.034507 
0.031498 
-0.169317 
-0.135442 
-0.130196 
-0.257260 
-0.120976 
-0.132417 
-0.140509 
0.247322 
-0.178291 
-0.214998 
-0.023041 
-0.388341 
-0.088624 
0.566998 
0.540985 
0.184070 
-0.109005 
0.442300 
0.242599 
-0.060494 
0.196347 
0.022822 
0.129204 
-0.158975 
-0.113423 
0.339546 
-0.413096 
0.157262 
0.188214 
0.652293 
-0.238939 
0.041165 
1.176942 
0.245519 
-0.194834 
-0.123773 
-0.001699 
-0.208719 
-0.214322 
0.214384 
-0.538590 
0.140382 
0.155505 
-0.522144 
0.307681 
-0.199561 
-0.352335 
-0.326500 
0.260573 
-0.240046 
0.062069 
0.016906 
0.211581 
-0.081924 
-0.277703 
-0.288039 
-0.311400 
-0.196900 
0.086853 
0.175946 
-0.041273 
0.046714 
0.083701 
0.212752 
0.123303 
0.088149 
-0.046264 
-0.148991 
0.037788 
-0.283719 
-0.195691 
-0.225345 
-0.195053 
0.054540 
0.022407 
-0.502684 
-0.576591 
-0.063880 
-0.065756 
-0.168782 
0.055027 
-0.115623 
-0.103608 
-0.089819 
-0.082188 
0.212632 
-0.081564 
-0.045181 
-0.212399 
-0.214781 
-0.367082 
-0.295457 
-0.012749 
-0.059053 
-0.074168 
-0.005778 
0.569583 
0.433690 
0.238856 
-0.178521 
0.034463 
0.075190 
0.541095 
0.374127 
1.244673 
-0.350961 
0.013112 
-0.076996 
-0.070526 
-0.029972 
0.068127 
-0.030127 
0.114832 
-0.037677 
-0.054904 
0.048710 
-0.250577 
0.091707 
0.028637 
0.185382 
-0.150402 
-0.127533 
0.144155 
0.022281 
-0.051335 
-0.022871 
0.016111 
0.190304 
-0.055308 
-0.624258 
-0.107226 
-0.110626 
-0.189035 
-0.187971 
-0.081787 
0.129560 
-0.001215 
-0.016282 
0.308570 
0.181819 
-0.149671 
-0.230793 
0.012740 
-0.028790 
-0.064861 
0.074855 
0.121737 
0.209662 
-0.042470 
-0.195433 
-0.262266 
0.025732 
-0.108290 
0.218021 
-0.187868 
-0.448382 
-0.011472 
0.421482 
-0.269439 
-0.009502 
-0.331649 
0.101332 
0.059143 
0.161173 
0.572970 
0.175909 
0.368262 
0.040549 
0.342722 
-0.180803 
-0.265517 
-0.304399 
-0.120591 
0.434813 
0.303392 
0.060968 
0.179572 
-0.053477 
0.031632 
0.007924 
1.238298 
1.073591 
0.078262 
0.049479 
0.085515 
0.104747 
-0.034535 
0.195054 
-0.122729 
0.201155 
-0.002442 
0.085463 
-0.205514 
-0.143979 
-0.117028 
0.422203 
0.374609 
-0.180789 
-0.250146 
-0.131188 
0.108712 
0.245786 
-0.040275 
0.135829 
0.103663 
-0.083771 
0.282691 
-0.080400 
-0.169962 
0.142281 
-0.203615 
-0.366671 
-0.066725 
0.521504 
-0.387189 
0.092161 
0.036280 
-0.057435 
-0.021244 
0.617986 
-0.063090 
0.381216 
-0.069989 
-0.021677 
-0.517331 
-0.159087 
0.054947 
1.307520 
0.276394 
0.550839 
-0.085345 
0.016365 
0.028483 
0.046895 
-0.323815 
0.006686 
0.374794 
-0.076056 
-0.071933 
-0.202771 
-0.045186 
0.357320 
0.178647 
0.358319 
-0.400857 
0.597181 
0.212989 
-0.093764 
0.189229 
-0.042611 
-0.066118 
-0.089980 
0.010261 
0.153460 
-0.132414 
-0.274829 
-0.302812 
-0.133755 
-0.547357 
0.123234 
-0.214602 
-0.259471 
0.030943 
-0.075281 
-0.039622 
0.597429 
0.011508 
0.165796 
0.113875 
-0.508986 
0.008624 
-0.090758 
-0.012791 
0.055798 
0.047535 
0.237391 
0.015551 
0.149069 
0.004190 
0.162413 
0.230923 
0.178161 
-0.082569 
0.020378 
0.584364 
0.206279 
0.037215 
-0.390797 
-0.055224 
-0.101396 
0.160179 
0.241183 
0.006979 
0.272800 
-0.068384 
0.187473 
-0.167943 
0.331936 
0.139372 
-0.074119 
-0.118587 
-0.063626 
-0.601727 
0.409245 
-0.035478 
0.335942 
0.631927 
0.133969 
-0.439318 
0.195419 
-0.027397 
-0.020351 
-0.000310 
-0.015754 
0.077860 
0.377258 
-0.245730 
0.499185 
-0.076224 
0.510215 
0.255357 
0.098606 
-0.089298 
0.206482 
0.086017 
-0.256028 
0.720693 
-0.167828 
-0.057400 
0.270954 
-0.099080 
0.007568 
-0.430951 
0.026528 
0.164215 
-0.043065 
-0.038094 
-0.079334 
0.123486 
-0.616092 
0.161092 
-0.267444 
-0.155005 
0.309607 
0.176355 
-0.214042 
0.209674 
0.026545 
-0.553966 
-0.464889 
-0.043108 
-0.688736 
0.343740 
0.180911 
0.505483 
-0.010129 
0.070109 
0.049528 
-0.529499 
0.189671 
0.081905 
-0.035540 
-0.029760 
-0.061824 
-0.135461 
-0.280790 
-0.144716 
0.205777 
0.369735 
0.592022 
0.182119 
0.312092 
-0.052770 
-0.255924 
-0.006165 
-0.274097 
0.123574 
-0.089036 
0.110766 
0.221626 
0.567665 
0.475881 
-0.163749 
-0.141472 
0.054247 
0.015205 
0.205908 
-0.699757 
-0.263486 
0.146130 
0.195979 
1.051756 
0.293021 
-0.158121 
-0.123811 
-0.048511 
-0.203507 
0.298675 
0.000696 
0.285189 
0.750312 
0.117182 
-0.540123 
0.116695 
-0.045729 
0.266231 
-0.112331 
-0.012836 
0.490151 
-0.391260 
0.301235 
-0.340764 
0.007682 
0.157745 
0.379077 
-0.660068 
-0.602343 
0.009148 
0.088877 
0.036919 
-0.171066 
-0.097422 
-0.051468 
-0.131602 
-0.160250 
0.048496 
-0.050746 
0.011414 
0.095390 
-0.318679 
-0.248881 
0.497887 
0.273000 
0.221064 
0.154017 
-1.021368 
-0.105647 
0.027786 
-0.126184 
-0.206731 
0.041391 
0.326716 
-0.200658 
-0.562018 
0.071478 
-0.148111 
0.089296 
-0.143951 
-0.002127 
0.152332 
0.051340 
0.075865 
-0.168522 
0.113602 
-0.025278 
0.052993 
0.115835 
-0.083221 
-0.037471 
0.279594 
-0.421626 
0.057892 
-0.032933 
0.041203 
1.158696 
0.583949 
-0.075322 
0.540596 
0.009228 
-0.258867 
-0.076695 
-0.120935 
-0.025156 
-0.087179 
0.053437 
0.154905 
-0.057637 
-0.181073 
-0.003817 
-0.313193 
1.130504 
0.244845 
0.060790 
0.273416 
0.140759 
0.494269 
0.174586 
-0.061767 
-0.066753 
0.588193 
0.578159 
-0.249792 
0.371681 
-0.039228 
0.014787 
0.240435 
0.085755 
-0.107280 
0.120880 
0.063982 
0.030321 
-0.055068 
0.036391 
-0.101381 
-0.008942 
-0.011798 
0.016473 
0.149275 
0.032205 
-0.316193 
-0.196180 
-0.067435 
-0.125863 
-0.040727 
0.459501 
0.620865 
0.103420 
-0.277262 
0.403868 
0.262070 
-0.227689 
-0.251855 
0.192276 
-0.083807 
0.204368 
-0.218183 
-0.239898 
0.047027 
0.024568 
0.454103 
0.003082 
0.488824 
0.366807 
-0.161720 
-0.051448 
-0.021244 
-0.303887 
-0.297847 
-0.100714 
-0.047533 
0.249910 
0.248099 
0.084656 
0.152176 
0.161269 
0.084646 
0.120642 
0.005040 
0.114239 
-0.005070 
0.240313 
-0.031478 
0.037198 
-0.193662 
-0.053133 
-0.239779 
0.024127 
-0.303459 
0.256277 
0.056698 
-0.429855 
-0.448096 
0.204956 
0.088042 
0.332900 
-0.015596 
0.099453 
0.005653 
-0.273546 
1.296416 
-0.062712 
-0.032536 
0.258204 
0.215283 
0.639258 
0.111598 
0.261021 
-0.775812 
-0.068998 
1.140203 
0.423179 
-0.012092 
0.124124 
0.477046 
0.046583 
0.254702 
-0.104780 
-0.074937 
-0.062823 
0.141787 
0.158602 
-0.086222 
0.029183 
0.307768 
0.068555 
-0.045245 
-0.089354 
0.242801 
-0.152231 
0.239881 
-0.300669 
-0.085306 
-0.710704 
-0.613333 
-0.055011 
-0.058657 
0.118331 
0.235942 
-0.039774 
0.010433 
-0.540979 
0.028100 
-0.132383 
1.294811 
0.081262 
0.178387 
-0.062683 
0.010628 
0.019032 
0.889054 
0.121499 
-0.306942 
-0.236926 
-0.259115 
-0.024333 
-0.107467 
0.090805 
-0.088694 
0.065988 
0.163985 
-0.112430 
0.063664 
-0.120407 
-0.187614 
-0.495877 
-0.703886 
0.479329 
0.966595 
-0.004828 
-0.124807 
0.264681 
-0.410975 
-0.345273 
-0.320851 
-0.035741 
0.005110 
-0.196743 
-0.114687 
-0.023936 
-0.465853 
-0.400805 
0.165948 
0.304403 
-0.425373 
0.059240 
-0.183094 
-0.014801 
-0.086786 
0.181547 
-0.665290 
0.105809 
0.161418 
-0.038046 
-0.041999 
0.210811 
0.194956 
0.434413 
-0.033943 
0.001388 
0.293124 
0.041208 
0.057154 
-0.020702 
-0.016116 
-0.094660 
0.051096 
0.064582 
0.067861 
0.026628 
0.668501 
-0.703886 
-0.316264 
-0.085290 
0.063994 
-0.367888 
0.963426 
0.053251 
0.074520 
0.072548 
0.058560 
0.178643 
0.010900 
-0.109216 
0.110245 
0.052541 
0.215250 
-0.093066 
0.429949 
0.252958 
-0.024173 
0.014786 
0.039195 
-0.040346 
-0.040444 
-0.034184 
0.034619 
-0.505740 
-0.463858 
0.062104 
-0.061966 
-0.005079 
-0.015098 
0.099000 
0.136014 
-0.035781 
-0.135736 
0.054749 
-0.005407 
-0.090121 
-0.067280 
0.811023 
0.402199 
0.042781 
-0.111730 
-0.002033 
-0.120188 
-0.003711 
-0.516806 
0.048781 
0.079848 
-0.002538 
-0.159772 
-0.247811 
0.061684 
-0.035041 
-0.005497 
-0.168004 
-0.189563 
-0.006123 
-0.532304 
-0.193404 
-0.293650 
1.002623 
0.235481 
-0.101241 
-0.026343 
0.040656 
-0.024140 
0.221916 
0.388946 
-0.016850 
-0.403835 
-0.007270 
-0.070997 
-0.125825 
-0.133527 
0.097621 
0.229155 
0.091655 
0.243626 
-0.076334 
-0.227808 
0.215388 
0.206652 
-0.111816 
-0.088912 
0.434816 
0.584280 
-0.046437 
-0.209562 
-0.178875 
-0.377757 
-0.154051 
-0.195930 
1.139523 
-0.071699 
0.164738 
0.281863 
0.433848 
0.335053 
0.074660 
-0.492638 
-0.195938 
-0.919694 
0.612002 
-0.021163 
0.062119 
1.323085 
-0.241258 
0.043135 
-0.269231 
-0.090839 
-0.120767 
-0.613617 
-0.155244 
-0.184979 
0.513100 
0.236820 
-0.040019 
0.085625 
-0.466491 
-0.108415 
-0.287617 
-0.186660 
0.153193 
0.485123 
-0.341361 
0.281508 
0.091526 
0.285557 
-0.023335 
-0.088504 
0.029567 
-0.132547 
0.376048 
0.079138 
0.152167 
0.268655 
0.204090 
0.054721 
0.476184 
0.211694 
-0.064020 
-0.005409 
-0.053510 
-0.016993 
-0.387261 
0.124346 
0.082869 
0.051213 
-0.005456 
0.014408 
0.027511 
0.159902 
0.528864 
-0.037560 
-0.052926 
-0.086244 
-0.493753 
-0.058924 
-0.196890 
-0.024847 
0.426253 
0.307274 
0.662848 
0.201448 
0.093323 
-0.094832 
-0.150357 
-0.576224 
-0.171719 
0.119652 
-0.049848 
0.782318 
0.050117 
1.148290 
-0.090153 
-0.468664 
-0.038866 
-0.229412 
-0.055507 
-0.217864 
-0.015243 
0.039939 
-0.085486 
0.124671 
-0.007573 
-0.052979 
-0.084382 
0.005661 
0.064351 
0.161932 
0.107878 
-0.199045 
-0.150177 
-0.621912 
-0.096284 
-0.126652 
-0.091920 
0.331194 
0.249756 
-0.141696 
0.387599 
0.229235 
-0.004374 
0.125481 
-0.118029 
0.092510 
-0.321586 
-0.227021 
-0.245123 
0.045246 
-0.005512 
0.099708 
-0.361903 
-0.251121 
-0.136530 
-0.100837 
-0.009929 
0.013385 
-0.043145 
-0.554248 
0.428336 
0.008765 
0.276237 
0.352958 
-0.151430 
0.085305 
-0.019813 
0.137031 
0.016586 
0.140166 
-0.034655 
0.280506 
0.229625 
0.367592 
0.278999 
0.029600 
0.069751 
-0.581041 
0.686077 
-0.079306 
-0.237719 
-0.005400 
-0.206632 
0.110704 
1.242303 
0.085037 
-0.230315 
-0.020477 
-0.312437 
-0.195555 
-0.393478 
-0.163764 
0.117765 
-0.202908 
-0.232354 
-0.371124 
-0.119404 
0.082197 
-0.039675 
-0.000433 
-0.351600 
-0.012918 
-0.045158 
-0.026458 
0.174541 
-0.041208 
-0.060153 
-0.021998 
-0.108241 
-0.050633 
-0.591336 
-0.137857 
-0.531212 
0.060788 
0.051402 
-0.171833 
0.275506 
0.133467 
0.151938 
-0.120975 
-0.014891 
0.050771 
-0.103618 
-0.024264 
0.572856 
-0.342196 
-0.057735 
-0.102044 
-0.243966 
0.168514 
0.167822 
0.065502 
0.120386 
0.764726 
0.439443 
0.423983 
0.207963 
-0.092215 
0.244669 
-0.093000 
0.031034 
-0.118471 
0.097099 
-0.481312 
-0.084839 
0.081454 
0.259444 
0.095681 
0.226209 
-0.440679 
0.010558 
-0.154522 
-0.012478 
-0.289851 
-0.072830 
-0.086046 
0.034727 
-0.048411 
-0.029474 
0.117176 
0.386132 
-0.311903 
-0.170566 
-0.113977 
-0.202489 
0.241823 
0.022811 
-0.872680 
0.172645 
-0.086268 
0.025798 
-0.826941 
-0.353496 
-0.645983 
-0.239685 
-0.044448 
0.052303 
0.052489 
0.256064 
0.164635 
-0.138677 
0.264417 
-0.007729 
0.263000 
-0.162600 
-0.180638 
0.004775 
-0.081196 
0.194631 
0.069025 
-0.083053 
-0.205015 
-0.119682 
0.236094 
-0.045384 
-0.195245 
-0.198387 
0.072041 
0.073337 
0.161485 
-0.192451 
-0.044224 
-0.190627 
-0.368124 
0.419780 
-0.231437 
-0.103174 
-0.014262 
-0.032440 
0.059230 
0.288990 
0.034519 
-0.343591 
0.465052 
-0.733062 
-0.067138 
-0.157653 
-0.803245 
0.176537 
0.165719 
0.070260 
0.398025 
0.150161 
0.173900 
0.162691 
0.233595 
-0.312197 
0.463091 
-0.299159 
-0.437250 
-0.380065 
-0.000524 
-0.142185 
-0.306951 
-0.257507 
-0.255537 
-0.839077 
0.047325 
-0.228258 
-0.501258 
-0.054554 
-0.103357 
-0.015684 
0.039507 
-0.115898 
-0.090925 
0.015021 
0.205667 
0.025420 
0.543292 
1.050569 
0.900433 
0.261163 
0.496367 
0.539687 
-0.012525 
0.026279 
-0.082449 
0.074940 
0.072710 
0.077865 
-0.262969 
-0.179692 
0.432442 
0.325110 
-0.324907 
0.024223 
-0.025883 
0.417641 
-0.012909 
0.054573 
0.229933 
-0.271576 
-0.040032 
-0.470904 
-0.288684 
0.073371 
0.042662 
0.310644 
-0.033607 
0.067708 
0.177956 
-0.020686 
0.005512 
-0.242594 
-0.291523 
-0.069115 
0.149842 
0.134089 
0.325555 
0.366290 
0.458020 
-0.005833 
-0.192035 
0.183192 
0.287320 
0.045225 
0.099210 
0.810662 
0.033148 
0.076180 
0.341283 
0.110401 
-0.023976 
-0.264605 
-0.089883 
0.142028 
-0.384301 
-0.351779 
-0.014323 
-0.330371 
0.311922 
-0.021279 
-0.140171 
-0.149256 
-0.086572 
-0.098157 
-0.074271 
-0.046894 
0.104929 
0.238974 
0.031562 
-0.101385 
-0.011007 
0.033286 
-0.087953 
-0.120954 
-0.000637 
-0.158966 
0.151677 
-0.060028 
0.225264 
-0.146025 
0.430207 
0.167168 
-0.065090 
-0.583458 
0.183241 
-0.243526 
-0.253456 
-0.290763 
-0.184585 
-0.761024 
1.102691 
0.124819 
0.936137 
0.086241 
0.228675 
0.010508 
-0.045767 
-0.126054 
0.557438 
-0.108732 
-0.267881 
-0.096818 
0.194411 
-0.163193 
-0.023788 
0.132673 
0.281434 
-0.098016 
-0.342250 
-0.180057 
-0.148009 
-0.067883 
-0.028645 
0.017845 
0.086216 
-0.636650 
0.301426 
-0.146233 
0.097336 
-0.150476 
-0.146212 
-0.103763 
-0.049372 
-0.256012 
-0.030853 
-0.195427 
0.028821 
-0.152196 
-0.587581 
0.004164 
0.082637 
0.139216 
1.253427 
1.338692 
0.122749 
0.185365 
0.122434 
-0.262250 
0.010086 
-0.432937 
-0.101906 
-0.122824 
-0.351860 
-0.211893 
0.149890 
-0.059840 
-0.075566 
0.006352 
-0.491633 
0.015454 
0.101024 
-0.010632 
0.062844 
0.173972 
0.287529 
-0.039657 
-0.163278 
-0.148206 
-0.046835 
-0.040199 
-0.024287 
-0.213929 
-0.255158 
-0.208276 
0.385609 
-0.146616 
0.054083 
-0.090653 
-0.305906 
-0.069710 
0.131854 
-0.082742 
-0.061409 
-0.151093 
-0.073600 
0.036686 
0.142761 
-0.206752 
-0.099238 
-0.063108 
-0.128608 
0.006160 
0.073726 
-0.439002 
-0.038073 
-0.054805 
-0.219265 
-0.042582 
0.105205 
-0.193529 
-0.005823 
0.210884 
-0.271816 
-0.199014 
0.011643 
0.346465 
0.044692 
0.140744 
0.737103 
-0.327897 
-0.042217 
-0.125370 
0.071674 
-0.252063 
-0.037852 
0.086845 
-0.085970 
-0.600903 
0.100526 
-0.206255 
0.317836 
-0.206678 
-0.211443 
-0.001602 
-0.088706 
-0.029289 
0.231719 
-0.211027 
-0.077135 
0.010974 
0.035354 
-0.008610 
0.101862 
-0.106803 
-0.204626 
-0.290166 
-0.240690 
0.067016 
-0.244975 
0.032442 
0.282947 
-0.088963 
-0.095656 
-0.047486 
0.167445 
0.216142 
0.180023 
-0.143689 
0.183884 
0.456691 
-0.002269 
0.138389 
0.266429 
0.216362 
1.012678 
-0.048323 
0.044800 
0.465663 
0.455789 
0.199061 
0.127464 
-0.015161 
-0.153625 
-0.046257 
-0.035757 
-0.125888 
-0.115562 
0.179773 
-0.186039 
-0.329643 
0.149433 
-0.398090 
0.001799 
0.039916 
0.056964 
-0.041527 
-0.019219 
0.400732 
-0.271168 
-0.061252 
0.101034 
0.409500 
0.257540 
0.484478 
1.014321 
0.397177 
-0.027806 
0.384245 
0.823121 
-0.098497 
0.027833 
-0.133194 
-0.086336 
-0.188594 
-0.355481 
0.202396 
0.055323 
0.546280 
0.130601 
0.050387 
-0.075653 
-0.081614 
0.266782 
0.441568 
0.464823 
-0.843931 
-0.167638 
0.100596 
0.042309 
-0.001443 
-0.094052 
-0.020570 
0.092949 
0.239410 
0.025227 
1.425427 
0.956219 
-0.052994 
-0.008775 
0.170357 
0.100656 
-0.356972 
-0.123505 
-0.016422 
-0.296079 
-0.083381 
-0.295437 
-0.148125 
-0.109048 
0.044191 
-0.089868 
0.185665 
0.043459 
0.761173 
-0.661795 
-0.021702 
0.082401 
-0.198735 
0.222776 
1.003049 
-0.244167 
-0.114011 
-0.106566 
-0.099138 
-0.137500 
-0.131408 
0.139948 
-0.073522 
-0.014483 
0.198688 
0.079726 
0.067691 
0.096595 
-0.071806 
0.053271 
0.031600 
-0.285484 
-0.025248 
0.056858 
-0.217482 
-0.009414 
-0.187209 
-0.107049 
-0.054366 
0.164522 
-0.283608 
-0.179956 
0.038619 
-0.703407 
0.080462 
-0.009789 
0.005363 
-0.160270 
0.019623 
0.515988 
0.194257 
0.235578 
0.010153 
-0.117764 
-0.082471 
0.183945 
0.999410 
0.281138 
-0.065308 
-0.428188 
-0.338598 
-0.078860 
0.223917 
-0.083329 
-0.121263 
-0.281739 
0.026991 
0.019336 
-0.135858 
-0.026095 
0.217546 
-0.152920 
0.067116 
0.093635 
-0.165786 
0.169680 
-0.317855 
-0.597967 
0.018586 
-0.137098 
-0.131712 
-0.326380 
0.821118 
-0.036241 
-0.044393 
-0.001019 
0.078625 
-0.101455 
-0.080900 
-0.354617 
0.000707 
0.203929 
0.032167 
-0.033576 
-0.346401 
-0.079569 
0.483728 
0.714570 
0.187820 
0.044751 
0.280528 
-0.223585 
-0.095047 
-0.155100 
-0.297715 
-0.104541 
0.059638 
-0.026371 
-0.182008 
-0.090452 
-0.020950 
-0.266025 
-0.086210 
-0.101541 
0.092056 
-0.155119 
0.145974 
-0.084759 
0.020913 
-0.080621 
-0.073775 
0.013650 
-0.092502 
0.616464 
-0.234394 
-0.474196 
-0.139755 
0.060765 
0.037311 
-0.093495 
0.162117 
0.129889 
-0.119838 
-0.234104 
-0.063608 
0.218649 
0.493431 
0.045365 
0.183450 
-0.029289 
-0.226778 
0.104566 
0.207002 
0.168592 
-0.210733 
0.581878 
-0.409416 
-0.345651 
0.037285 
0.083948 
-0.226820 
0.048042 
0.051787 
-0.113928 
-0.030235 
0.283154 
0.470304 
-0.564484 
-0.244916 
0.006006 
-0.301396 
-0.272895 
0.001539 
0.529980 
-0.000739 
-0.091043 
-0.004119 
-0.203295 
0.982425 
-0.120797 
0.260330 
0.240223 
-0.371805 
0.054735 
0.035542 
-0.075937 
0.041520 
-0.311025 
-0.223456 
-0.152165 
-0.249696 
-0.170251 
-0.020942 
0.955684 
-0.017589 
0.181080 
-0.023426 
-0.056040 
-0.013453 
-0.075206 
-0.141111 
-0.206496 
-0.210526 
-0.133786 
0.396439 
0.413203 
-0.068220 
-0.138925 
-0.144141 
0.049535 
0.141099 
0.135873 
-0.100765 
-0.353048 
-0.177609 
0.170125 
-0.108949 
-0.114065 
-0.185128 
0.223782 
0.003985 
0.107391 
-0.004201 
-0.032342 
0.390937 
-0.172425 
-0.091648 
0.180614 
0.222744 
-0.088021 
-0.128994 
0.004351 
-0.140062 
0.070732 
-0.078632 
-0.150392 
0.243539 
-0.075481 
-0.172797 
0.046466 
0.173865 
-0.112597 
-0.147112 
0.007900 
0.228864 
-0.241839 
-0.000872 
-0.095128 
-0.077939 
-0.029254 
0.093483 
-0.063985 
0.094048 
0.042069 
0.251896 
0.175626 
0.326605 
0.180153 
0.153105 
0.114433 
0.019732 
0.058926 
-0.334527 
0.279149 
0.234922 
0.020502 
-0.121394 
0.214011 
0.326471 
0.208772 
-0.510440 
0.252427 
0.130229 
0.229937 
0.177262 
-0.108410 
-0.120387 
0.022472 
-0.042784 
0.215277 
0.096213 
-0.313136 
-0.132123 
-0.039977 
0.146513 
0.118550 
0.143165 
0.125202 
-0.038403 
-0.332508 
-0.150325 
0.293260 
1.019796 
1.192249 
0.068302 
0.072994 
-0.095654 
0.489398 
0.117429 
0.567362 
-0.136444 
-0.059700 
0.240686 
0.178206 
-0.113192 
0.180858 
-0.943687 
0.177883 
-0.350919 
0.205234 
-0.017341 
0.195419 
-0.170791 
0.491257 
-0.464199 
0.018919 
0.068751 
-0.231828 
0.032487 
0.050988 
-0.446900 
-0.527999 
0.225850 
-0.067291 
-0.032966 
0.264833 
0.313110 
0.178038 
0.724450 
0.240895 
0.261063 
0.277577 
0.069647 
-0.513516 
-0.259849 
0.011312 
-0.249417 
-0.223076 
0.347712 
0.228995 
-0.087944 
0.063303 
0.387159 
0.580131 
0.330323 
-0.053753 
0.567873 
-0.185437 
-0.103034 
0.064066 
-0.114444 
0.252402 
-0.064321 
0.106561 
0.086824 
-0.386817 
0.328892 
-0.104455 
0.001952 
0.085004 
1.451708 
-0.813990 
-0.692033 
-0.176496 
-0.194961 
0.011239 
-0.130466 
-0.022105 
-0.065774 
0.309793 
-0.118249 
-0.024474 
-0.100449 
-0.079182 
0.067685 
0.328090 
0.177185 
-0.023302 
0.038693 
-0.030299 
-0.104711 
0.134425 
0.004155 
-0.081077 
-0.272073 
0.375913 
0.171162 
-0.059715 
0.149713 
-0.123801 
-0.415603 
0.517376 
-0.207760 
-0.137224 
-0.037890 
-0.322018 
-0.353093 
-0.109763 
-0.347148 
-0.546675 
0.192613 
0.244242 
-0.103864 
0.290693 
0.027761 
-0.187705 
-0.251503 
0.539702 
-0.294903 
0.264100 
0.174659 
0.073715 
-0.563349 
-0.664268 
0.772201 
-0.000239 
0.075646 
0.091851 
-0.159252 
-0.771302 
-0.100549 
-0.693779 
-0.107505 
-0.066661 
-0.147069 
-0.631548 
-0.589665 
0.319100 
-0.020324 
0.261411 
0.308267 
-0.798062 
0.225989 
0.127124 
-0.093476 
0.084920 
-0.035050 
0.101900 
0.209160 
0.073549 
0.014635 
0.414343 
-0.323486 
-0.432521 
-0.277744 
-0.198244 
-0.019519 
-0.068023 
-0.068961 
-0.069739 
0.086268 
-0.195763 
-0.042358 
0.099087 
0.136401 
0.135535 
0.120183 
0.066020 
-0.046584 
-0.046296 
-0.167126 
-0.007578 
-0.023252 
0.025426 
0.234827 
0.271908 
0.317843 
-0.516991 
0.112890 
-0.005194 
0.016625 
-0.051640 
0.078228 
0.425127 
-0.038056 
-0.124236 
-0.129532 
0.143498 
0.113734 
0.117047 
-0.062147 
-0.023569 
0.026700 
-0.087928 
0.091279 
0.203778 
-0.357722 
-0.874925 
0.019785 
-0.123932 
0.049595 
0.033826 
0.065075 
-0.068234 
-0.080301 
0.438587 
0.052170 
0.144456 
-0.480219 
-0.405311 
0.345779 
0.015261 
-0.008074 
0.149475 
0.005086 
-0.164578 
-0.188752 
-0.170250 
-0.105789 
0.421249 
-0.010357 
0.156107 
-0.082614 
-0.015358 
-0.093367 
0.869245 
0.281588 
0.177371 
0.145432 
-0.212050 
-0.233896 
-0.034447 
0.338835 
-0.043753 
-0.596888 
-0.279607 
-0.015818 
0.301265 
-0.156686 
0.043497 
0.099757 
-0.372802 
-0.144293 
-0.003194 
0.048216 
0.388394 
0.024161 
0.083685 
-0.367615 
-0.091010 
0.107355 
-0.156272 
-0.052935 
0.211248 
-0.100272 
-0.241015 
0.106017 
0.133495 
-0.003303 
0.003371 
-0.012199 
0.000050 
-0.165723 
-0.198967 
-0.203548 
0.260368 
-0.100533 
-0.648631 
-0.442353 
-0.336774 
0.248472 
-0.102407 
-0.045724 
-0.122019 
0.051789 
0.212945 
0.139714 
0.115578 
0.073298 
-0.429433 
0.077561 
0.096591 
0.235926 
-0.390591 
-0.328601 
-0.069087 
0.257172 
0.482826 
0.201832 
-0.172837 
-0.090486 
-0.135789 
-0.144912 
-0.205598 
0.086654 
0.362917 
-0.031095 
-0.026817 
0.138537 
0.178616 
0.230876 
-0.096788 
-0.264097 
-0.265214 
-0.298374 
0.292531 
0.303941 
0.538077 
-0.063166 
-0.337053 
-0.116246 
-0.758594 
-0.135949 
-0.430300 
-0.076861 
0.163537 
-0.070814 
0.015815 
0.185040 
0.091042 
0.064928 
-0.220014 
0.147459 
0.036912 
-0.121730 
0.268483 
0.153038 
-0.312015 
0.101506 
0.095907 
-0.108640 
0.220437 
0.291989 
-0.791766 
0.019821 
-0.195057 
0.026348 
-0.110508 
-0.068613 
-0.047413 
0.122510 
-0.071739 
0.068192 
0.017042 
-0.280547 
0.271487 
0.050534 
-0.169270 
-0.007317 
0.318099 
0.202975 
0.063853 
-0.039799 
-0.209620 
0.122828 
-0.107531 
0.057141 
-0.525308 
-0.059143 
0.198212 
-0.420590 
0.013676 
-0.002872 
-0.273566 
-0.147100 
-0.063001 
0.436833 
-0.175586 
-0.337978 
-0.124688 
-0.033303 
-0.133526 
-0.078433 
0.392239 
0.036201 
0.065984 
-0.031499 
-0.016835 
-0.199577 
-0.026390 
-0.127843 
-0.139874 
-0.372106 
-0.061767 
0.092266 
-0.041634 
-0.075096 
-0.074522 
-0.004911 
-0.178919 
0.104687 
0.157650 
0.045398 
0.667659 
-0.197233 
-0.255769 
-0.018884 
-0.095434 
0.232221 
0.263893 
0.353470 
0.219403 
0.055964 
0.084208 
-0.025046 
0.051919 
-0.087743 
-0.585065 
-0.183119 
0.040181 
-0.077489 
-0.667069 
-0.162693 
-0.034789 
0.201593 
0.011877 
-0.181857 
-0.034817 
0.020125 
-0.170158 
0.030390 
0.235608 
0.316101 
-0.118189 
0.082819 
-0.075667 
0.130599 
0.209895 
0.026388 
0.174908 
0.011592 
0.018775 
-0.196126 
-0.046624 
0.028297 
0.130525 
0.568609 
0.057837 
0.119474 
0.168006 
0.172648 
-0.084468 
-0.194218 
0.119896 
0.088324 
-0.429089 
-0.088965 
0.218635 
-0.387825 
-0.401367 
-0.182089 
-0.069176 
0.181221 
0.040102 
-0.136121 
-0.124003 
0.675900 
0.081991 
-0.157550 
0.553413 
0.070202 
0.219223 
-0.083965 
0.159597 
0.286403 
0.320803 
0.017028 
-0.077326 
-0.094842 
0.188947 
-0.249651 
0.030503 
0.710023 
0.463378 
0.187343 
0.033300 
0.033161 
-0.433990 
0.024743 
0.062362 
-0.548675 
-0.075623 
0.033701 
0.125000 
0.118461 
-0.010602 
0.095662 
-0.054950 
-0.091393 
-0.292348 
-0.109203 
0.067979 
0.172633 
0.398532 
0.104459 
-0.235798 
0.034364 
0.413342 
0.131726 
0.089493 
0.193364 
-0.100055 
-0.348578 
-0.387078 
-1.153790 
-1.159156 
0.241546 
0.149387 
-0.295709 
0.072187 
-0.063851 
-0.305304 
-0.159368 
-0.020137 
-0.065592 
-0.212706 
-0.567442 
0.000455 
-0.000338 
-0.080555 
-0.101503 
-0.240518 
-0.192040 
0.155225 
-0.240316 
-0.176646 
-0.476641 
-0.110394 
0.225337 
0.088706 
-0.158765 
-0.240716 
-0.052893 
-0.153381 
-0.096252 
0.100256 
0.089014 
-0.539113 
-0.160578 
-0.160806 
0.227261 
0.511129 
0.194555 
-0.124836 
0.012446 
-0.484723 
-0.104765 
0.026765 
0.268477 
0.017340 
-0.481157 
-0.226684 
0.330616 
0.426491 
0.411825 
0.138356 
0.037579 
-0.037827 
-0.027822 
0.068981 
0.084569 
0.118605 
-0.147832 
0.219214 
-0.109893 
-0.191114 
0.121689 
-0.144160 
-0.195284 
-0.273528 
-0.536200 
0.379034 
0.039931 
0.333433 
0.096933 
0.014726 
0.113102 
0.132997 
0.259283 
0.254100 
0.146835 
0.007759 
0.954010 
-0.052345 
-0.159610 
-0.013937 
0.480996 
0.374979 
-0.004334 
-0.532347 
-0.809802 
-0.075092 
-0.008550 
-0.283848 
-0.266040 
0.083505 
0.303362 
-0.156881 
-0.182449 
-0.105102 
0.087936 
-0.075089 
0.118040 
0.062401 
-0.032069 
-0.010032 
0.182443 
0.057504 
0.307064 
-0.062106 
0.263876 
0.461174 
-0.085029 
0.110977 
0.359461 
-0.030718 
-0.004996 
-0.004739 
0.093474 
0.287944 
-0.149603 
-0.162437 
-0.118036 
-0.198301 
-0.187522 
-0.018785 
-0.161400 
0.118086 
-0.013227 
-0.313620 
-0.261005 
-0.047798 
-0.023809 
-0.043529 
-0.325167 
0.283759 
0.084227 
-0.251242 
-0.160637 
-0.054470 
-0.271838 
-0.325489 
-0.201658 
0.016380 
-0.233823 
0.438379 
-0.250106 
-0.380959 
-0.303860 
-0.026745 
0.104724 
0.133177 
-0.185825 
0.318367 
0.123897 
0.096317 
-1.174958 
0.428308 
-0.454794 
-0.295332 
-0.181223 
0.009701 
-0.115459 
-0.190901 
-0.202978 
-0.180133 
-0.138790 
-0.167047 
-0.005879 
-0.014691 
-0.045603 
0.664264 
0.652140 
0.353916 
0.416921 
0.619289 
0.003386 
0.086635 
-0.198107 
-0.092634 
-0.144744 
-0.205720 
0.759003 
0.201858 
-0.433798 
0.146445 
-0.019463 
-0.066920 
0.298752 
0.668815 
-0.093126 
0.269815 
0.194856 
-0.464165 
-0.299118 
0.136838 
0.022587 
-0.059989 
0.245319 
0.263003 
0.251846 
-0.252264 
-0.112893 
-0.004854 
0.046594 
0.031369 
0.116356 
0.186775 
0.166341 
0.056853 
-0.245374 
-0.145020 
-0.100528 
-0.385022 
-0.377608 
-0.071867 
0.023241 
-0.090003 
-0.036501 
-0.512644 
-0.493782 
-0.314394 
-0.154426 
0.041310 
0.478329 
-0.001239 
0.125198 
-0.512884 
-0.539897 
1.661820 
1.416855 
0.105612 
0.153437 
-0.060492 
-0.031850 
-0.060380 
-0.059377 
0.157895 
-0.461010 
0.099527 
-0.399414 
-0.352800 
0.029995 
0.366098 
0.163791 
0.091649 
0.000645 
0.110326 
0.247006 
0.164189 
0.178263 
0.036241 
-0.115240 
-0.078524 
0.031780 
0.030775 
-0.384832 
-0.040350 
-0.052271 
-0.337681 
-0.149853 
-0.133310 
-0.063462 
0.449981 
0.027588 
0.092901 
0.019834 
0.111170 
-0.311180 
-0.185229 
0.029763 
0.019798 
-0.037672 
0.304198 
0.261713 
0.137422 
-0.110210 
0.107388 
-0.318811 
-0.130462 
0.514391 
0.067698 
0.027464 
0.084833 
-0.159404 
0.261883 
-0.042084 
0.082757 
-0.078190 
-0.311708 
-0.223522 
-0.365490 
-0.084935 
-0.091939 
-0.756272 
0.974662 
0.018476 
0.018101 
-0.430095 
0.843253 
0.144538 
-0.082682 
-0.194280 
-0.114837 
-0.098254 
0.002227 
-0.526136 
0.131942 
-0.621033 
0.132154 
-0.022081 
-0.476187 
-0.530055 
-0.055684 
-0.169927 
-0.128636 
-0.108381 
-0.160321 
-0.070664 
-0.261883 
-0.005826 
-0.011119 
0.241110 
-0.084684 
0.094286 
-0.642102 
-0.663730 
-0.150135 
-0.049636 
-0.308922 
-0.210219 
0.004672 
0.220643 
-0.067049 
0.100672 
0.147320 
0.195459 
-0.139082 
0.185782 
-0.650160 
-0.432812 
-0.058354 
-0.061268 
0.045375 
0.075750 
0.185965 
0.905789 
0.110407 
-0.065143 
0.436662 
-0.110954 
0.009524 
0.436597 
0.317352 
-0.019313 
-0.027885 
0.105743 
-0.208785 
0.057504 
-0.392761 
-0.131086 
-0.006236 
-0.113664 
-0.000798 
0.193261 
0.640046 
-0.143354 
0.078720 
0.011043 
-0.067596 
-0.479630 
-0.230021 
-0.086631 
-0.045508 
-0.066972 
0.086340 
-0.016200 
0.201596 
0.060871 
-0.353018 
-0.041392 
-0.024085 
0.539703 
0.045896 
-0.789717 
0.303231 
-0.818374 
0.092240 
-0.176664 
-0.181132 
-0.152857 
-0.060373 
-0.549141 
-0.144780 
-0.173208 
-0.075628 
-0.128941 
-0.198287 
0.011131 
0.077057 
-0.564262 
0.322139 
-0.059881 
-0.591200 
0.128995 
-0.151012 
-0.112017 
-0.123883 
-0.199322 
-0.087608 
-0.221807 
-0.088974 
-0.200708 
-0.062878 
0.016111 
-0.022457 
-0.063389 
-0.477095 
-0.080089 
-0.027124 
0.321603 
-0.051966 
-0.398147 
-0.387092 
-0.236193 
-0.108356 
-0.532652 
0.190035 
0.112102 
-0.017129 
-0.204932 
0.544439 
0.050914 
0.011441 
0.037876 
-0.174199 
0.456113 
-0.182211 
-0.031232 
0.019996 
0.390876 
0.025493 
-0.006543 
0.226899 
0.118352 
-0.631614 
-0.137141 
-0.195670 
0.213516 
0.007147 
-0.002351 
0.007945 
0.189637 
0.028448 
0.331993 
0.178581 
-0.068760 
-0.250944 
0.163530 
-0.393718 
0.082532 
-0.180538 
-0.808172 
0.044195 
0.301664 
0.184324 
0.314854 
0.067644 
-0.081189 
-0.017398 
0.150317 
0.079577 
0.236364 
0.339660 
0.345243 
0.606251 
0.528902 
0.019716 
-0.080199 
-0.185034 
-0.295674 
-0.013458 
-0.311516 
0.933351 
0.015306 
-0.179741 
-0.070566 
0.157430 
-0.001474 
0.011112 
-0.047215 
-0.054431 
0.185598 
0.265097 
-0.255998 
-0.328923 
0.150209 
-0.846765 
0.560937 
0.200172 
0.086593 
0.380498 
0.541221 
-0.061500 
0.303437 
-0.125658 
-0.161718 
-0.199620 
-0.213071 
-0.014970 
-0.182177 
-0.168788 
-0.166879 
1.296922 
-0.022163 
-0.018009 
0.164777 
0.247293 
0.201506 
0.007560 
-0.194185 
0.017302 
0.167591 
0.645640 
0.538621 
-0.034077 
-0.037754 
-0.094774 
0.087071 
-0.049856 
-0.078519 
0.014220 
0.032198 
0.106305 
-0.164671 
0.189912 
-0.489624 
-0.020014 
0.396026 
-0.082594 
0.513707 
-0.033536 
0.251654 
-0.108087 
-0.137725 
-0.104634 
-0.260785 
0.038829 
-0.127943 
0.224861 
-0.576874 
-0.086681 
-0.080377 
-0.179200 
0.357170 
0.169727 
-0.105769 
1.019403 
1.198298 
-0.106462 
0.000837 
0.156357 
0.576508 
-0.072079 
0.914209 
-0.121119 
0.224292 
-0.273834 
-0.058233 
-0.269798 
0.062314 
0.099693 
-0.082675 
-0.437898 
0.198632 
-0.732410 
0.036538 
0.268833 
-0.430341 
0.702490 
-0.036994 
-0.278288 
-0.191939 
-0.349684 
0.070492 
0.146324 
-0.113546 
-0.191738 
-0.120003 
-0.641807 
-0.574103 
0.985137 
-0.092004 
0.986538 
-0.532076 
0.086642 
0.095417 
-0.008291 
-0.221179 
-0.241792 
-0.479792 
-0.036153 
-0.022867 
0.114837 
-0.242444 
0.159137 
-0.115663 
0.054589 
0.041216 
-0.762259 
0.138844 
0.220338 
-0.200455 
0.140103 
-0.143099 
-0.116796 
-0.144369 
-0.555916 
0.300999 
-0.283811 
-0.218388 
0.030625 
0.280024 
0.267284 
-0.111974 
-0.221657 
0.212708 
-0.947687 
0.106200 
0.119702 
-0.010927 
-0.032018 
-0.092959 
0.385308 
0.160848 
0.052365 
0.110623 
0.472587 
-0.488333 
-0.355299 
-0.279920 
-0.248960 
-0.636419 
0.638835 
0.673182 
-0.090366 
-0.008753 
0.087907 
0.030608 
0.291578 
-0.127638 
-0.199915 
-0.256042 
-0.067435 
0.257373 
-0.125499 
-0.060784 
0.348999 
0.106335 
-0.182336 
-0.347282 
0.434543 
-0.185534 
-0.113355 
-0.543593 
-0.077113 
-0.002019 
-0.228425 
-0.114013 
0.033623 
-0.422058 
0.077527 
-0.188723 
0.173429 
0.256909 
-0.242454 
-0.008359 
-0.054660 
-0.211196 
-0.412597 
0.219816 
0.346343 
-0.071814 
-0.124007 
-0.227094 
-0.069347 
-0.024252 
0.021746 
0.824259 
0.107851 
0.202172 
-0.808511 
-0.152778 
0.159134 
0.099240 
0.763614 
0.377769 
0.063480 
-0.574136 
-0.105002 
0.316961 
0.174093 
-0.045034 
-0.035528 
-0.001563 
0.240223 
0.055116 
0.172326 
0.161666 
0.180778 
-0.295623 
0.067760 
0.064856 
0.020165 
0.206647 
0.236364 
0.154022 
0.136181 
0.221745 
-0.021369 
-0.051728 
-0.240022 
-0.226759 
-0.062934 
0.063960 
-0.165702 
-0.156972 
-0.177320 
-0.017339 
-0.017458 
0.006820 
-0.052183 
-0.028075 
0.005455 
0.059211 
0.134227 
0.247777 
-0.027642 
0.021542 
0.417639 
-0.214902 
0.030895 
0.160782 
0.156374 
0.368091 
0.519341 
0.582245 
-0.077039 
-0.416575 
-0.841735 
-0.073877 
0.467679 
0.747343 
0.253196 
-0.124649 
0.062242 
0.218050 
-0.159649 
0.083022 
0.106748 
0.078156 
0.729719 
-0.302099 
0.169085 
0.051763 
0.071039 
0.169424 
0.255693 
0.262618 
0.120203 
-0.757958 
0.116594 
0.505485 
0.317677 
-0.074682 
0.149128 
-0.116517 
0.084794 
0.114551 
-0.260452 
0.099676 
-0.039069 
0.131361 
-0.176147 
-0.335175 
0.135030 
0.038568 
-0.094081 
-0.035813 
-0.016910 
0.005197 
-0.155111 
0.392972 
0.596418 
0.586796 
0.144343 
-0.215162 
-0.031737 
-0.171131 
0.338168 
0.308283 
0.210558 
-0.455271 
0.180999 
0.284708 
-0.005897 
0.328912 
0.133385 
-0.109632 
-0.242200 
-0.099073 
0.346894 
-0.143605 
0.227567 
-0.048771 
-0.038466 
-0.038608 
-0.531037 
-0.120660 
-0.195091 
-0.459702 
0.746432 
-0.020598 
0.095499 
-0.099899 
-0.050966 
0.346883 
0.033133 
0.115817 
-0.149609 
-0.155187 
0.125262 
-0.228119 
0.240146 
1.203400 
0.179111 
0.235055 
0.051096 
0.026608 
-0.126882 
-0.199306 
-0.250161 
0.049588 
0.040078 
-0.074966 
0.212107 
0.034428 
0.183812 
0.112023 
0.804325 
0.297845 
0.059059 
-0.131746 
-0.176767 
0.100863 
-0.169707 
-0.181925 
0.142881 
-0.109089 
-0.446018 
0.024535 
-0.124054 
0.100801 
-0.216420 
-0.014653 
-0.185232 
-0.294270 
-0.348524 
0.035785 
-0.141361 
-0.525520 
-0.240063 
-0.044591 
-0.075541 
-0.007026 
-0.014904 
-0.122109 
-0.090257 
0.327770 
-0.189448 
-0.198997 
-0.559740 
-0.184146 
-0.029682 
0.014576 
0.622258 
-0.212352 
-0.684798 
-0.092757 
-0.026552 
-0.140159 
-0.202717 
0.120151 
0.063746 
-0.092608 
0.370628 
-0.140689 
-0.217004 
0.104539 
0.294160 
0.187996 
0.057504 
-0.074488 
0.700905 
0.003208 
0.314836 
0.153090 
0.459644 
-0.025423 
-0.388745 
-0.347841 
-0.112112 
-0.371779 
0.068525 
0.022940 
-0.014200 
-0.346830 
-0.308485 
0.125260 
0.342892 
0.002805 
0.107487 
0.079781 
-0.132541 
0.486002 
0.001559 
0.018970 
-0.123925 
-0.535610 
0.097662 
0.039294 
0.145565 
0.095028 
-0.138129 
-0.026406 
-0.296554 
-0.066164 
-0.176873 
0.137117 
0.414358 
0.224245 
-0.086580 
-0.027998 
0.095353 
0.030127 
-0.236124 
0.743917 
-0.037595 
0.402768 
-0.059057 
0.120204 
0.271449 
-0.188105 
0.226032 
1.169941 
0.386916 
0.029700 
-0.309152 
0.065309 
-0.196493 
0.145950 
-0.205958 
-0.026202 
0.564365 
-0.064267 
0.052973 
0.698116 
0.615412 
-0.027926 
-0.179366 
-0.215236 
0.117143 
0.023344 
0.056239 
-0.004871 
-0.227753 
-0.048951 
-0.137775 
0.056853 
0.069546 
-0.330645 
-0.014504 
0.192203 
-0.255292 
-0.075316 
0.027152 
-0.086922 
0.104449 
-0.021288 
0.402462 
-0.101376 
0.008747 
-0.030520 
0.042253 
0.060416 
-0.421601 
-0.057631 
-0.384906 
-0.348950 
0.502451 
0.208546 
0.419088 
-0.118923 
0.352661 
-0.073537 
0.001388 
0.044552 
-0.155026 
-0.069294 
-0.159582 
0.218136 
0.002317 
0.734723 
-0.258766 
0.026338 
0.007303 
-0.115904 
0.393902 
-0.320498 
0.400946 
-0.074872 
-0.169871 
-0.123949 
-0.059871 
-0.188708 
-0.028719 
-0.201966 
-0.024733 
0.379760 
-0.287389 
-0.280619 
-0.148793 
0.023988 
0.061462 
0.223574 
-0.156791 
-0.067084 
0.295850 
-0.211721 
0.188117 
-0.214454 
-0.222326 
0.193223 
0.535134 
0.280515 
0.377180 
0.175064 
-0.043329 
0.002096 
-0.341708 
-0.068541 
0.311318 
-0.002597 
-0.653817 
0.119894 
-0.131204 
-0.176149 
-0.077254 
0.233025 
-0.429102 
-0.537591 
0.246158 
0.178937 
-0.261900 
-0.264610 
-0.177081 
-0.058865 
0.109231 
-0.305636 
0.080537 
-0.115959 
0.135407 
-0.069895 
-0.025525 
-0.178301 
-0.074976 
-0.035274 
0.330639 
-0.403199 
0.541731 
-0.148550 
-0.090256 
0.061804 
0.357688 
-0.220293 
0.022555 
-0.127020 
0.087069 
-0.105853 
0.024136 
-0.120420 
0.215578 
-0.149946 
-0.040451 
-0.000941 
-0.128512 
0.045391 
-0.026042 
-0.081845 
-0.625714 
0.004069 
0.006326 
0.031771 
0.139331 
-0.318145 
-0.360958 
0.028275 
-0.366999 
-0.123505 
-0.979363 
0.468421 
-0.171801 
-0.115403 
-0.242769 
-0.010404 
-0.140925 
0.009725 
0.345961 
0.295331 
-0.222767 
-0.813301 
0.140252 
-0.155187 
-0.092401 
-0.101881 
-0.199970 
-0.253177 
-0.005249 
0.179811 
0.214112 
-0.120785 
-0.242159 
-0.033837 
-0.067590 
-0.147197 
-0.072092 
-0.260270 
-0.022043 
-0.262071 
-0.136745 
0.168256 
0.491625 
0.578579 
0.511605 
-0.449366 
-0.116804 
0.034023 
0.509918 
0.776439 
-0.224659 
-0.047287 
-0.209209 
0.319604 
-0.180067 
-0.122269 
0.324900 
-0.164345 
-0.100022 
-0.041421 
0.166353 
0.047019 
0.032580 
0.709148 
0.504401 
-0.050865 
-0.272033 
-0.072710 
-0.106546 
0.174989 
0.204595 
0.207861 
-0.214272 
-0.118457 
-0.149234 
-0.351610 
-0.197575 
0.007631 
0.067539 
-0.194132 
-0.079587 
-0.129333 
0.024445 
-0.015406 
0.033299 
0.068016 
0.037556 
0.022984 
0.031348 
0.093133 
-0.250834 
-0.289948 
-0.259051 
-0.220065 
0.321754 
0.168074 
-0.034245 
-0.407670 
0.068939 
-0.573925 
-0.124870 
0.048718 
0.028215 
-0.358581 
-0.525666 
-0.061768 
-0.109929 
-0.070000 
-0.342254 
-0.391448 
0.575286 
-0.182256 
0.414417 
0.294130 
-0.147057 
-0.100420 
0.068749 
0.107854 
0.077883 
0.301363 
0.256487 
-0.151636 
0.062541 
-0.414410 
-0.075335 
0.171180 
-0.656804 
-0.001192 
-0.881041 
-0.029317 
-0.414112 
-0.040798 
0.537288 
0.097759 
-0.028899 
0.168226 
0.224629 
-0.071430 
-0.030486 
-0.107851 
-0.158913 
-0.233584 
0.127754 
-0.224283 
-0.220240 
-0.139106 
0.715599 
-0.216469 
-0.114599 
-0.557846 
0.054560 
0.150382 
0.005722 
0.207688 
-0.062022 
0.053001 
0.475371 
0.064078 
0.876498 
0.283538 
0.079053 
-0.154629 
-0.249033 
-0.143912 
-0.231659 
-0.215966 
-0.082079 
0.075880 
-0.184333 
-0.053368 
0.022475 
-0.261616 
0.471563 
-0.040493 
-0.079609 
-0.043571 
0.073453 
0.269634 
-0.213563 
-0.200774 
0.572201 
0.170590 
-0.037867 
0.212127 
0.366900 
0.358063 
0.079418 
-0.415714 
-0.133411 
-0.091958 
-0.707981 
-0.032328 
-0.535546 
-0.106527 
0.322749 
0.217604 
0.291936 
-0.158164 
-0.264140 
0.081719 
0.266982 
0.484821 
-0.086653 
-0.128227 
0.045432 
-0.225485 
-0.123308 
-0.164085 
-0.749753 
-0.052711 
0.129218 
0.398705 
0.024910 
0.239626 
-0.073894 
-0.101352 
0.260169 
0.430379 
0.546551 
0.084087 
-0.202403 
0.060376 
-0.466009 
-0.260045 
0.094462 
0.374567 
1.542183 
-0.031882 
-0.195775 
-0.156798 
0.064210 
0.325403 
0.231489 
0.230955 
1.017012 
0.719481 
0.330420 
0.016631 
-0.329212 
-0.381856 
0.307259 
0.235059 
0.064009 
-0.318659 
-0.055874 
-0.081136 
0.495588 
-0.155612 
0.152722 
0.126661 
-0.328701 
-0.224532 
0.040241 
0.313967 
-0.071607 
0.897159 
0.135410 
0.141223 
0.099459 
-0.086241 
0.081465 
0.002859 
-0.140734 
0.216912 
0.349990 
0.009650 
-0.147512 
-0.285317 
0.167744 
0.021714 
-0.132966 
0.128904 
0.040455 
-0.246838 
0.117163 
-0.155835 
0.166582 
-0.295942 
-0.191149 
0.048984 
0.356291 
0.012458 
-0.123730 
-0.028517 
0.015452 
-0.178232 
0.127671 
-0.028040 
0.212337 
0.202482 
-0.036972 
-0.026273 
0.382749 
0.300911 
0.516819 
0.146142 
0.166018 
0.192123 
0.140785 
0.399768 
0.434985 
0.062386 
0.207169 
0.227278 
-0.557726 
-0.377491 
0.132108 
0.086546 
0.006681 
-0.042272 
-0.220190 
-0.042003 
-0.092849 
0.297493 
0.033511 
-0.082286 
-0.291539 
-0.287649 
-0.016629 
-0.257122 
0.219105 
-0.065389 
0.111750 
-0.126506 
-0.376052 
-0.203701 
-0.224473 
-0.079828 
-0.016145 
-0.010782 
0.011329 
-0.541912 
-0.563579 
-0.235517 
0.021519 
0.075826 
-0.252321 
0.023046 
-0.038019 
0.011682 
0.229407 
-0.447466 
0.610663 
-0.129836 
-0.098988 
-0.089165 
-0.003976 
-0.003669 
0.995914 
0.716599 
0.193142 
0.445335 
-0.130698 
-0.003230 
-0.079499 
-0.034131 
0.044078 
-0.338291 
-0.003709 
0.036406 
-0.007649 
0.000692 
-0.293949 
-0.257222 
-0.104429 
-0.102500 
0.259811 
0.203821 
-0.009359 
-0.004822 
0.477795 
-0.124583 
-0.181451 
-0.160155 
-0.160860 
-0.173551 
0.319805 
-0.135357 
0.070534 
-0.384077 
-0.039610 
-0.063099 
0.053328 
0.091645 
0.026391 
-0.049093 
-0.114643 
-0.229987 
0.140310 
-0.315408 
-0.266595 
-0.166617 
0.116290 
0.280976 
0.247737 
0.215750 
0.053753 
0.083833 
-0.139046 
-0.145334 
-0.226482 
-0.076464 
-0.625454 
0.265112 
-0.190893 
-0.058980 
-0.153739 
-0.446379 
-0.014940 
-0.080995 
-0.487912 
-0.383105 
-0.087036 
-0.346823 
-0.144180 
-0.114761 
-0.360299 
0.097013 
-0.005455 
-0.256794 
0.296735 
0.010663 
-0.202246 
-0.043273 
0.052327 
-0.161630 
-0.003579 
0.097542 
-0.078251 
-0.325049 
-0.093533 
-0.265177 
0.056951 
0.047577 
-0.071848 
-0.244487 
-0.109918 
-0.146025 
0.013513 
-0.259131 
-0.118211 
0.012846 
0.089254 
-0.377645 
-0.271644 
0.123167 
0.262650 
0.008432 
-0.365956 
-0.037490 
-0.053573 
0.058207 
0.170599 
-0.065132 
-0.098462 
-0.253002 
-0.470294 
0.244143 
0.267421 
-0.004342 
-0.130856 
0.925153 
-0.656608 
0.212265 
-0.146390 
-0.636095 
-0.008368 
-0.090356 
0.017410 
-0.076775 
-0.296300 
-0.072021 
-0.198911 
-0.100347 
0.073298 
-0.042374 
-0.175110 
-0.033268 
0.175878 
-0.079261 
0.183269 
-0.310643 
0.020926 
-0.083553 
-0.477661 
0.162532 
0.460423 
-0.203727 
-0.244149 
-0.291394 
-0.392658 
-0.180022 
0.077123 
0.024130 
0.818176 
0.296283 
0.339703 
0.126551 
0.710717 
0.204557 
-0.445193 
-0.151346 
0.101239 
0.153676 
0.381599 
0.031214 
0.178196 
-0.139031 
0.222807 
0.301072 
-0.177587 
0.132057 
-0.223734 
-0.246966 
-0.019062 
-0.058118 
-0.479338 
-0.646231 
-0.132595 
-0.015075 
0.151566 
0.596874 
0.018406 
-0.062116 
-0.036315 
-0.036507 
-0.094201 
-0.059047 
-0.020036 
0.019392 
-0.021308 
-0.027686 
-0.117556 
0.183976 
-0.048306 
0.142912 
0.220953 
-0.138331 
0.267487 
0.436832 
-0.175196 
-0.500926 
-0.461216 
-0.093744 
-0.035584 
0.119200 
-0.188229 
-0.155437 
-0.229236 
-0.582816 
0.333651 
-0.072168 
-0.107136 
-0.154472 
-0.504727 
-0.275089 
-0.105528 
-0.118001 
-0.389607 
0.115342 
-0.049744 
-0.143031 
-0.338118 
-0.251495 
-0.144959 
-0.298621 
0.143273 
-0.548005 
-0.548549 
-0.276639 
0.561306 
-0.065870 
0.406056 
-0.106844 
-0.467773 
-0.033708 
-0.222043 
0.021963 
0.678048 
1.052624 
0.049090 
0.171213 
0.187001 
0.137517 
-0.049913 
-0.062418 
-0.143239 
-0.150148 
-0.096956 
-0.087629 
-0.240761 
-0.054421 
-0.333839 
0.058201 
-0.041780 
-0.170748 
0.123724 
-0.441965 
-0.611620 
-0.264088 
-0.141708 
0.219655 
-0.189079 
0.410894 
-0.124714 
-0.860816 
-0.109685 
-0.214881 
0.108919 
-0.248706 
0.035880 
-0.265098 
0.054995 
-0.122824 
-0.318586 
-0.107911 
0.253189 
0.044343 
-0.138064 
0.047028 
-0.012166 
-0.065723 
-0.079065 
0.111417 
0.079232 
-0.074073 
0.067013 
-0.122895 
-0.030407 
-0.157493 
0.158665 
-0.488874 
0.390108 
-0.227271 
-0.014802 
-0.078260 
-0.099104 
-0.083564 
0.588510 
0.449265 
0.033909 
-0.443312 
-0.128357 
-0.032061 
0.227904 
0.206378 
1.017504 
0.271217 
-0.182789 
-0.512792 
-0.108405 
0.124792 
0.237366 
0.365017 
-0.132494 
-0.147855 
-0.095239 
-0.095691 
-0.028353 
-0.119691 
-0.069580 
-0.202293 
0.774037 
0.170159 
0.064586 
-0.233645 
0.018966 
-0.094145 
-0.062849 
-0.178275 
-0.238216 
0.014800 
0.222968 
0.068349 
-0.204738 
0.098102 
0.410800 
-0.636409 
-0.607945 
-0.026129 
-0.131296 
0.049817 
0.139738 
0.053633 
0.017202 
0.850130 
0.296950 
0.115280 
-0.149725 
-0.031952 
-0.202094 
-0.135954 
-0.055940 
0.001461 
-0.005809 
0.095216 
0.031486 
0.110971 
-0.609171 
0.006435 
-0.099156 
-0.296033 
-0.249288 
0.220571 
-0.213243 
-0.073675 
0.504040 
0.439768 
0.377084 
0.119770 
-0.162873 
-0.083669 
0.003842 
-0.113375 
-0.047669 
0.103309 
-0.157227 
-0.078410 
0.024835 
0.139383 
-0.090881 
-0.349942 
0.307734 
0.150085 
-0.178585 
-0.421105 
-0.116190 
0.143385 
-0.193947 
0.322108 
1.435218 
0.142122 
0.014551 
0.326826 
0.114306 
-0.278441 
-0.043207 
0.132185 
0.537610 
0.616763 
-0.083218 
0.181307 
0.413997 
0.969346 
-0.035605 
-0.067055 
-0.169669 
0.131029 
0.350588 
-0.041676 
0.274604 
0.293330 
-0.217165 
-0.144377 
-0.003067 
-0.133454 
-0.405636 
0.289377 
0.127389 
0.067586 
-0.191238 
0.034808 
0.146047 
-0.139199 
-0.077571 
0.389100 
-0.479566 
-0.057480 
-0.007872 
0.134038 
0.415536 
-0.196985 
-0.111522 
-0.302614 
0.261248 
0.065856 
0.235474 
0.349748 
0.038685 
0.043948 
-0.164982 
-0.332730 
-0.211311 
-0.062262 
-0.019529 
-0.015637 
-0.038028 
-0.033693 
0.393321 
0.233152 
0.759881 
-0.444781 
0.068727 
0.148441 
-0.260508 
-0.312402 
-0.064288 
-0.331742 
-0.006228 
-0.046930 
-0.182598 
0.252194 
-0.023856 
0.700362 
0.085689 
0.117343 
0.023834 
-0.066580 
0.527677 
0.171545 
-0.521523 
-0.227599 
-0.139568 
-0.034990 
0.034711 
0.144843 
-0.007822 
0.072404 
-0.051640 
-0.320726 
-0.399958 
-0.415712 
-0.508024 
-0.170054 
-0.063146 
0.166303 
-0.096691 
0.525784 
-0.063345 
-0.031478 
0.092033 
0.043282 
-0.290929 
-0.221376 
-0.092187 
0.013143 
-0.164630 
-0.113939 
0.440442 
0.236938 
0.340321 
-0.309883 
-0.118189 
0.230334 
-0.025708 
-0.224182 
0.171448 
-0.540875 
-0.011110 
-0.116374 
0.225345 
-0.065059 
-0.132215 
-0.166789 
0.013234 
0.764300 
0.029679 
0.023318 
-0.055755 
-0.077328 
-0.474334 
-0.451112 
0.520508 
0.109787 
0.308575 
0.171573 
0.055532 
-0.199635 
1.303136 
-0.109742 
0.097242 
-0.056062 
0.292594 
-0.075771 
0.629858 
0.339831 
-0.059714 
-0.132779 
0.082506 
-0.100394 
-0.018323 
-0.145518 
-0.007491 
-0.130911 
0.253307 
-0.345845 
0.169512 
-0.307112 
-0.339771 
-0.269123 
-0.491719 
0.310508 
0.415650 
-0.067845 
-0.071195 
-0.208870 
0.048799 
-0.018268 
0.067566 
0.093689 
0.120686 
-0.169040 
-0.228254 
0.287433 
-0.117574 
-0.048300 
-0.592512 
-0.058101 
-0.027690 
0.253261 
0.448802 
0.555781 
-0.842545 
-0.423499 
0.159494 
-0.096587 
-0.154067 
0.256431 
-0.100410 
-0.417963 
-0.005792 
-0.084759 
-0.232110 
-0.255643 
0.135986 
-0.281393 
1.572812 
-0.034620 
-0.022193 
-0.186524 
0.364663 
-0.139386 
-0.041548 
0.394710 
0.258126 
0.084466 
-0.005152 
-0.118160 
-0.110451 
0.222400 
-0.301585 
0.070506 
-0.177780 
0.053760 
-0.238567 
-0.208464 
0.065992 
-0.000488 
0.164843 
-0.067331 
0.047739 
0.381111 
0.507499 
-0.071718 
-0.191995 
-0.236047 
-0.332703 
-0.702026 
0.025712 
-0.006763 
-0.531367 
-0.553340 
0.216793 
0.816356 
1.254905 
0.034510 
0.126768 
0.167137 
-0.062180 
-0.191196 
-0.056215 
-0.647992 
-0.163328 
-0.001009 
-0.245248 
0.281209 
-0.360854 
0.251086 
0.690617 
0.310449 
-0.089655 
0.347206 
-0.399659 
0.021434 
-0.025582 
-0.066294 
0.103262 
0.005003 
0.348218 
-0.109350 
0.147973 
-0.265520 
-0.064507 
-0.060036 
-0.164768 
-0.411017 
-0.257580 
-0.134337 
-1.056032 
-0.052236 
0.030632 
-0.283484 
-0.650058 
0.040038 
-0.260748 
-0.126735 
-0.168799 
0.078055 
-0.073350 
0.020940 
0.017472 
-0.122056 
-0.073369 
-0.007360 
0.276757 
0.007787 
-0.091027 
-0.058023 
-0.026206 
-0.166758 
-0.076907 
0.070677 
0.138757 
0.161621 
0.227012 
0.131231 
0.115097 
-0.086021 
0.890140 
0.087351 
-0.069643 
0.106994 
-0.082063 
0.305443 
0.838398 
0.087102 
-0.108224 
0.018573 
0.078955 
0.142552 
1.139670 
0.579518 
0.356877 
-0.093784 
-0.327832 
-0.076311 
-0.008186 
0.105498 
-0.070134 
-0.109138 
-0.051454 
-0.137722 
-0.091587 
-0.191329 
-0.098994 
0.066945 
-0.277042 
0.118994 
0.085562 
0.033564 
0.241310 
0.168214 
0.142495 
-0.064446 
-0.515720 
-0.170657 
0.266784 
-0.002494 
-0.727420 
-0.157146 
-0.006333 
0.006512 
0.154629 
-0.162573 
-0.200001 
-0.060854 
0.260662 
-0.012429 
0.034208 
0.022742 
-0.058529 
0.009330 
-0.245298 
-0.201061 
-0.008657 
-0.436080 
-0.561703 
-0.354285 
-0.635811 
-0.026366 
-0.058832 
-0.012494 
-0.054589 
0.081290 
-0.370379 
-0.314659 
-0.309768 
-0.791578 
-0.270226 
-0.461352 
-0.099610 
-0.235910 
-0.108284 
-0.193667 
-0.419089 
-0.004762 
-0.059223 
-0.046496 
0.089956 
-0.037471 
-0.020895 
-0.558796 
-0.073887 
-0.221604 
-0.091643 
-0.099119 
0.035082 
0.090626 
0.874022 
0.174010 
0.621959 
0.203502 
-0.192151 
0.234546 
-0.185717 
-0.241850 
0.713327 
0.643831 
1.509336 
0.572850 
0.099886 
0.584417 
0.157243 
-0.027466 
0.045431 
0.287663 
0.070307 
1.154440 
-0.618022 
0.041271 
0.044085 
-0.119051 
-0.075918 
-0.249617 
-0.321534 
-0.011499 
0.014071 
0.009654 
-0.139210 
-0.440183 
-0.414162 
-0.006794 
-0.026047 
0.070825 
0.284966 
0.013180 
-0.240302 
-0.142596 
0.051149 
0.243247 
0.200606 
0.097568 
-0.062873 
0.086414 
-0.063822 
0.032844 
0.070203 
0.257112 
-0.080977 
0.066985 
-0.247452 
0.540085 
-0.071239 
-0.027146 
-0.049217 
-0.228342 
-0.084845 
0.028945 
0.003369 
-0.118099 
-0.189901 
0.007620 
0.031697 
-0.195855 
0.213887 
0.532376 
-0.124216 
-0.013742 
0.044940 
0.033141 
0.328324 
0.231392 
-0.008175 
0.095986 
0.125769 
0.134604 
0.052003 
0.015398 
-0.073532 
0.199958 
-0.194822 
0.305049 
-0.125109 
0.123200 
-0.180538 
-0.703186 
0.187057 
0.428408 
0.314527 
-0.010960 
-0.107409 
0.210214 
0.244851 
0.045224 
0.201950 
0.473928 
0.671231 
-0.093255 
-0.053013 
-0.092830 
-0.178522 
0.036024 
0.020527 
0.060925 
-0.057746 
-0.013547 
-0.036136 
-0.479317 
-0.236434 
-0.016749 
0.196962 
-0.217150 
-0.197174 
-0.046387 
0.014661 
-0.185962 
-0.077214 
0.032613 
-0.018683 
0.005225 
-0.038663 
-0.069719 
-0.111118 
-0.083825 
0.040777 
0.021803 
-0.116014 
0.296321 
0.290615 
0.011026 
-0.146138 
0.037201 
-0.232600 
-0.244197 
-0.388875 
-0.075483 
-0.007727 
-0.267958 
0.093423 
0.004409 
0.343898 
0.022742 
0.452595 
-0.004708 
-0.030154 
-0.027791 
-0.401723 
-0.184671 
-0.111801 
-0.023274 
-0.115901 
-0.298681 
-0.525912 
-0.096080 
0.521365 
0.172447 
-0.021846 
-0.199899 
-0.053411 
0.140202 
-0.151024 
0.137037 
-0.363838 
-0.246319 
-0.652806 
-0.519421 
0.020731 
-0.129856 
-0.202588 
0.002482 
-0.022984 
0.365013 
0.563226 
-0.246116 
0.083532 
-0.212372 
0.525893 
1.224582 
-0.022491 
-0.034140 
-0.124552 
-0.220553 
-0.123692 
-0.183805 
-0.034973 
-0.061850 
0.018798 
0.134085 
0.157805 
0.073604 
0.192546 
0.027494 
0.053761 
-0.240211 
-0.048520 
0.036955 
0.067832 
0.723569 
-0.160373 
0.366956 
-0.350600 
0.301307 
0.267185 
-0.137275 
0.036014 
-0.011269 
-0.293909 
-0.013883 
0.024517 
-0.147341 
-0.257282 
-0.193221 
-0.050952 
-0.427396 
-0.407260 
-0.238682 
0.162998 
-0.121949 
-0.003781 
-0.046921 
0.163069 
0.011059 
-0.207736 
0.161703 
0.167095 
-0.141831 
-0.004357 
0.007610 
0.161289 
0.147276 
0.126337 
0.176568 
0.189688 
-0.044649 
-0.140637 
-0.032561 
-0.065612 
0.118710 
0.120727 
-0.049197 
-0.017819 
-0.054129 
-0.009504 
-0.004249 
-1.000836 
0.044858 
0.028062 
0.701437 
1.067123 
0.201115 
-0.118663 
-0.207906 
-0.003179 
-0.194648 
-0.070026 
-0.116139 
-0.313571 
0.056291 
0.101202 
-0.206501 
-0.161297 
-0.097284 
-0.131024 
-0.027671 
0.056370 
0.092780 
-0.035736 
0.142942 
-0.023124 
-0.209253 
-0.278638 
-0.000413 
-0.525136 
0.216175 
0.327466 
-0.080632 
0.323477 
0.025942 
0.394206 
-0.116132 
-0.079058 
0.338599 
-0.218747 
0.039733 
-0.073608 
-0.084189 
-0.242609 
0.008498 
-0.176036 
-0.016531 
0.767532 
-0.000488 
0.302764 
-0.189054 
-0.167737 
-0.076373 
0.107443 
0.112222 
-0.103761 
0.057140 
0.089332 
-0.208002 
-0.446575 
-0.080712 
0.065226 
-0.115634 
-0.349630 
-0.207242 
-0.106323 
-0.047113 
0.374823 
0.593441 
0.008730 
0.040311 
-0.178972 
-0.489470 
-0.057495 
-0.100462 
-0.255862 
0.441756 
0.107090 
0.086838 
-0.161242 
-0.131186 
-0.576318 
0.057504 
-0.042602 
-0.129582 
-0.164856 
0.150483 
-0.060996 
0.112793 
0.002504 
-0.064581 
-0.058420 
-0.119794 
-0.157145 
0.024548 
-0.089341 
-0.230651 
-0.145928 
0.020529 
-0.042799 
0.043902 
0.377959 
0.056396 
0.213838 
0.130294 
0.173069 
0.017256 
-0.050960 
-0.140661 
-0.051337 
-0.318350 
-0.108345 
0.245328 
-0.016986 
-0.279126 
0.033017 
-0.086462 
-0.088377 
-0.057317 
0.637416 
0.418697 
0.236297 
-0.037463 
-0.086031 
0.124254 
0.015155 
-0.091347 
-0.001202 
-0.222416 
0.212135 
0.147822 
0.104177 
