-0.247549 
0.451645 
0.288312 
-0.187181 
0.212599 
-0.272389 
0.106704 
0.136488 
-0.044245 
0.592933 
0.203683 
0.092884 
-0.052478 
-0.069502 
-0.051644 
-0.183948 
-0.297179 
-0.517695 
-0.527805 
-0.285377 
-0.043041 
-0.047610 
-0.493053 
-0.061392 
-0.707173 
-0.058791 
0.057563 
-0.400873 
-0.211032 
-0.044693 
1.003330 
-0.011618 
0.013930 
0.010377 
0.023185 
-0.246175 
0.124947 
-0.279960 
0.430312 
0.199298 
0.045230 
-0.234612 
0.066912 
0.160946 
-0.045895 
-0.202464 
0.136210 
0.190455 
-0.549083 
-0.457167 
0.122958 
0.030796 
-0.209825 
-0.114910 
-0.060314 
-0.295075 
0.060660 
0.272891 
0.107816 
0.043557 
-0.059474 
0.090568 
-0.105715 
-0.065118 
0.048694 
-0.468414 
0.022764 
0.649722 
-0.006960 
0.045135 
-0.055787 
0.115127 
0.518591 
0.031638 
-0.030997 
-0.539945 
-0.286320 
-0.127393 
0.180845 
-0.053706 
-0.249176 
0.274231 
0.469272 
0.338142 
0.095843 
-0.057909 
-0.055674 
0.098464 
-0.021756 
0.015804 
0.064980 
0.047993 
0.054194 
0.012771 
0.041633 
0.046808 
0.175395 
0.048153 
-0.054698 
-0.042870 
-0.263399 
-0.036605 
-0.081174 
0.108077 
-0.194305 
-0.193141 
-0.226381 
-0.055773 
-0.217590 
0.017056 
-0.134253 
-0.169020 
-0.129632 
-0.052564 
-0.387381 
0.104098 
0.680732 
0.566042 
0.118285 
0.024668 
0.148724 
0.038954 
0.205257 
0.024922 
-0.260199 
-0.000555 
-0.343509 
0.159671 
0.495942 
0.184777 
-0.181449 
-0.107200 
0.106633 
0.350711 
-0.266066 
-0.021289 
0.019548 
0.001266 
0.104790 
0.199984 
0.018670 
0.201384 
0.170227 
-0.076076 
0.195552 
0.084207 
-0.349395 
-0.011139 
0.025914 
0.433134 
0.382166 
-0.031285 
0.206586 
0.040768 
0.013659 
0.206973 
0.228803 
0.282813 
-0.016217 
0.138895 
0.170545 
-0.344841 
-0.026827 
0.118614 
-0.043533 
-0.245654 
-0.013206 
0.048731 
-0.297842 
-0.076722 
0.540024 
0.083100 
0.023343 
-0.202290 
-0.460323 
-0.210499 
0.023587 
-0.069490 
0.094681 
-0.446910 
-0.369697 
-0.191260 
0.028616 
-0.056654 
-0.007946 
0.774713 
0.163533 
0.060386 
-0.015765 
-0.013714 
0.146112 
0.967834 
0.018566 
-0.133802 
0.010925 
0.054783 
-0.010822 
-0.149542 
0.032114 
-0.217556 
-0.066533 
0.372466 
0.001001 
0.413023 
0.005203 
-0.166458 
-0.619524 
-0.177174 
0.083234 
-0.303529 
-0.165065 
0.052465 
0.015755 
-0.070152 
-0.117209 
0.142955 
-0.129554 
-0.468847 
-0.089126 
-0.099682 
-0.050331 
-0.030029 
-0.003798 
0.538059 
0.031842 
0.051784 
-0.081155 
-0.513949 
-0.008519 
-0.124588 
-0.222188 
-0.013872 
-0.100879 
-0.183899 
0.082447 
-0.171314 
-0.256209 
0.115009 
0.045532 
0.062807 
-0.252958 
-0.138386 
0.072178 
0.193097 
0.055516 
-0.119474 
0.058196 
0.172596 
-0.008878 
0.184484 
-0.048448 
-0.275034 
0.093719 
-0.424332 
-0.392174 
-0.541313 
-0.437205 
0.006380 
-0.097567 
-0.211869 
-0.242879 
0.355358 
-0.037361 
-0.396442 
0.153852 
-0.070876 
0.093644 
0.057020 
0.004320 
1.046021 
-0.138888 
-0.247721 
-0.087532 
0.454148 
-0.026813 
0.180849 
-0.228711 
-0.114090 
-0.354816 
-0.034341 
-0.403349 
0.361839 
-0.130464 
-0.369507 
-0.025281 
-0.105073 
0.119886 
0.628996 
0.837548 
0.020944 
-0.545053 
0.019267 
0.160032 
0.331958 
0.393865 
0.392318 
-0.738355 
0.235887 
0.073435 
-0.085225 
0.016301 
0.279593 
-0.596866 
-0.329712 
-0.009216 
0.011326 
-0.433636 
-0.212123 
-0.318385 
-0.133817 
-0.093111 
-0.429867 
-0.030261 
0.178404 
0.044420 
0.248886 
0.053372 
-0.041113 
0.019151 
0.093500 
-0.087665 
-0.112597 
-0.115016 
-0.016966 
0.119965 
-0.068164 
-0.049069 
-0.437137 
-0.200985 
-0.186553 
0.058967 
0.052259 
-0.155277 
-0.067592 
0.084784 
-0.139461 
-0.009345 
-0.224371 
0.088471 
0.086151 
0.100799 
0.375227 
-0.020550 
0.135143 
0.028386 
0.195693 
-0.071442 
-0.326657 
-0.023103 
-0.138386 
0.045229 
-0.078077 
-0.205989 
-0.304164 
0.173860 
0.422761 
-0.256670 
0.004781 
0.117309 
0.307868 
-0.184618 
-0.049493 
-0.026391 
-0.121335 
-0.046271 
-0.243862 
0.021345 
0.024646 
-0.044984 
-0.213006 
-0.057637 
-0.445709 
0.050871 
0.538044 
1.108403 
-0.385319 
-0.036662 
-0.037721 
-0.009220 
0.033038 
-0.313746 
0.298677 
-0.040485 
0.471913 
0.108319 
0.146662 
-0.113961 
-0.165825 
-0.131585 
-0.271277 
-0.084986 
-0.008015 
0.059253 
0.230807 
-0.035646 
0.668213 
0.058992 
-0.043962 
-0.051381 
-0.131074 
-0.035709 
0.028006 
0.039349 
-0.310805 
-0.392523 
-0.481807 
0.200924 
0.595787 
-0.510773 
-0.227304 
0.220843 
0.941083 
0.040405 
0.479720 
0.034517 
0.092767 
-0.006438 
-0.106829 
-0.000932 
0.104541 
-0.068152 
-0.071492 
0.571848 
-0.364414 
0.090190 
-0.043902 
-0.056141 
0.052318 
0.025657 
-0.061918 
-0.425030 
0.277446 
0.378089 
0.180202 
-0.003798 
-0.051655 
-0.053877 
0.043340 
-0.013396 
0.046087 
-0.033921 
-0.544095 
-0.092574 
-0.078432 
0.288805 
0.162646 
0.082029 
0.045719 
-0.197797 
-0.530668 
-0.050836 
-0.018899 
-0.195173 
-0.040484 
-0.270595 
-0.281347 
-0.075608 
-0.063970 
0.419540 
0.486949 
0.687342 
-0.273512 
0.365614 
-0.286382 
-0.198734 
-0.218959 
-0.361374 
-0.280971 
0.187149 
0.001779 
0.350355 
0.025969 
0.084928 
-0.257056 
-0.007351 
-0.149823 
0.204331 
0.576941 
-0.162446 
0.024824 
0.073930 
-0.189385 
0.009990 
0.279277 
0.625868 
0.240574 
-0.012604 
0.323262 
-0.151489 
-0.022937 
-0.241472 
0.364791 
0.275357 
-0.049261 
-0.100069 
0.688663 
0.280093 
0.092732 
-0.077517 
0.142796 
-0.202438 
0.190022 
0.206445 
-0.084345 
-0.060582 
0.095835 
-0.343363 
-0.032368 
0.266394 
0.462714 
0.146640 
-0.054137 
0.640449 
0.136141 
-0.531767 
-0.187320 
-0.095483 
0.049515 
-0.064699 
0.076346 
-0.268177 
0.254045 
-0.347674 
-0.293552 
-0.100454 
-0.018104 
0.095139 
0.016079 
0.051677 
-0.012221 
-0.079073 
-0.121205 
-0.179074 
-0.275297 
0.162042 
-0.052326 
0.343293 
0.126735 
0.233284 
0.354876 
0.171652 
-0.105842 
-0.111824 
-0.097284 
-0.057525 
-0.092074 
-0.187144 
-0.322749 
-0.303552 
0.186222 
0.022531 
-0.004684 
-0.013840 
0.045735 
-0.061790 
0.057835 
-0.423376 
-0.107381 
-0.150961 
-0.244824 
-0.300196 
-0.037918 
-0.077935 
-0.376710 
-0.109948 
-0.420843 
0.029475 
-0.059283 
-0.434652 
-0.267016 
-0.500234 
0.026478 
-0.298566 
-0.265289 
0.015693 
-0.027561 
0.836581 
-0.038497 
-0.151556 
-0.418144 
-0.316949 
-0.067015 
0.092191 
0.167697 
0.155024 
0.126651 
-0.322401 
-0.356546 
-0.140796 
-0.093338 
0.231102 
0.057471 
-0.159625 
-0.097538 
0.055658 
0.034988 
0.106802 
0.056360 
-0.001404 
0.106644 
0.047926 
0.033653 
-0.271779 
-0.086672 
1.039375 
-0.252935 
-0.036433 
-0.353241 
-0.128376 
-0.094027 
0.177803 
-0.192966 
0.222103 
0.160520 
-0.084040 
0.962085 
0.062479 
-0.111517 
0.257285 
0.040570 
-0.274295 
-0.092638 
-0.049347 
0.551044 
-0.156620 
-1.015694 
-1.003646 
0.429094 
-0.181240 
-0.201531 
-0.051709 
0.030937 
-0.039809 
-0.082980 
-0.027837 
-0.513104 
-0.122055 
-0.104272 
-0.045375 
-0.128407 
0.050221 
-0.181084 
0.115744 
0.043286 
-0.131642 
0.113105 
-0.376376 
-0.311098 
0.211226 
-0.190810 
0.498930 
0.434249 
-0.161995 
-0.032499 
0.190743 
0.074214 
0.115697 
-0.063321 
-0.024760 
0.327759 
-0.090949 
0.240092 
0.078097 
-0.034632 
-0.080680 
-0.013697 
-0.142209 
-0.036838 
-0.268018 
-0.338843 
0.284102 
-0.329652 
-0.538399 
-0.249526 
0.039667 
0.020198 
0.070907 
0.515851 
0.318698 
-0.034467 
-0.019938 
-0.088761 
-0.139855 
0.407550 
-0.327429 
-0.200694 
-0.205726 
-0.220402 
-0.357785 
-0.073193 
0.046763 
0.007809 
-0.088248 
-0.019713 
-0.165444 
-0.142958 
-0.067806 
-0.014607 
-0.138069 
-0.143544 
0.081074 
0.500926 
0.167421 
-0.264033 
-0.466887 
0.083549 
-0.579122 
-0.171075 
-0.016960 
0.080721 
-0.088034 
0.056625 
-0.051223 
-0.005789 
-0.080916 
-0.143621 
-0.177150 
-0.081236 
-0.084248 
0.025645 
0.158800 
-0.095363 
-0.002228 
-0.092830 
-0.104619 
0.022123 
-0.112048 
0.431504 
-0.136044 
1.082766 
1.055295 
-0.265730 
-0.034700 
0.418486 
0.022579 
-0.026055 
-0.232061 
-0.074872 
-0.099145 
0.174618 
-0.313771 
0.044109 
-0.020954 
0.130111 
-0.115567 
0.443129 
-0.133585 
-0.214885 
-0.579111 
-0.157666 
0.277502 
0.170208 
0.821678 
0.150115 
0.026491 
0.048731 
0.098942 
-0.285460 
-0.271628 
-0.242804 
0.076239 
0.131764 
0.287046 
-0.225435 
-0.464546 
-0.466772 
-0.352347 
-0.314168 
0.762451 
-0.396988 
-0.087344 
0.054638 
0.423794 
-0.235635 
0.170772 
-0.086076 
-0.000893 
-0.095721 
-0.091359 
-0.117970 
0.048391 
-0.561920 
-0.117155 
-0.274578 
-0.136714 
-0.039434 
-0.018716 
0.036969 
0.032810 
-0.042778 
-0.013558 
-0.247572 
-0.419688 
0.748813 
0.625000 
0.511383 
-0.092457 
0.206119 
0.368505 
0.239254 
-0.153399 
-0.256044 
-0.037983 
-0.002554 
-0.356204 
-0.253203 
-0.095369 
-0.200093 
0.449498 
0.392144 
-0.269210 
0.095311 
-0.023659 
-0.063752 
0.067913 
0.133546 
-0.287263 
0.345304 
0.054980 
-0.295936 
0.329458 
-0.026617 
-0.015307 
0.148483 
0.663367 
-0.314881 
-0.448803 
-0.373421 
0.045420 
0.132784 
-0.617502 
0.196096 
0.123178 
0.181067 
-0.071811 
-0.087485 
-0.108903 
0.073425 
-0.021009 
-0.182037 
-0.075057 
-0.069460 
-0.068846 
-0.298869 
-0.020522 
-0.075327 
0.070578 
0.848915 
-0.240530 
-0.290279 
0.001159 
0.108019 
0.057921 
0.026673 
-0.016143 
-0.155851 
-0.017049 
0.003892 
0.858444 
0.608230 
-0.082549 
-0.201758 
-0.046550 
-0.073270 
0.006723 
-0.108292 
-0.046410 
-0.130790 
-0.083766 
0.344627 
-0.145244 
-0.227756 
-0.085817 
0.223492 
-0.272404 
-0.148557 
0.015887 
-0.135097 
-0.162543 
-0.203802 
-0.332267 
-0.110825 
-0.250232 
-0.211104 
-0.229075 
0.016317 
-0.165377 
-0.112793 
-0.070040 
-0.380494 
-0.297599 
0.068718 
-0.146416 
0.070895 
0.027133 
0.051289 
-0.038148 
-0.259151 
1.060466 
1.044168 
0.053766 
0.217938 
-0.025547 
-0.133930 
-0.207449 
-0.268468 
-0.113469 
-0.105010 
-0.040148 
0.256044 
-0.196799 
-0.133374 
-0.118646 
0.210706 
0.614152 
-0.039416 
-0.041479 
-0.073271 
-0.450251 
0.080915 
0.529995 
0.219345 
-0.221203 
-0.099918 
0.021932 
-0.195660 
-0.217007 
-0.023221 
-0.235503 
-0.202844 
0.827317 
1.006284 
-0.128913 
-0.096013 
-0.026100 
-0.318167 
-0.123313 
0.399837 
-0.111709 
-0.634634 
-0.130248 
-0.101830 
0.161889 
0.108075 
-0.067391 
-0.116771 
-0.118611 
0.009281 
-0.018194 
-0.095629 
-0.261755 
-0.002029 
-0.022583 
-0.116063 
-0.018223 
-0.012572 
-0.192711 
-0.116536 
0.539984 
-0.078525 
-0.149926 
0.057190 
-0.073195 
-0.147628 
-0.347021 
-0.485427 
-0.243016 
-0.053390 
0.232488 
0.035411 
0.237013 
-0.045067 
-0.076769 
-0.176929 
0.326933 
0.066277 
0.013235 
-0.058595 
-0.914648 
0.209860 
0.400525 
-0.101136 
-0.041071 
1.293858 
-0.109142 
0.211117 
-0.041781 
-0.050706 
-0.539594 
0.190337 
0.017102 
0.590044 
0.031177 
-0.095035 
0.170529 
-0.002175 
0.132090 
-0.039505 
-0.635641 
-0.209834 
-0.112561 
-0.210605 
-0.049841 
-0.576169 
-0.615076 
0.073758 
0.010560 
1.042294 
0.158003 
-0.085663 
0.177218 
-0.214609 
-0.145692 
-0.039733 
-0.104359 
-0.361266 
-0.172525 
-0.418772 
-0.114904 
-0.178623 
-0.039176 
-0.065723 
-0.125615 
-0.294629 
-0.255577 
-0.643629 
0.104822 
0.076543 
-0.143167 
-0.259724 
-0.022662 
0.038408 
0.012464 
0.222806 
0.977613 
-0.395042 
-0.029748 
0.016595 
0.147683 
-0.030113 
-0.176925 
-0.301273 
-0.861293 
-0.223616 
0.251177 
0.209617 
0.124217 
-0.715457 
-0.389189 
-0.315790 
-0.001820 
0.447966 
-0.114754 
-0.139670 
-0.194922 
-0.168188 
-0.132906 
0.861441 
0.323214 
-0.313895 
0.167408 
-0.401738 
0.232297 
-0.182512 
-0.212605 
-0.432952 
-0.593738 
0.297587 
-0.184805 
-0.603311 
0.080523 
0.125514 
0.093346 
-0.191998 
0.373010 
-0.156847 
-0.096457 
0.024011 
0.078444 
-0.203571 
-0.288378 
0.573262 
0.069685 
0.029423 
0.217467 
0.163600 
0.166940 
-0.060495 
0.485843 
-0.045533 
0.145585 
-0.050291 
0.205119 
-0.156641 
0.280655 
0.607337 
0.956056 
0.189775 
0.401795 
0.003526 
0.077760 
-0.118199 
-0.013450 
0.337660 
0.328474 
1.102542 
0.128069 
0.237547 
0.014549 
0.683809 
1.154509 
0.297929 
-0.060425 
0.173279 
0.016701 
-0.483016 
-0.207142 
-0.419291 
-0.106920 
0.042798 
-0.207413 
-0.672711 
0.333216 
0.226541 
0.222727 
0.473892 
0.400369 
-0.215701 
-0.040273 
-0.329462 
-0.284755 
-0.111504 
0.026939 
-0.183237 
0.159272 
0.059037 
0.003703 
-0.110759 
0.146494 
0.575369 
0.532338 
-0.110399 
0.085392 
-0.032354 
-0.348452 
-0.576430 
-0.408765 
-0.419737 
-0.242612 
-0.444302 
0.028208 
-0.132266 
0.423501 
-0.129141 
0.162065 
0.045420 
-0.289261 
-0.086377 
0.022831 
0.117373 
0.204057 
-0.098672 
-0.512215 
-0.708493 
-0.040580 
0.325571 
-0.277593 
0.189663 
-0.018764 
0.808219 
0.287602 
0.333854 
0.140978 
-0.031786 
-0.081288 
0.484122 
-0.040736 
-0.059961 
-0.177892 
-0.251444 
-0.242717 
0.028971 
-0.088349 
0.749380 
0.114991 
0.056711 
-0.105378 
0.286380 
0.514460 
0.074254 
-0.051021 
-0.143022 
-0.123423 
0.203646 
0.142710 
0.248907 
0.385986 
-0.210693 
0.173840 
0.300573 
0.130248 
-0.233382 
-0.273229 
-0.122350 
-0.197666 
0.000132 
-0.350467 
-0.016579 
-0.367744 
-0.014295 
1.355852 
0.525789 
0.317153 
-0.076257 
0.088298 
-0.178134 
-0.181104 
-0.268732 
-0.541782 
0.392350 
-0.067511 
-0.339907 
-0.185141 
-0.308091 
-0.152060 
-0.385332 
0.210534 
0.083811 
-0.207529 
-0.436791 
-0.044011 
0.777836 
0.153035 
0.102574 
0.548105 
0.001859 
-0.673958 
-0.327595 
0.677884 
0.042772 
-0.141732 
-0.127751 
0.983280 
1.079161 
0.049230 
0.067576 
-0.138288 
-0.030179 
-0.357496 
-0.351036 
0.142680 
-0.157260 
-0.000822 
-0.034888 
0.102776 
0.045498 
0.144549 
0.119946 
0.218811 
0.179187 
-0.139284 
-0.129571 
1.172604 
1.325124 
0.137378 
-0.115620 
0.351724 
0.297644 
0.135913 
-0.030174 
-0.017849 
-0.037915 
-0.007224 
0.398227 
0.256571 
-0.084756 
0.001578 
1.053838 
0.096303 
0.205849 
0.118387 
0.063595 
-0.050676 
0.159643 
0.062252 
-0.305460 
-0.344639 
0.034725 
0.151013 
0.384503 
-0.476299 
-0.452035 
-0.201402 
-0.016322 
0.028576 
0.032367 
-0.248932 
0.127055 
0.268804 
0.005120 
-0.014925 
-0.070609 
-0.006962 
0.162754 
-0.058512 
-0.041394 
-0.151488 
-0.111600 
-0.076599 
1.122909 
-0.224636 
-0.274898 
-0.637482 
-0.041587 
-0.149605 
0.208212 
0.010954 
0.361727 
0.877769 
0.101223 
0.082674 
-0.016210 
0.034534 
0.577087 
-0.044242 
0.642981 
-0.136911 
-0.235651 
-0.080159 
-0.116457 
-0.053081 
-0.082666 
0.075476 
-0.232637 
-0.307404 
-0.242357 
0.030588 
-0.075909 
-0.181431 
-0.204239 
-0.421692 
0.152777 
-0.409130 
-0.509443 
-0.087937 
-0.575970 
0.101951 
0.634960 
0.609101 
0.256495 
-0.241410 
0.313885 
0.313104 
0.132940 
0.381625 
-0.187850 
0.164777 
-0.380138 
0.104385 
0.323119 
-0.497248 
0.099540 
0.263623 
1.190488 
-0.128493 
0.129529 
1.166806 
0.268133 
-0.202658 
-0.321375 
0.083193 
-0.212763 
0.233955 
0.189536 
-0.398169 
0.212496 
-0.089059 
-0.493885 
0.029083 
-0.244941 
-0.365336 
-0.289059 
0.050490 
-0.442765 
0.100937 
0.022256 
-0.181508 
0.058292 
-0.333529 
-0.364602 
-0.330191 
-0.456136 
0.201748 
0.844680 
0.934349 
1.299633 
0.100180 
0.370595 
0.161876 
-0.106544 
-0.003221 
-0.262949 
0.054094 
-0.271429 
-0.201960 
-0.253961 
0.018787 
-0.055360 
-0.024288 
-0.361815 
-0.416360 
0.136069 
-0.153954 
-0.225196 
-0.113551 
-0.192188 
0.040851 
-0.121602 
-0.060061 
-0.037752 
-0.251476 
-0.160411 
-0.275323 
-0.144321 
-0.421161 
-0.415944 
-0.125771 
-0.033741 
-0.206342 
0.034636 
0.685228 
0.066459 
0.087036 
-0.247400 
-0.023679 
-0.051001 
0.329757 
0.274643 
1.237528 
-0.292357 
0.100427 
0.089605 
0.121140 
0.163830 
-0.113194 
-0.158098 
0.589360 
-0.145445 
-0.256403 
0.077256 
-0.266858 
0.007082 
0.169801 
0.207216 
-0.236493 
-0.213467 
0.109418 
0.001396 
-0.147179 
0.002250 
0.075761 
0.106701 
-0.123469 
-0.327209 
-0.086513 
-0.356540 
-0.247493 
-0.249024 
0.181073 
-0.073454 
0.134504 
0.308438 
0.485249 
-0.001555 
-0.203928 
-0.326748 
-0.135358 
-0.084057 
-0.222144 
0.184217 
0.390418 
0.379334 
0.083038 
-0.199001 
-0.343030 
0.085414 
-0.218961 
0.166368 
-0.212810 
-0.611704 
-0.137588 
0.499632 
-0.140372 
0.147272 
-0.544208 
0.083046 
0.205780 
0.347690 
0.462687 
-0.275426 
0.877065 
0.213509 
0.165431 
-0.250836 
-0.337300 
-0.533929 
-0.160516 
0.393423 
0.870623 
-0.028974 
0.117413 
-0.125356 
-0.021172 
-0.041467 
1.339917 
1.231528 
0.363392 
0.030186 
-0.038241 
-0.062077 
-0.154584 
-0.173947 
-0.081516 
-0.083300 
0.026165 
0.447747 
-0.117984 
0.106551 
0.069474 
0.586545 
0.417645 
0.250613 
-0.229645 
-0.142236 
0.107126 
0.302935 
-0.148833 
-0.078454 
-0.075052 
-0.156268 
0.345688 
0.217105 
0.256719 
0.247812 
-0.320572 
-0.269521 
-0.458558 
0.187623 
-0.453042 
-0.005205 
0.348492 
-0.067977 
-0.178926 
0.849612 
-0.094892 
0.475476 
-0.073125 
-0.095525 
-0.534282 
-0.025799 
-0.160994 
0.926080 
-0.019731 
0.290432 
-0.157936 
0.193745 
-0.001946 
0.009187 
-0.359358 
-0.080902 
-0.090464 
-0.267077 
-0.336833 
-0.191964 
-0.094665 
0.226791 
0.103987 
0.226955 
-0.368353 
0.417410 
0.262818 
-0.292535 
0.256237 
-0.001998 
0.180726 
-0.352481 
0.083539 
0.202557 
-0.173038 
-0.241628 
-0.471507 
-0.083234 
-0.443431 
0.312302 
0.016723 
0.613632 
0.525836 
0.092240 
-0.435545 
0.750063 
-0.321940 
-0.082393 
0.472077 
-0.565757 
-0.323986 
-0.123991 
-0.104085 
0.195229 
0.435584 
-0.026567 
-0.015698 
0.182533 
0.044714 
-0.029774 
-0.010677 
-0.077497 
-0.427170 
0.125527 
0.657761 
-0.084901 
0.301355 
-0.409147 
-0.184568 
0.007472 
0.258606 
0.053159 
0.110857 
0.018760 
-0.244937 
0.297592 
-0.179172 
0.430179 
0.021562 
-0.054426 
-0.076225 
0.066783 
-0.460975 
0.014402 
-0.293460 
-0.025999 
0.382954 
0.152456 
-0.489229 
0.361130 
0.019298 
0.075577 
-0.078582 
-0.238374 
-0.013292 
0.393992 
-0.206487 
0.556068 
-0.384640 
0.417768 
0.347469 
0.149922 
0.016631 
0.189545 
0.298914 
-0.532716 
0.542333 
-0.173984 
-0.217716 
0.575773 
0.013109 
0.025522 
-0.534910 
0.103712 
-0.026182 
0.062104 
-0.257459 
0.051999 
0.270248 
-0.317390 
0.077917 
-0.406077 
-0.064064 
0.001645 
0.040886 
-0.412997 
0.000141 
0.101648 
-0.461481 
-0.013742 
0.015087 
-0.728953 
0.268848 
0.407480 
0.056050 
0.057820 
0.019843 
0.101597 
-0.402874 
0.428037 
0.216771 
-0.018342 
0.062374 
0.060950 
-0.258982 
-0.138856 
-0.210924 
0.033302 
0.374109 
0.949617 
-0.044272 
0.413898 
-0.146826 
-0.253317 
0.029922 
-0.216367 
-0.077036 
0.241153 
0.059983 
0.140367 
0.338523 
0.795635 
-0.152558 
-0.370520 
0.035389 
0.376993 
0.044365 
-0.457597 
-0.329598 
0.084110 
0.296881 
1.161682 
0.327315 
-0.216673 
-0.122916 
-0.021192 
-0.069790 
0.299300 
-0.151013 
0.136449 
1.147207 
0.196533 
-0.356347 
-0.071559 
-0.128737 
0.423849 
-0.240603 
-0.118254 
0.579063 
-0.337364 
0.257064 
-0.450326 
-0.192324 
0.067031 
0.458083 
-0.566849 
-0.422688 
0.033976 
0.189570 
0.079374 
-0.142273 
-0.363848 
-0.124771 
-0.204188 
0.088560 
-0.112678 
0.052951 
-0.172793 
-0.072107 
-0.341189 
-0.319984 
0.401602 
0.267338 
0.160614 
0.480066 
-0.720789 
-0.381585 
-0.306638 
-0.033299 
-0.214799 
0.101051 
0.129963 
-0.342655 
-0.706142 
0.143901 
-0.214652 
0.479438 
-0.258569 
-0.044395 
0.330556 
0.261894 
0.175696 
-0.270164 
0.257661 
-0.132364 
0.020626 
0.061620 
-0.036865 
-0.186234 
0.154937 
-0.624046 
0.037935 
-0.142932 
-0.201032 
1.034486 
0.984905 
-0.010463 
0.738304 
0.054194 
-0.235261 
-0.029812 
-0.130384 
-0.082980 
0.038814 
-0.026878 
-0.063434 
-0.063465 
-0.325407 
-0.018609 
-0.336798 
0.938888 
0.008316 
0.076113 
-0.021966 
0.156000 
-0.011215 
0.125851 
-0.039543 
-0.155418 
1.094319 
0.781228 
-0.005249 
0.224000 
-0.067172 
-0.008168 
0.661453 
-0.129372 
0.010458 
0.165165 
-0.130792 
0.287952 
0.107035 
0.150833 
-0.133604 
-0.050595 
0.086847 
-0.170768 
0.278521 
-0.304112 
0.164382 
0.083060 
-0.119720 
0.072558 
-0.010454 
0.244988 
0.386941 
0.475765 
-0.610469 
0.785776 
0.371922 
-0.333281 
-0.227369 
-0.075083 
-0.148381 
0.096219 
-0.228568 
-0.094981 
0.090919 
0.055107 
0.287995 
-0.066916 
0.364068 
0.119391 
-0.156727 
-0.162516 
-0.056691 
-0.395671 
-0.527616 
-0.089838 
-0.059914 
-0.020458 
0.238296 
-0.073174 
-0.057153 
-0.096163 
-0.143103 
-0.098080 
0.097460 
-0.065675 
-0.340412 
0.075108 
0.481384 
0.280743 
-0.193914 
-0.073172 
-0.587869 
-0.379980 
-0.382061 
0.542314 
-0.039170 
-0.475287 
-0.495349 
-0.120953 
-0.042124 
0.097346 
-0.129780 
0.120780 
-0.194210 
-0.211825 
1.407199 
-0.306067 
-0.236848 
0.026708 
0.063573 
0.798297 
-0.023088 
0.134144 
-0.560124 
-0.396621 
1.153150 
0.170439 
0.047336 
0.438106 
0.704813 
-0.227662 
0.048145 
0.399619 
0.006973 
0.108448 
0.045973 
0.072801 
-0.121343 
-0.101509 
0.065716 
0.304104 
-0.047866 
-0.072099 
0.062448 
-0.092552 
0.006651 
-0.714484 
-0.002210 
-1.024777 
-0.560173 
-0.123963 
-0.249518 
0.272772 
0.584971 
0.042420 
-0.050185 
-0.566269 
-0.121075 
-0.084932 
1.153493 
0.136436 
-0.059624 
-0.172108 
-0.137190 
0.044404 
1.039438 
0.325234 
-0.258981 
-0.147246 
-0.213173 
-0.104763 
-0.021371 
-0.040843 
-0.177893 
-0.000383 
0.062772 
-0.267170 
-0.192901 
-0.177263 
-0.132797 
-0.344402 
-0.452726 
0.315981 
0.899877 
-0.025933 
-0.308689 
0.058109 
-0.126133 
-0.354302 
-0.083901 
-0.249047 
-0.019338 
-0.173328 
-0.165975 
-0.122243 
-0.303608 
-0.423193 
0.042945 
-0.035878 
-0.567587 
-0.109392 
-0.147932 
-0.093089 
0.380368 
0.379924 
-1.124035 
0.002071 
0.150651 
-0.155971 
-0.067759 
0.101531 
0.055715 
0.080932 
-0.045482 
-0.032549 
0.101901 
0.028605 
-0.182502 
-0.184666 
-0.173276 
-0.058846 
-0.047437 
-0.159429 
-0.139585 
-0.007270 
0.558202 
-0.525808 
-0.554384 
0.242488 
-0.015909 
-0.368432 
0.786587 
0.026132 
0.055926 
0.018866 
0.140371 
0.027373 
-0.171445 
-0.078233 
0.003380 
-0.158334 
0.140468 
-0.124283 
0.325378 
0.014213 
0.094675 
0.085214 
-0.169242 
-0.044664 
-0.175320 
-0.114804 
-0.157627 
-0.533826 
-0.395438 
-0.122892 
-0.240670 
0.131704 
-0.225507 
0.000841 
0.019032 
-0.098044 
-0.177238 
0.138754 
0.119635 
-0.137259 
-0.203051 
1.164142 
0.584513 
0.272625 
-0.294363 
-0.261820 
-0.107593 
-0.058638 
-0.407367 
-0.119809 
-0.032347 
0.025079 
-0.201959 
-0.297404 
0.087840 
-0.214345 
-0.255302 
-0.076505 
-0.259543 
-0.176379 
-0.379521 
-0.213762 
-0.584799 
1.141611 
0.214574 
-0.145489 
-0.245679 
-0.085103 
0.574826 
0.284656 
0.330489 
0.217539 
-0.100977 
0.162157 
-0.131338 
-0.261575 
-0.136727 
0.157878 
0.137104 
0.165825 
0.103096 
-0.215822 
0.184326 
0.582666 
0.155459 
-0.219718 
-0.145341 
0.956618 
0.351645 
-0.323062 
-0.211045 
-0.227762 
-0.192587 
0.035018 
-0.019357 
1.316444 
0.184717 
0.147495 
0.030121 
0.304746 
0.357281 
0.138174 
-0.235077 
-0.161406 
-0.322696 
0.865591 
0.244166 
0.059484 
1.074244 
-0.168609 
-0.090827 
-0.156472 
-0.353438 
-0.312234 
-0.361352 
-0.349143 
-0.390069 
0.385883 
0.066987 
0.079592 
0.055618 
-0.422795 
-0.308361 
-0.264875 
-0.176128 
0.146982 
0.137974 
-0.488323 
0.252813 
0.309979 
0.618178 
-0.144765 
-0.214277 
-0.165531 
-0.103183 
0.480100 
0.341485 
0.347473 
-0.042275 
-0.023775 
0.111209 
0.497177 
0.125143 
-0.222728 
-0.119048 
0.048800 
-0.116503 
-0.101101 
-0.159581 
0.098094 
-0.049853 
0.007517 
-0.077655 
0.076990 
0.157309 
0.841739 
0.190768 
-0.104043 
-0.081462 
-0.608536 
-0.110523 
-0.336180 
-0.119786 
0.222575 
0.186752 
0.443913 
-0.054678 
-0.059546 
-0.031827 
0.091143 
-0.628869 
-0.254932 
0.085463 
0.143269 
0.548776 
-0.039563 
1.035511 
-0.283666 
-0.686675 
-0.063637 
-0.393614 
-0.072920 
-0.372906 
0.111336 
-0.082183 
0.000039 
0.192413 
0.011932 
0.004608 
-0.006403 
-0.033672 
-0.137915 
-0.141983 
-0.123435 
-0.284444 
-0.154371 
-0.471440 
-0.057928 
-0.227340 
-0.263152 
0.276492 
0.088496 
-0.216246 
0.346099 
0.219682 
0.039369 
-0.005890 
-0.358317 
-0.120725 
-0.300294 
-0.224525 
-0.151174 
0.172608 
-0.047091 
0.011509 
-0.266834 
-0.396977 
-0.117183 
-0.162473 
-0.066736 
0.176695 
-0.121247 
-0.354670 
0.312977 
-0.209695 
0.467437 
0.553294 
-0.087022 
-0.225043 
-0.013744 
0.117956 
0.499025 
0.313012 
0.001441 
0.133864 
-0.040040 
-0.013237 
0.308011 
0.139578 
0.259111 
-0.467508 
0.371494 
-0.335511 
0.107854 
-0.188522 
-0.220115 
0.138332 
1.470992 
-0.161838 
-0.221578 
0.048049 
-0.210963 
-0.211424 
-0.178777 
0.316866 
-0.098999 
-0.066274 
-0.215405 
-0.577418 
0.023250 
0.230731 
0.018375 
0.003987 
-0.272895 
-0.068963 
-0.004539 
-0.237255 
-0.021556 
-0.219034 
0.234816 
-0.184940 
-0.379021 
-0.199968 
-0.430597 
-0.121312 
-0.452630 
0.477859 
0.269738 
-0.158416 
0.186533 
0.025962 
0.179859 
-0.077126 
-0.183529 
-0.081588 
-0.205459 
-0.039156 
0.512732 
-0.500543 
-0.200989 
-0.203952 
-0.350855 
0.240418 
0.120468 
0.010119 
0.343781 
1.208359 
0.795632 
0.681087 
0.293895 
-0.151049 
0.124285 
-0.007828 
-0.010925 
-0.133068 
0.027888 
-0.344837 
-0.226833 
-0.103990 
-0.071068 
0.248225 
0.093325 
-0.456701 
-0.234928 
-0.262748 
-0.232249 
-0.276947 
-0.062213 
-0.013854 
0.084547 
-0.180293 
0.136146 
0.082472 
0.063088 
-0.553436 
-0.349789 
0.046415 
-0.099619 
0.028335 
-0.125822 
-1.011126 
0.143343 
-0.011954 
-0.281305 
-0.895225 
-0.374055 
-0.374659 
-0.245451 
-0.126592 
-0.071769 
-0.080747 
0.436254 
0.314907 
-0.201456 
0.304002 
-0.199693 
0.116776 
-0.245649 
-0.225411 
0.038533 
-0.199706 
0.223927 
-0.010386 
0.010894 
-0.068585 
-0.301536 
0.212418 
0.050237 
-0.257664 
-0.132530 
-0.034902 
-0.091493 
-0.067289 
-0.377780 
-0.063700 
0.005705 
-0.492507 
0.435818 
-0.424061 
-0.108946 
0.025223 
0.007826 
0.012632 
0.705292 
-0.126133 
-0.213058 
0.315822 
-0.944280 
-0.188708 
-0.276941 
-0.771700 
0.329157 
-0.259227 
0.061960 
0.681971 
0.202734 
0.124613 
-0.086865 
0.240606 
-0.086962 
0.738187 
0.021649 
-0.511512 
-0.086396 
-0.063881 
-0.287857 
-0.407274 
-0.339138 
-0.342675 
-0.879538 
-0.011128 
-0.072030 
-0.364893 
-0.139758 
-0.160279 
-0.032889 
-0.144972 
-0.140394 
-0.100078 
-0.050013 
-0.028831 
0.012786 
1.009805 
1.419116 
1.217303 
0.631285 
0.574686 
0.736088 
0.022787 
0.073965 
-0.044316 
0.026141 
0.189712 
0.032320 
-0.279603 
-0.337036 
0.578561 
0.181318 
-0.631630 
-0.399389 
-0.213327 
0.472785 
-0.155444 
-0.229207 
0.074834 
0.012658 
-0.277217 
-0.533865 
-0.515886 
-0.005539 
0.015755 
0.000564 
-0.030437 
-0.149338 
0.200987 
-0.029269 
-0.109034 
-0.263384 
-0.480592 
-0.229753 
0.362235 
0.031238 
0.165374 
0.298434 
0.712459 
0.153420 
-0.170504 
0.406979 
0.339127 
0.016341 
0.250523 
1.303776 
0.106937 
0.260472 
0.536485 
0.092381 
-0.032035 
-0.660061 
-0.174032 
-0.096024 
-0.464545 
-0.248067 
-0.026953 
-0.576378 
0.060660 
0.268907 
0.017052 
0.102452 
-0.042203 
-0.117899 
-0.062197 
0.176602 
0.210292 
-0.072974 
-0.054571 
0.156741 
-0.291197 
-0.014038 
-0.188639 
-0.065242 
-0.040782 
-0.119764 
-0.094446 
-0.238981 
0.324603 
-0.113972 
0.751693 
0.256395 
-0.148210 
-0.386638 
0.169761 
-0.024988 
-0.318848 
-0.452624 
-0.212214 
-1.016472 
0.883641 
-0.165257 
0.459713 
0.056472 
0.201964 
0.047012 
0.513577 
0.134504 
0.338223 
0.073577 
-0.395232 
0.003380 
-0.208569 
-0.014794 
-0.019341 
-0.025415 
-0.007101 
-0.225240 
-0.352395 
-0.082980 
-0.261538 
-0.180852 
-0.058585 
0.000693 
0.182540 
-0.563529 
-0.004217 
0.027178 
-0.091121 
-0.023190 
-0.364952 
0.068752 
-0.254381 
-0.019158 
-0.030772 
0.086812 
0.030597 
0.079268 
-0.335901 
-0.159167 
-0.025159 
-0.093750 
0.917126 
1.493575 
-0.113535 
0.136433 
0.254342 
-0.235890 
0.506039 
-0.283639 
0.026936 
0.082936 
-0.387756 
0.123482 
0.148049 
0.150417 
-0.205328 
0.012060 
-0.499207 
0.058878 
-0.210679 
0.060240 
0.030391 
0.085933 
0.534876 
0.036147 
-0.285654 
-0.337895 
0.033212 
-0.068116 
-0.096462 
-0.478744 
-0.435320 
-0.291013 
0.153370 
-0.000086 
0.009027 
0.103464 
-0.220436 
0.071453 
-0.137264 
-0.005567 
0.386648 
-0.021268 
0.334914 
0.129844 
0.027868 
-0.182933 
-0.068092 
-0.238609 
0.027982 
-0.027513 
-0.219761 
-0.632146 
0.023246 
-0.266252 
-0.259764 
-0.217801 
-0.198482 
-0.107627 
0.082367 
0.004497 
-0.495123 
-0.333777 
-0.002512 
0.251829 
-0.007370 
0.156433 
0.478805 
-0.325462 
-0.156097 
0.318608 
0.034831 
-0.421777 
0.157626 
0.084028 
-0.208279 
-0.153668 
-0.069477 
-0.330469 
0.306475 
-0.365319 
-0.241616 
0.054594 
-0.061704 
0.062950 
0.208685 
-0.146466 
-0.227360 
0.000952 
-0.036665 
0.144440 
-0.112399 
-0.006149 
-0.427984 
-0.322915 
-0.220360 
-0.262604 
-0.394102 
-0.266537 
0.284380 
-0.143821 
-0.251266 
-0.013314 
0.005954 
0.344228 
0.114850 
-0.197557 
0.038982 
0.427385 
-0.092108 
0.093748 
0.031580 
0.315342 
1.256216 
-0.042925 
0.006680 
0.120134 
0.447538 
0.013381 
0.049203 
-0.217833 
-0.313079 
0.090269 
0.033548 
-0.063216 
-0.235453 
0.051328 
-0.288040 
-0.054882 
-0.082523 
-0.188460 
0.318521 
-0.083526 
0.001252 
0.052640 
0.190502 
0.364786 
-0.268717 
-0.010620 
-0.065115 
0.788994 
0.494292 
0.556849 
0.799166 
0.175482 
0.067046 
0.116554 
0.568471 
-0.112326 
-0.095781 
-0.220288 
-0.194606 
-0.059141 
-0.196640 
0.079641 
0.074465 
0.753630 
0.340877 
0.046523 
-0.321792 
-0.147957 
-0.147825 
0.104183 
0.481776 
-0.979213 
-0.271002 
0.160307 
0.469862 
0.228446 
-0.039326 
-0.130781 
0.170881 
0.168290 
0.035102 
1.452653 
1.056747 
-0.081119 
-0.054709 
-0.038103 
0.016714 
-0.166215 
-0.076584 
-0.063384 
-0.241446 
0.012982 
-0.266781 
-0.297510 
-0.190497 
0.055813 
0.089628 
-0.120514 
-0.022138 
0.279834 
-0.487421 
-0.082677 
0.056385 
-0.043357 
-0.113875 
0.771868 
-0.205381 
-0.011373 
-0.028792 
-0.020417 
-0.086359 
-0.308734 
0.071016 
-0.249923 
0.003761 
0.004562 
-0.123295 
-0.075077 
0.198891 
-0.036218 
-0.033957 
-0.201871 
-0.429033 
-0.028416 
0.069567 
-0.641791 
0.041683 
-0.403962 
-0.198342 
-0.366239 
-0.171617 
-0.183323 
-0.294157 
-0.161151 
-0.533460 
-0.026075 
-0.048765 
-0.052826 
-0.283799 
-0.022370 
0.252760 
0.163338 
0.013004 
-0.171855 
-0.220897 
-0.083224 
-0.178060 
0.832887 
0.059437 
-0.116986 
-0.626725 
-0.335612 
0.034480 
0.661769 
0.143095 
-0.195577 
-0.303826 
-0.063328 
-0.159290 
-0.257298 
-0.030468 
0.708363 
-0.194537 
0.102657 
0.365056 
0.101865 
0.084812 
-0.353195 
-0.345471 
-0.208571 
-0.151886 
0.105508 
-0.514973 
0.826457 
-0.078812 
-0.004484 
0.144142 
-0.124069 
-0.143778 
-0.286492 
-0.170349 
0.130411 
0.031639 
0.107314 
-0.015306 
-0.229977 
-0.117378 
0.219415 
0.995825 
0.157924 
0.200818 
0.058854 
-0.378666 
0.179157 
-0.144304 
-0.202996 
-0.021527 
0.129275 
-0.194182 
-0.383335 
-0.062183 
-0.069051 
-0.352969 
-0.308067 
-0.072879 
0.061061 
-0.018965 
0.027676 
-0.226292 
-0.110978 
-0.143850 
-0.103414 
-0.321908 
0.047602 
1.205592 
-0.215067 
-0.269993 
-0.080712 
0.365475 
0.282740 
-0.109016 
0.283829 
-0.032664 
-0.377809 
-0.494436 
-0.222027 
0.538485 
0.829541 
0.219756 
0.208622 
-0.028184 
-0.260188 
0.417687 
0.174487 
-0.047722 
-0.150356 
0.444934 
-0.363320 
-0.498960 
-0.138459 
0.142436 
-0.028717 
0.277072 
-0.113044 
-0.181163 
-0.149494 
0.535322 
0.164752 
-0.419843 
-0.074107 
-0.327064 
-0.332614 
-0.250526 
-0.257952 
0.781418 
-0.016988 
0.090021 
-0.281722 
-0.370385 
0.897179 
-0.095209 
0.377081 
0.290361 
-0.276446 
0.070753 
0.388501 
0.058196 
0.002867 
0.064739 
-0.061995 
-0.163299 
-0.428039 
-0.366535 
-0.136621 
1.212350 
0.155728 
0.506433 
-0.411398 
0.003321 
-0.006989 
-0.084301 
0.183249 
-0.073715 
-0.025550 
-0.275753 
0.401858 
0.323460 
0.250724 
-0.185201 
0.090651 
0.135516 
0.234146 
-0.126033 
-0.374624 
-0.195347 
-0.163161 
0.426982 
-0.216506 
-0.238683 
-0.471088 
-0.094745 
0.038675 
0.082456 
-0.026054 
-0.186409 
0.720609 
-0.032859 
0.021299 
0.037713 
0.023723 
-0.141511 
-0.241820 
0.039291 
-0.184534 
-0.037729 
-0.212054 
-0.315165 
-0.061312 
-0.299433 
-0.017468 
0.375704 
0.140217 
-0.204821 
-0.512962 
-0.093136 
-0.149643 
-0.019141 
0.148387 
-0.111040 
0.120946 
0.461869 
0.008739 
0.016219 
0.163224 
0.366540 
-0.011974 
-0.056585 
-0.028487 
0.012300 
0.225214 
0.223884 
0.046495 
0.264996 
-0.027999 
-0.007458 
0.022392 
-0.259289 
0.027828 
0.006839 
0.279068 
-0.054606 
0.112946 
0.578390 
0.231005 
-0.026561 
0.006514 
-0.276043 
-0.344812 
-0.023542 
-0.052827 
0.055077 
0.059677 
-0.507286 
0.004768 
-0.010321 
-0.177593 
0.022531 
-0.032794 
0.018495 
-0.209064 
-0.464025 
-0.250108 
0.004657 
1.160579 
1.388588 
0.007087 
-0.164774 
-0.101949 
0.691994 
-0.001256 
0.216631 
0.004527 
-0.141163 
0.047464 
-0.022009 
-0.238524 
0.134623 
-0.946500 
-0.053374 
-0.467111 
-0.103190 
-0.190573 
0.078889 
-0.334020 
0.226852 
-0.476814 
-0.193562 
0.028354 
-0.270674 
0.156804 
-0.016969 
-0.369809 
-0.545076 
0.300114 
-0.035776 
0.141995 
0.116342 
0.019550 
0.101202 
0.177935 
0.014734 
-0.045016 
0.212279 
-0.049787 
-0.699072 
-0.378134 
-0.168448 
-0.580888 
-0.349545 
0.059971 
0.165813 
-0.048293 
0.022584 
0.143276 
0.291064 
0.087009 
-0.022338 
0.422578 
-0.189505 
-0.129605 
-0.270246 
-0.061946 
0.116517 
-0.174668 
0.196263 
0.227596 
-0.307205 
0.049025 
-0.218204 
0.308917 
0.400989 
1.247601 
-0.885900 
-0.557632 
-0.140311 
-0.509515 
-0.168246 
-0.330477 
-0.043640 
0.060660 
-0.045053 
-0.273756 
0.148307 
-0.054728 
-0.153683 
0.009030 
0.125744 
-0.123687 
-0.029915 
-0.071109 
-0.247117 
-0.323419 
0.032897 
-0.307669 
-0.139793 
-0.393273 
0.392672 
-0.023718 
-0.052449 
0.016746 
0.001184 
-0.298596 
0.015645 
-0.321112 
-0.027192 
0.244712 
-0.334902 
-0.477617 
-0.217075 
-0.427223 
-0.401469 
0.485351 
0.184693 
-0.169135 
0.007393 
-0.029467 
-0.148697 
-0.193732 
0.105901 
-0.618887 
0.423017 
0.257339 
0.135348 
-0.505529 
-0.685906 
1.036387 
0.176018 
0.128365 
-0.094109 
-0.268141 
-0.824997 
-0.137862 
-0.578904 
-0.157093 
0.008655 
-0.103547 
-0.615775 
-0.445940 
0.029100 
-0.304139 
-0.054872 
-0.189597 
-0.487334 
0.030416 
0.069956 
-0.055402 
-0.035254 
0.001758 
-0.137991 
-0.001104 
-0.103000 
0.009566 
0.124901 
-0.266826 
-0.417520 
-0.242574 
-0.246175 
-0.168130 
-0.294488 
-0.125186 
-0.126931 
0.196683 
-0.472568 
0.313958 
0.170945 
0.077805 
-0.185956 
-0.008564 
-0.039564 
-0.114082 
-0.099972 
-0.163197 
-0.184254 
-0.156948 
-0.133778 
0.117402 
0.361349 
0.337026 
-0.723398 
0.029570 
0.052864 
0.060507 
0.143840 
-0.180263 
0.393931 
-0.010918 
0.204625 
-0.310629 
0.180346 
-0.140305 
-0.263864 
-0.034702 
-0.035131 
-0.174357 
-0.252814 
-0.130193 
0.116582 
-0.283213 
-0.944321 
-0.182719 
-0.343495 
-0.025196 
-0.138888 
-0.060195 
-0.161432 
-0.099965 
0.286548 
0.238643 
0.345261 
-0.460761 
-0.417103 
0.021696 
-0.179150 
-0.016002 
-0.128135 
0.043652 
-0.235471 
-0.283796 
-0.226227 
-0.212695 
0.263950 
-0.210133 
-0.179890 
-0.232838 
0.155315 
-0.123751 
1.120334 
0.455622 
0.327668 
0.215614 
-0.415271 
-0.254898 
0.007147 
0.070031 
-0.275700 
-0.675628 
-0.605858 
-0.345770 
0.251669 
-0.053772 
0.056311 
-0.350218 
-0.092642 
-0.175929 
-0.158565 
0.130012 
0.098246 
-0.056321 
-0.034083 
-0.462978 
-0.228861 
0.392684 
-0.119801 
-0.119942 
0.159152 
-0.354394 
-0.177098 
0.083277 
-0.049817 
-0.155273 
-0.128560 
-0.072720 
-0.163975 
-0.318964 
-0.374795 
-0.373076 
0.064188 
-0.378605 
-0.489808 
-0.493192 
-0.451517 
0.077450 
-0.122000 
-0.029082 
-0.143844 
0.174545 
0.211199 
-0.217339 
-0.069314 
0.170206 
-0.503918 
-0.101396 
-0.167028 
-0.231480 
-0.685962 
-0.279802 
-0.138827 
0.325700 
0.781433 
0.517835 
-0.180858 
-0.121898 
-0.266133 
-0.112561 
-0.213007 
0.187348 
0.530865 
-0.024002 
0.171352 
0.288050 
0.084824 
0.033317 
-0.099517 
-0.085776 
-0.303356 
-0.473181 
-0.096441 
0.222468 
0.894167 
-0.107208 
-0.832920 
-0.157382 
-0.620825 
-0.033679 
-0.492183 
-0.109852 
0.257044 
0.038846 
0.115989 
0.219048 
0.001441 
-0.116096 
-0.537521 
-0.272845 
-0.152922 
-0.028193 
0.342757 
0.179910 
0.017690 
0.042766 
0.283506 
-0.223171 
-0.155795 
-0.015559 
-0.554198 
-0.120214 
-0.266395 
0.181505 
-0.471894 
0.075013 
-0.095319 
0.293115 
-0.193036 
-0.130385 
-0.165705 
-0.363820 
0.535901 
0.093858 
-0.050139 
0.059934 
-0.024832 
0.295664 
0.021128 
-0.156252 
-0.302919 
0.260910 
-0.188762 
-0.093265 
-0.310843 
-0.223621 
-0.075444 
-0.500112 
-0.120868 
-0.074379 
-0.369294 
-0.126081 
-0.136381 
0.165075 
-0.355130 
-0.146889 
-0.186314 
-0.253883 
-0.277200 
-0.217843 
0.678540 
0.160643 
-0.252309 
-0.174563 
0.123184 
-0.174314 
-0.133656 
-0.161867 
-0.192431 
-0.199828 
-0.012251 
-0.062384 
-0.207539 
-0.202420 
-0.201811 
-0.165004 
-0.421448 
-0.099385 
0.043044 
-0.127965 
0.984157 
-0.138112 
-0.121790 
-0.097168 
-0.198956 
0.046513 
0.105217 
0.429533 
0.843207 
-0.105559 
-0.153638 
-0.209179 
-0.192226 
-0.076743 
-0.486850 
-0.219909 
0.220900 
-0.278601 
-0.977832 
-0.271645 
-0.309329 
0.214633 
-0.004800 
-0.090859 
-0.055675 
-0.256461 
-0.267555 
0.025462 
0.112631 
0.459700 
-0.148524 
-0.043199 
-0.255593 
0.070460 
0.080224 
0.045285 
-0.152150 
-0.257003 
-0.359506 
-0.426217 
-0.122001 
0.096430 
0.056469 
0.179475 
-0.105704 
-0.094676 
0.110806 
0.029202 
-0.064435 
-0.230530 
-0.041945 
-0.222193 
-0.025607 
-0.098354 
0.718477 
0.036073 
0.035830 
-0.104609 
-0.105256 
0.519018 
-0.015334 
-0.062382 
-0.410908 
0.936330 
-0.092075 
-0.305693 
0.726244 
0.028847 
-0.134573 
-0.095496 
-0.063970 
0.051318 
0.031235 
0.002604 
-0.142673 
-0.170878 
-0.096195 
-0.015109 
-0.059183 
0.621454 
0.568404 
0.241390 
0.030411 
0.050599 
-0.505100 
-0.241368 
-0.343564 
-0.401302 
-0.265161 
-0.027971 
-0.034126 
0.047997 
0.352509 
0.022379 
-0.366976 
-0.190519 
-0.265936 
0.066519 
-0.079108 
0.040330 
-0.045282 
0.575992 
-0.267423 
-0.049134 
0.026214 
0.209469 
0.119357 
-0.243561 
-0.111804 
-0.709419 
-0.692339 
-1.095427 
-0.971932 
0.006752 
0.034417 
-0.165212 
0.352734 
-0.059586 
-0.423609 
-0.255390 
-0.064979 
-0.056676 
-0.439313 
-0.654174 
-0.139261 
-0.022707 
0.265512 
0.091281 
-0.020609 
-0.066620 
0.164068 
-0.269730 
-0.079878 
-0.382853 
-0.149414 
0.358261 
0.437291 
0.069006 
-0.470769 
-0.038605 
-0.271813 
-0.134455 
0.331202 
-0.128441 
-0.677161 
-0.092453 
0.304135 
0.054066 
0.914038 
0.440375 
-0.154506 
-0.035542 
-0.748677 
-0.217512 
0.123919 
0.342537 
0.050063 
-0.368497 
-0.182094 
0.144464 
0.232830 
0.285372 
0.146539 
0.082707 
-0.037579 
-0.011866 
0.110321 
0.236751 
0.267792 
-0.157124 
0.112234 
-0.163414 
-0.598549 
0.254413 
-0.358539 
-0.213456 
-0.577175 
-0.602489 
0.059753 
0.122888 
0.791930 
0.126557 
0.176843 
0.189115 
0.132875 
-0.073531 
0.451324 
0.025431 
0.287999 
0.961682 
-0.134075 
0.417985 
0.084201 
0.264676 
0.147469 
-0.237697 
-0.522155 
-1.017622 
-0.242488 
-0.046994 
-0.637020 
-0.262387 
-0.246353 
0.606316 
-0.092341 
-0.435461 
-0.235342 
-0.178846 
-0.230086 
0.064317 
-0.074155 
-0.037115 
-0.200093 
0.053506 
-0.102874 
0.425223 
-0.053665 
0.250087 
0.371796 
-0.051931 
-0.188428 
0.190368 
-0.144450 
-0.031394 
0.005442 
0.094406 
-0.076690 
-0.385745 
-0.300238 
-0.200257 
-0.598437 
-0.136676 
-0.083811 
0.013070 
-0.030396 
-0.165817 
-0.296648 
-0.281576 
0.102523 
-0.118448 
-0.198648 
-0.438577 
-0.029352 
-0.193769 
-0.286559 
-0.544280 
-0.095303 
-0.668835 
-0.333699 
-0.539270 
-0.267996 
-0.268849 
-0.018669 
-0.000432 
-0.221893 
-0.269198 
-0.148042 
0.249331 
-0.086123 
-0.343117 
0.363767 
-0.011414 
-0.075769 
-0.902278 
0.643884 
-0.351286 
-0.227790 
-0.215735 
-0.157050 
-0.130339 
-0.224786 
-0.238510 
-0.260521 
-0.087473 
0.032790 
0.057322 
-0.178255 
-0.256848 
0.812816 
1.012007 
0.655037 
0.037281 
0.870755 
0.130416 
-0.006146 
-0.503041 
-0.393926 
-0.077281 
-0.052576 
0.933338 
0.189463 
-0.038458 
-0.129318 
-0.017538 
-0.059528 
0.454871 
0.869928 
0.016567 
0.401550 
0.379171 
-0.443984 
-0.305112 
0.125475 
0.022386 
-0.024366 
0.054876 
-0.048110 
0.274029 
-0.325400 
-0.238564 
-0.160554 
0.093651 
-0.283708 
0.179562 
0.319297 
0.173050 
-0.184308 
-0.385848 
-0.350745 
-0.052697 
-0.256883 
-0.176366 
-0.029250 
-0.086158 
-0.167501 
-0.047991 
-0.638117 
-0.693528 
-0.289086 
0.056200 
-0.011286 
0.130900 
-0.168246 
-0.234353 
-0.487833 
-0.520296 
1.187935 
0.873388 
0.013537 
0.205369 
-0.037452 
0.001806 
-0.273136 
-0.227002 
-0.090341 
-0.156793 
0.035360 
-0.365698 
-0.503185 
-0.000839 
0.209774 
0.070237 
0.140446 
-0.032762 
0.154898 
0.236354 
0.014991 
-0.067372 
0.153954 
-0.257233 
-0.112332 
-0.045883 
-0.230079 
-0.241756 
-0.083741 
-0.178794 
-0.333140 
-0.052905 
0.089640 
0.890261 
0.863864 
0.107773 
0.269983 
0.138168 
-0.057895 
0.331297 
-0.375460 
0.067501 
-0.175301 
-0.164195 
0.072085 
0.072914 
0.086315 
-0.175480 
0.162955 
-0.561895 
-0.114565 
1.064531 
0.287583 
-0.033600 
0.060018 
-0.323958 
0.065402 
-0.050066 
0.182522 
-0.311523 
-0.496665 
-0.347773 
-0.306007 
-0.076523 
-0.162460 
-0.869411 
1.147265 
-0.090464 
-0.143460 
-0.424878 
1.064397 
0.257853 
-0.189177 
-0.235656 
-0.266937 
0.347497 
0.030560 
-0.467982 
0.031315 
-0.762178 
0.000340 
-0.308786 
-0.269346 
-0.331244 
-0.235916 
-0.312107 
-0.225572 
-0.290360 
-0.156287 
-0.050679 
-0.309545 
-0.268556 
-0.021161 
0.363798 
-0.074325 
-0.109034 
-0.525629 
-0.478738 
-0.346070 
-0.156875 
-0.445351 
-0.084663 
-0.081275 
0.192697 
0.030308 
0.510598 
0.138287 
-0.007760 
-0.154788 
-0.060465 
-0.536127 
-0.345492 
-0.064796 
0.010701 
0.442832 
0.079523 
0.137006 
0.355977 
-0.092611 
0.024148 
0.492480 
-0.074877 
0.053767 
0.540122 
-0.199878 
-0.055546 
-0.177510 
-0.090491 
-0.208857 
-0.244692 
-0.261373 
0.274001 
0.046333 
0.136175 
-0.004503 
-0.005571 
0.309765 
-0.162464 
-0.283601 
-0.082327 
-0.121276 
-0.283663 
-0.310831 
-0.075899 
-0.106491 
0.036496 
0.095569 
0.159412 
0.399063 
0.047005 
-0.372905 
-0.027971 
-0.056913 
0.310783 
-0.016844 
-0.856177 
0.100088 
-0.706728 
0.139025 
0.078602 
-0.305320 
0.073747 
-0.189922 
-0.491996 
-0.411523 
-0.177740 
-0.136516 
-0.144847 
-0.182132 
-0.149400 
-0.035552 
-0.436176 
0.210689 
-0.005459 
-0.934482 
-0.009015 
-0.047392 
-0.025608 
-0.061644 
-0.152848 
-0.135077 
-0.090949 
-0.115980 
-0.068048 
-0.116481 
-0.036266 
-0.061322 
-0.099982 
-0.368542 
-0.211356 
-0.003357 
-0.003798 
-0.336655 
-0.277519 
-0.183442 
-0.346754 
-0.180408 
-0.681477 
-0.013507 
0.154345 
-0.050830 
-0.339650 
0.770858 
0.007500 
-0.032112 
0.137264 
-0.328206 
0.296866 
-0.273387 
-0.191537 
-0.075624 
0.149331 
0.200022 
0.011841 
0.282249 
0.168137 
-0.698617 
-0.154256 
-0.303078 
0.220643 
-0.001357 
0.354572 
0.082412 
0.047251 
0.006393 
0.724837 
-0.095345 
-0.119755 
-0.260577 
0.448829 
-0.288420 
0.122794 
-0.277617 
-0.606710 
-0.213478 
0.409489 
0.446171 
0.345319 
0.179453 
-0.109773 
-0.066095 
0.005782 
0.187618 
0.027748 
0.002858 
0.281310 
0.759672 
0.691865 
-0.012205 
-0.191185 
0.186213 
-0.351825 
-0.054412 
-0.348474 
0.897507 
-0.054111 
-0.107832 
-0.208365 
0.018295 
-0.041808 
0.015623 
-0.218277 
-0.192791 
0.418307 
0.368894 
-0.294518 
-0.611894 
0.050823 
-1.107593 
0.524595 
0.622828 
0.627352 
0.260266 
0.338751 
-0.095756 
0.506978 
-0.170614 
-0.174332 
-0.315057 
-0.265049 
-0.097015 
0.083352 
-0.170235 
-0.077030 
1.184233 
-0.039895 
0.786960 
0.325597 
0.216903 
0.097469 
-0.270066 
-0.137669 
0.047638 
0.109281 
0.638426 
0.615565 
0.168805 
-0.274822 
-0.401554 
-0.270139 
-0.049712 
-0.166298 
-0.031662 
0.029231 
0.125532 
-0.011396 
0.426613 
-0.047556 
-0.233450 
0.103033 
-0.263915 
0.489587 
-0.179626 
0.171429 
-0.410520 
-0.187272 
-0.486416 
-0.059464 
-0.228361 
-0.309842 
0.148604 
-0.731891 
-0.026519 
0.080122 
-0.194515 
0.095541 
-0.122881 
-0.142226 
1.160826 
1.235599 
-0.393476 
-0.273882 
0.444260 
0.563645 
0.344080 
1.261740 
-0.035761 
0.167315 
-0.070371 
-0.038291 
0.099902 
-0.188385 
-0.097838 
-0.066320 
-0.258901 
0.388990 
-0.478865 
0.144110 
0.129339 
-0.655699 
0.615281 
-0.299291 
-0.502270 
-0.481214 
-0.281855 
0.237485 
-0.192399 
-0.257463 
-0.362494 
-0.342424 
-0.369211 
-0.331956 
1.144357 
-0.113962 
1.215798 
-0.409042 
0.235664 
0.140438 
-0.322557 
-0.411781 
-0.284508 
-0.338488 
-0.242745 
-0.106947 
-0.088935 
-0.516620 
0.088072 
0.012654 
-0.176005 
-0.069631 
-0.681079 
0.322458 
0.009688 
-0.100708 
-0.016590 
-0.022684 
0.007434 
0.100442 
-0.333474 
0.750067 
-0.232899 
-0.267078 
0.282325 
0.560598 
0.380993 
-0.012870 
-0.083719 
0.163851 
-0.807179 
-0.270123 
-0.136140 
0.243053 
-0.006809 
-0.126344 
0.031674 
0.103766 
-0.091580 
-0.145277 
0.197094 
0.148569 
0.071724 
-0.087428 
-0.435736 
-0.746551 
0.304206 
0.510479 
-0.290351 
-0.150385 
-0.056853 
-0.038967 
0.005705 
-0.097089 
-0.171453 
-0.329127 
-0.136748 
-0.047359 
-0.122582 
0.036002 
0.401267 
-0.041587 
-0.215306 
-0.346327 
-0.138497 
-0.156011 
-0.227501 
-0.556001 
-0.267662 
-0.038768 
-0.260404 
-0.215976 
0.106795 
-0.576874 
-0.204540 
-0.140041 
-0.164977 
0.053025 
-0.253266 
-0.061260 
-0.166572 
-0.102898 
-0.560592 
0.218305 
0.118734 
-0.317354 
-0.113225 
0.016659 
-0.238445 
-0.212826 
-0.060628 
0.524222 
-0.129817 
-0.032465 
-0.565760 
-0.328488 
0.064492 
0.173946 
0.637883 
0.311717 
0.055351 
-0.466171 
-0.100244 
0.159506 
0.239981 
0.095270 
-0.097506 
-0.058393 
0.000070 
0.014807 
0.046746 
-0.032570 
-0.021472 
0.083501 
0.166049 
-0.087618 
-0.110847 
-0.127465 
-0.001103 
-0.125030 
-0.125584 
0.098691 
-0.171558 
-0.074950 
-0.080381 
-0.056117 
-0.237912 
-0.031234 
-0.720746 
-0.105131 
-0.104761 
-0.284738 
-0.379289 
-0.053570 
-0.202946 
-0.016200 
-0.211692 
-0.011709 
0.166368 
-0.011938 
-0.090207 
0.112159 
0.275750 
-0.333677 
-0.098853 
-0.066439 
-0.123607 
-0.011007 
0.791099 
0.815158 
0.194353 
-0.373426 
-0.761476 
-0.218966 
0.158008 
0.352860 
-0.036799 
-0.257733 
0.028078 
0.449624 
-0.317362 
-0.078705 
0.100325 
0.137974 
0.190545 
-0.632657 
0.103428 
-0.162156 
-0.145909 
0.175659 
0.066418 
0.161425 
0.413549 
-0.581554 
0.103020 
0.839800 
0.663330 
-0.087467 
-0.066007 
-0.377111 
-0.193032 
0.245733 
-0.177859 
-0.012958 
-0.128455 
-0.027693 
-0.248826 
-0.345230 
-0.202915 
-0.015910 
-0.171538 
0.043784 
-0.011104 
-0.077608 
-0.334655 
0.156740 
0.503679 
0.581194 
-0.033224 
-0.235365 
-0.141367 
0.020849 
0.429224 
0.177325 
0.108124 
-0.336843 
0.151414 
0.115627 
-0.020189 
0.309676 
0.200090 
-0.067708 
-0.191207 
0.040733 
0.187826 
-0.178486 
0.027049 
-0.058423 
-0.078850 
-0.309464 
-0.228895 
-0.116193 
-0.086297 
-0.229669 
0.969909 
-0.168904 
-0.083254 
0.045474 
-0.359246 
-0.000038 
-0.465828 
0.550288 
-0.226447 
-0.176126 
0.150340 
0.006813 
-0.035245 
1.146031 
0.171462 
-0.004894 
-0.097703 
-0.191769 
-0.230814 
-0.405777 
-0.301315 
0.094572 
-0.295705 
-0.390858 
0.169473 
-0.185642 
-0.310658 
-0.180544 
1.174417 
0.059589 
0.038938 
-0.176273 
-0.474197 
0.031987 
-0.079642 
0.126795 
0.174191 
0.032093 
-0.575849 
-0.021409 
-0.341092 
-0.108975 
-0.715552 
-0.182181 
0.009940 
-0.255284 
-0.480417 
-0.062061 
-0.198212 
-0.513027 
-0.223828 
0.082411 
0.053987 
-0.141592 
-0.135337 
-0.189816 
0.053689 
0.043974 
-0.111886 
-0.331499 
-0.280853 
-0.350939 
0.186369 
0.104069 
0.486154 
-0.152144 
-0.620489 
-0.028442 
0.180089 
-0.184476 
-0.163818 
0.076954 
-0.105547 
0.172293 
0.151315 
0.098492 
-0.184275 
0.200813 
0.507706 
0.047166 
0.283533 
-0.188758 
0.276899 
-0.157882 
-0.029494 
0.195922 
-0.265059 
0.174870 
-0.325744 
-0.052689 
-0.178674 
-0.562951 
-0.076453 
-0.145222 
-0.156645 
-0.755485 
-0.592051 
0.195819 
0.243169 
0.033565 
0.135513 
0.049333 
-0.065561 
0.222072 
-0.023877 
0.015071 
-0.097275 
-0.811208 
-0.482150 
-0.007985 
-0.071163 
-0.003710 
-0.227657 
-0.272014 
-0.276545 
-0.134990 
0.056342 
0.620179 
0.383771 
0.752635 
-0.132976 
-0.065433 
0.146011 
0.097873 
-0.186420 
0.846863 
0.158667 
0.186152 
0.159629 
0.129122 
0.054194 
-0.321462 
-0.034323 
0.962688 
0.237234 
0.197273 
-0.622815 
-0.066713 
-0.188887 
0.017263 
-0.271414 
-0.061299 
0.485222 
-0.142247 
0.099263 
0.267390 
0.441899 
-0.069103 
-0.134964 
0.073327 
0.146621 
0.067637 
0.103438 
0.074840 
-0.243927 
-0.149681 
-0.117839 
-0.058438 
-0.095100 
-0.378301 
-0.083092 
0.059549 
-0.241365 
-0.129525 
-0.230519 
-0.232961 
0.018607 
-0.026055 
0.512945 
-0.008346 
-0.019774 
-0.058235 
-0.063619 
0.008020 
-0.225647 
-0.179890 
-0.440869 
-0.063624 
0.693587 
0.077159 
-0.060451 
-0.224660 
0.921568 
-0.056846 
-0.022741 
0.133928 
-0.293454 
0.214985 
-0.225166 
-0.132794 
0.097700 
0.886472 
-0.459380 
0.106833 
-0.287642 
-0.227223 
0.162590 
-0.377001 
0.286776 
0.040754 
-0.174170 
0.122654 
-0.183634 
0.057067 
-0.156902 
-0.482715 
0.027321 
0.081207 
-0.441072 
-0.488756 
-0.297081 
-0.121558 
-0.376267 
0.055856 
-0.199452 
-0.092244 
0.050027 
-0.352809 
-0.060162 
0.074117 
-0.342557 
-0.040469 
0.712683 
0.140332 
0.064551 
-0.006031 
-0.204713 
-0.301635 
-0.388807 
-0.146047 
0.113505 
-0.223687 
-0.386160 
0.461178 
0.256866 
-0.318103 
-0.534232 
0.288891 
-0.200009 
0.029750 
0.483172 
0.472175 
-0.026272 
-0.002193 
-0.092495 
-0.075946 
0.276008 
-0.250953 
0.158103 
-0.101020 
-0.065575 
-0.040193 
-0.051223 
-0.367880 
-0.116233 
-0.123897 
0.246179 
-0.409161 
0.818787 
0.036121 
-0.283995 
-0.196209 
0.078827 
-0.595619 
-0.146698 
0.008494 
0.190776 
-0.030584 
-0.141743 
-0.302409 
0.191806 
-0.262236 
-0.150497 
-0.051440 
-0.330307 
-0.067087 
-0.033277 
-0.219818 
-0.630834 
-0.092657 
0.039901 
-0.098108 
0.321012 
-0.534331 
-0.267040 
-0.260246 
-0.494316 
-0.359586 
-1.034140 
0.152988 
-0.429981 
-0.234541 
-0.264459 
-0.034181 
-0.022125 
-0.085443 
0.677940 
-0.031541 
-0.402273 
-0.434910 
0.086378 
-0.451429 
-0.329042 
-0.080145 
-0.038981 
0.469872 
-0.017173 
0.263426 
0.364527 
-0.340503 
-0.309806 
-0.085997 
-0.205926 
-0.364052 
-0.153122 
-0.386463 
0.025989 
-0.150381 
-0.276991 
0.108597 
0.184618 
0.722918 
0.691357 
-0.666865 
-0.118809 
0.374848 
0.734394 
1.001114 
-0.275344 
-0.190810 
-0.256094 
0.278634 
-0.298394 
-0.047503 
0.524945 
-0.286579 
0.061611 
0.058350 
-0.055274 
-0.064356 
0.065198 
0.838691 
0.747546 
0.067023 
-0.371165 
-0.636994 
-0.118892 
0.091367 
0.054753 
0.037525 
-0.357211 
0.063334 
0.142366 
-0.338906 
-0.123494 
0.010003 
-0.194348 
-0.375242 
-0.079616 
-0.247651 
-0.105703 
0.044013 
-0.043772 
-0.177157 
-0.135487 
-0.159153 
-0.058342 
-0.034642 
-0.420446 
-0.233801 
-0.128994 
0.028091 
-0.128346 
0.076608 
-0.134920 
-0.295961 
0.070912 
-0.469736 
0.210421 
0.048542 
-0.275583 
-0.580632 
-0.797060 
-0.041453 
-0.118566 
0.063429 
-0.534960 
-0.490207 
0.629979 
-0.143063 
0.240465 
0.329731 
-0.080563 
-0.175481 
-0.136575 
0.059925 
0.013915 
0.306245 
0.215390 
-0.242622 
0.136006 
-0.313505 
-0.161205 
0.725238 
-0.285733 
-0.188164 
-0.499167 
-0.179035 
-0.481436 
-0.126945 
0.070865 
0.349149 
0.035406 
-0.053772 
-0.045488 
-0.122350 
-0.234781 
-0.076593 
-0.396936 
-0.267916 
0.085997 
-0.190235 
-0.207318 
-0.191952 
0.722237 
-0.577037 
-0.159698 
-0.405795 
-0.023554 
0.311270 
-0.009010 
-0.224365 
0.069309 
-0.154100 
0.513800 
-0.098024 
1.004633 
0.504058 
-0.085424 
-0.037211 
-0.193237 
-0.091034 
-0.051400 
-0.181112 
-0.292335 
0.037087 
-0.450784 
-0.225471 
-0.074130 
-0.561888 
-0.159551 
-0.036535 
-0.256761 
0.109177 
0.143144 
0.412563 
-0.117553 
0.083851 
0.476866 
-0.003798 
-0.179262 
0.156781 
0.566558 
1.058467 
-0.061140 
-0.487713 
-0.162516 
0.061633 
-0.781574 
-0.178709 
-0.319018 
-0.367729 
0.095396 
-0.099019 
0.152724 
-0.446605 
-0.393858 
0.253879 
0.492048 
0.110898 
0.094531 
-0.032329 
-0.295752 
-0.134186 
-0.441257 
-0.204132 
-0.523626 
0.180048 
-0.136017 
0.252172 
-0.178042 
-0.001444 
-0.098275 
-0.285932 
-0.150208 
0.611049 
0.648289 
-0.091810 
-0.081457 
-0.094191 
-0.229330 
-0.257483 
-0.284437 
0.042913 
1.060787 
-0.012171 
-0.126113 
0.014685 
-0.069611 
0.194209 
0.388156 
0.312944 
1.115206 
0.801010 
0.180503 
-0.022646 
-0.382788 
-0.504899 
0.094562 
0.278632 
0.033401 
-0.439853 
-0.087286 
-0.253597 
0.404245 
0.280099 
0.362329 
0.727923 
-0.528862 
-0.082405 
-0.028959 
0.357983 
-0.382038 
1.082085 
0.381009 
0.079124 
0.067659 
-0.028736 
0.237961 
-0.073546 
0.229397 
-0.209754 
0.104779 
-0.268804 
-0.218733 
-0.076084 
0.279675 
-0.178355 
0.075807 
0.054707 
0.052581 
-0.140446 
0.063449 
0.002684 
-0.191287 
-0.129145 
-0.434989 
-0.059316 
-0.012777 
-0.242873 
-0.270500 
0.069365 
0.006720 
-0.128960 
0.117206 
-0.041128 
0.073292 
0.391023 
-0.085563 
-0.164916 
0.122812 
0.113607 
0.470160 
-0.252416 
-0.195866 
0.075703 
0.359854 
0.196251 
0.668691 
-0.020440 
0.207838 
0.027694 
-0.738346 
-0.426193 
0.127432 
0.051249 
0.208312 
0.144621 
-0.103945 
-0.163499 
-0.188670 
0.237706 
0.070799 
-0.009362 
-0.436683 
-0.496073 
-0.081990 
-0.235109 
-0.016622 
0.005602 
-0.252749 
-0.063397 
-0.238882 
-0.275670 
-0.122452 
-0.169850 
-0.091647 
-0.068943 
-0.036799 
-0.423511 
-0.417193 
0.219108 
0.000168 
0.073377 
-0.237155 
0.164077 
-0.215225 
-0.056958 
0.083377 
-0.528167 
0.226501 
-0.301353 
-0.140623 
0.037927 
-0.091556 
0.017324 
1.345601 
1.002858 
0.040934 
0.025456 
-0.030639 
-0.125196 
-0.181538 
-0.095787 
0.192599 
0.087717 
-0.128737 
-0.005097 
-0.059927 
-0.204604 
-0.195752 
-0.589217 
-0.183243 
-0.116494 
-0.081052 
0.249177 
-0.076567 
-0.084199 
0.263400 
-0.365574 
-0.208045 
-0.045050 
-0.282943 
-0.285233 
0.575888 
-0.072487 
0.069679 
-0.316293 
0.002014 
-0.111152 
-0.194239 
0.728161 
-0.159947 
-0.145323 
-0.099483 
-0.347520 
-0.038705 
-0.350082 
-0.408034 
-0.267794 
0.157884 
0.151593 
0.263325 
0.442893 
-0.037657 
-0.002072 
-0.227384 
0.004443 
-0.159578 
-0.008077 
-0.753812 
1.000872 
-0.351590 
-0.119568 
-0.295080 
-0.548993 
0.138134 
0.040668 
-0.374476 
-0.191382 
-0.595325 
-0.511759 
-0.199640 
-0.105982 
-0.456767 
-0.131408 
-0.034962 
0.134504 
-0.091601 
-0.032847 
-0.234473 
-0.031603 
0.201249 
-0.047478 
0.169015 
0.119312 
-0.187589 
-0.008394 
-0.082815 
-0.212456 
-0.097439 
-0.055412 
-0.120258 
-0.328165 
-0.196314 
-0.055976 
-0.040072 
-0.152353 
-0.000772 
0.146165 
0.331673 
-0.029302 
-0.355981 
0.123939 
0.367352 
0.010100 
-0.247372 
0.011948 
-0.085221 
0.119701 
-0.022063 
0.004443 
-0.330534 
-0.431933 
-0.441169 
0.144413 
0.298732 
-0.089046 
-0.072987 
1.291699 
-0.667107 
0.131730 
-0.289216 
-0.665993 
0.105829 
0.138308 
-0.147740 
-0.072955 
-0.341926 
-0.024205 
-0.344174 
-0.104764 
0.026165 
-0.091934 
-0.262041 
-0.172153 
0.074506 
-0.156016 
-0.085462 
-0.310812 
-0.042701 
-0.116723 
-0.323309 
0.222712 
0.060646 
-0.526564 
-0.350750 
-0.427486 
-0.649772 
-0.235846 
0.082412 
-0.021433 
0.876458 
0.212378 
0.097834 
0.033621 
0.298038 
-0.010314 
-0.437895 
-0.135744 
0.561515 
0.424144 
0.454076 
0.141054 
0.063213 
-0.012593 
0.113511 
0.035073 
0.317212 
0.318152 
0.133015 
-0.442290 
-0.143850 
-0.048545 
-0.098968 
-0.402557 
-0.295685 
-0.145676 
0.252618 
0.293478 
0.238481 
-0.034203 
-0.085985 
-0.157356 
-0.139716 
0.162311 
0.220781 
0.054516 
-0.197140 
0.071922 
-0.111294 
0.197622 
-0.001348 
0.492897 
0.467359 
-0.252376 
-0.041063 
0.140694 
-0.068462 
-0.513382 
-0.417416 
-0.208235 
0.149562 
-0.077845 
-0.388838 
-0.052404 
-0.474235 
-0.744905 
0.212911 
-0.183445 
-0.210791 
-0.167464 
-0.523449 
-0.232536 
-0.483818 
-0.565564 
-0.482365 
-0.009989 
-0.076971 
-0.095850 
-0.606758 
-0.033447 
-0.291997 
-0.120199 
-0.103889 
-0.222825 
-0.376552 
-0.121969 
0.413725 
0.029164 
0.203714 
-0.470715 
-0.430326 
-0.164196 
-0.129454 
0.086771 
0.547479 
1.340471 
0.003186 
0.158171 
0.293983 
-0.163961 
-0.125359 
-0.338971 
-0.107857 
-0.040090 
-0.011589 
0.001018 
-0.216226 
-0.029078 
-0.350070 
0.187780 
-0.102299 
-0.114064 
0.015360 
-0.051610 
-0.465014 
-0.199535 
-0.406868 
0.205187 
-0.305365 
0.389076 
0.130912 
-0.913791 
-0.072514 
-0.113693 
0.209414 
-0.059727 
0.074556 
0.043381 
-0.106044 
-0.082393 
-0.154611 
0.009722 
-0.178433 
-0.084047 
-0.422100 
-0.123342 
-0.503098 
-0.196545 
-0.057944 
0.473533 
0.076478 
-0.089743 
0.044590 
-0.192123 
-0.036841 
-0.113185 
0.213381 
-0.693046 
0.449475 
-0.079227 
-0.002434 
-0.096613 
-0.174735 
-0.026567 
0.648836 
0.191456 
-0.445769 
-0.396118 
-0.169166 
-0.128737 
0.409257 
0.314371 
1.200781 
0.249496 
-0.446194 
-0.635316 
-0.191147 
0.024057 
-0.085403 
0.113682 
-0.423936 
-0.438539 
-0.221495 
-0.013883 
0.169909 
-0.050880 
0.339263 
0.094595 
0.964947 
0.409588 
0.024137 
-0.166203 
-0.040011 
-0.023074 
-0.283045 
-0.107364 
-0.425450 
-0.108872 
0.021842 
0.059736 
-0.358492 
-0.250023 
-0.070642 
-0.481993 
-0.435794 
-0.116800 
-0.155201 
0.033943 
-0.010840 
0.074666 
0.024702 
0.895177 
0.287937 
-0.042366 
-0.250037 
-0.107493 
-0.353677 
0.383885 
-0.171900 
0.264178 
-0.307244 
0.179168 
-0.281070 
-0.015117 
-0.898434 
-0.055625 
-0.188841 
-0.547936 
-0.246777 
0.355042 
-0.398546 
-0.270317 
0.436135 
0.584502 
0.506932 
-0.069727 
-0.344642 
-0.097751 
-0.070026 
-0.108413 
-0.224648 
0.027016 
-0.368110 
-0.108333 
-0.011767 
0.169064 
-0.119911 
-0.675702 
0.367572 
0.341245 
-0.054386 
-0.513777 
-0.170227 
0.084283 
-0.293332 
0.047969 
1.317125 
0.101630 
-0.012882 
0.008393 
-0.013783 
-0.131492 
-0.180936 
-0.133264 
0.432350 
0.338462 
-0.254473 
0.044648 
0.485109 
0.990152 
0.158231 
0.101176 
-0.266981 
0.187071 
0.264748 
-0.037088 
0.305813 
0.235050 
-0.369198 
-0.165485 
-0.069080 
0.041799 
-0.452923 
0.044959 
-0.009489 
-0.019121 
-0.096089 
0.074028 
0.109575 
-0.241159 
0.028315 
0.558043 
-0.455747 
-0.106436 
-0.214194 
0.275365 
-0.000538 
-0.354421 
-0.296431 
-0.530786 
0.330982 
-0.183353 
0.160338 
0.262640 
0.293682 
-0.084660 
0.018497 
-0.293833 
-0.292675 
-0.091595 
-0.110812 
-0.033603 
0.008514 
-0.058639 
0.559014 
0.176984 
0.876182 
-0.788349 
0.186858 
0.640172 
-0.391882 
-0.289307 
-0.057618 
-0.111367 
-0.154432 
0.386465 
-0.014810 
0.529627 
0.203659 
1.241333 
-0.056431 
-0.033253 
0.024443 
-0.102149 
0.198225 
-0.029569 
-0.642067 
-0.605443 
-0.230500 
0.116678 
-0.011025 
0.158911 
0.037416 
-0.233181 
-0.407491 
-0.393258 
-0.609094 
-0.707954 
-0.756190 
-0.252141 
0.000149 
0.459563 
0.151830 
0.948010 
-0.111791 
-0.164938 
-0.061469 
-0.139817 
-0.295637 
-0.264315 
-0.139389 
-0.027430 
-0.109243 
-0.308382 
0.202559 
0.272957 
0.141743 
-0.631632 
-0.093950 
-0.278507 
-0.128123 
-0.035328 
0.366117 
-0.400911 
-0.173463 
-0.122857 
0.391819 
-0.156931 
-0.310423 
-0.209137 
0.229848 
1.087069 
0.154405 
0.141376 
-0.093295 
-0.154184 
-0.390425 
-0.076061 
1.186846 
0.399724 
0.513253 
0.171959 
0.123189 
-0.378055 
1.187033 
-0.219033 
0.018229 
-0.284873 
-0.103168 
-0.384178 
0.398591 
0.222551 
0.069232 
0.057103 
-0.032425 
-0.011826 
0.025802 
-0.098614 
0.008224 
0.028085 
-0.103873 
-0.066055 
-0.090949 
-0.394613 
-0.325308 
-0.238969 
-0.196983 
0.493387 
0.445234 
-0.216040 
-0.298108 
-0.429891 
0.106090 
0.189994 
0.054678 
0.257166 
-0.140439 
-0.178330 
-0.203983 
0.102212 
-0.040494 
-0.072088 
-0.359963 
-0.091666 
-0.079714 
0.046842 
0.519557 
0.889200 
-0.885497 
-0.555405 
0.489644 
-0.240694 
-0.231238 
0.444721 
-0.127079 
-0.441554 
0.101632 
-0.159931 
-0.313242 
-0.330756 
0.070835 
-0.365526 
1.192473 
0.025360 
-0.016678 
0.030964 
-0.063619 
-0.112943 
-0.083895 
0.178542 
0.023745 
-0.035150 
0.231904 
-0.216524 
-0.263933 
0.084327 
-0.074205 
-0.045460 
-0.243318 
0.218659 
-0.294581 
-0.327593 
-0.046575 
-0.005472 
0.090758 
-0.134990 
-0.039206 
0.451750 
0.889965 
-0.084213 
-0.293965 
-0.214970 
-0.319617 
-0.475236 
0.120257 
-0.105444 
-0.431883 
-0.251191 
0.206802 
0.483573 
1.161836 
0.303248 
-0.174912 
0.298837 
0.940459 
-0.257728 
0.117306 
-0.617635 
-0.147531 
0.054993 
-0.297074 
-0.049709 
-0.324392 
0.402542 
1.012300 
0.270948 
0.120726 
0.071572 
-0.126564 
-0.139659 
-0.134499 
0.226757 
0.127843 
-0.299877 
-0.129706 
-0.029176 
0.358394 
0.132731 
-0.000064 
0.014628 
-0.121702 
-0.552914 
-0.472211 
-0.061338 
-1.013214 
-0.247496 
-0.048739 
-0.108534 
-0.707014 
0.032552 
0.296535 
0.002693 
0.002476 
0.206534 
-0.306427 
0.032960 
0.022779 
0.104772 
0.177123 
-0.090712 
0.015181 
-0.048234 
-0.229662 
-0.258025 
-0.207192 
-0.248755 
-0.123839 
-0.046376 
-0.169763 
-0.034978 
-0.030316 
-0.039055 
-0.120224 
-0.202714 
1.150121 
-0.084318 
-0.215665 
0.340697 
-0.040877 
0.260350 
1.071521 
-0.129115 
-0.060012 
-0.001326 
-0.216589 
0.203846 
1.071454 
0.822908 
0.585836 
0.018554 
-0.255849 
-0.140018 
-0.057580 
-0.093174 
-0.040710 
-0.086910 
-0.004762 
-0.176985 
-0.062856 
-0.244131 
-0.134401 
-0.116580 
0.076562 
-0.029015 
-0.155000 
0.066005 
0.289394 
-0.298621 
0.060720 
-0.035494 
-0.534588 
-0.059812 
0.305828 
0.136248 
-0.913622 
-0.137945 
-0.278048 
-0.088957 
-0.035250 
-0.146638 
-0.203791 
0.008896 
0.321440 
0.341339 
0.046758 
0.270069 
-0.028136 
-0.045463 
-0.268623 
-0.424891 
-0.151296 
-0.577226 
-0.404597 
-0.287263 
-0.389127 
-0.064545 
-0.255535 
-0.092870 
-0.083895 
-0.028182 
-0.341342 
-0.072452 
-0.279139 
-0.544184 
-0.627736 
-0.054951 
-0.167441 
-0.315403 
-0.045985 
-0.296252 
-0.549147 
-0.074424 
-0.071995 
-0.241225 
0.222790 
0.199832 
-0.164711 
-0.673930 
-0.308533 
-0.661229 
-0.254302 
-0.020417 
-0.284419 
0.153449 
0.459392 
0.212137 
0.593109 
0.478203 
-0.332422 
0.040971 
-0.030269 
-0.060967 
0.498365 
0.454416 
1.315188 
0.516914 
0.167494 
0.789371 
-0.252850 
-0.052812 
0.214703 
0.506109 
0.035136 
1.062956 
-0.502464 
-0.007938 
-0.020891 
-0.369222 
-0.102737 
-0.256767 
-0.399046 
0.012369 
-0.224529 
0.002696 
-0.362421 
-0.262955 
-0.299180 
-0.040834 
-0.077039 
-0.139157 
0.135059 
0.057520 
-0.000654 
-0.127066 
-0.011866 
0.288347 
0.300185 
0.308935 
-0.305217 
-0.201700 
-0.067559 
0.162063 
0.291490 
0.170148 
0.013120 
0.237517 
-0.060869 
0.536411 
-0.018742 
-0.017987 
0.056723 
-0.397384 
-0.166640 
0.202973 
0.041585 
-0.340936 
-0.372430 
0.037342 
0.158071 
-0.308980 
0.071925 
0.785084 
-0.084219 
-0.053789 
-0.116863 
-0.200046 
0.092957 
0.342802 
-0.213096 
-0.223341 
0.080263 
0.012288 
-0.011061 
-0.102123 
-0.094414 
0.643101 
-0.243401 
0.204419 
-0.264653 
-0.087542 
-0.226647 
-0.465062 
0.227230 
0.332853 
0.127485 
-0.106339 
-0.159827 
0.345913 
0.488006 
-0.011954 
0.333536 
0.263373 
0.447476 
-0.253888 
-0.140143 
-0.118144 
-0.213150 
-0.006996 
0.023171 
-0.057762 
-0.103709 
-0.138540 
-0.183311 
-0.391643 
-0.394121 
0.027803 
0.153328 
-0.392326 
-0.322273 
-0.189018 
0.031128 
0.037594 
-0.173920 
-0.102335 
-0.006887 
0.240113 
0.020954 
0.014466 
-0.317471 
-0.104468 
0.040068 
-0.046966 
-0.206334 
-0.127246 
0.246199 
0.031746 
-0.214819 
-0.132605 
-0.301712 
-0.562750 
-0.517057 
-0.078932 
-0.068067 
-0.306342 
-0.055753 
-0.097329 
0.409840 
0.068752 
0.653382 
-0.015657 
0.008708 
-0.142995 
-0.330270 
-0.289862 
-0.150466 
-0.425684 
-0.368968 
-0.147692 
-0.713462 
-0.193274 
0.455367 
0.324384 
0.074333 
-0.467848 
-0.173952 
0.139733 
-0.007310 
0.242706 
-0.148997 
-0.059265 
-0.604751 
-0.337891 
0.044619 
0.178866 
0.172846 
0.020561 
0.001384 
-0.018046 
0.078479 
-0.257812 
0.082586 
-0.325462 
0.106480 
1.035856 
-0.239020 
-0.320903 
-0.218569 
-0.168261 
-0.179675 
-0.330933 
-0.054512 
-0.186998 
-0.092099 
0.126433 
-0.061025 
-0.078585 
-0.081225 
-0.029352 
0.033073 
-0.361661 
-0.210860 
0.075713 
0.013613 
0.796020 
0.028907 
0.289758 
-0.655912 
0.371001 
-0.149689 
-0.350624 
-0.115724 
0.297449 
-0.540830 
0.132151 
0.100572 
-0.093199 
-0.196977 
0.104917 
-0.048624 
-0.309021 
-0.176134 
-0.231741 
0.012688 
-0.302331 
0.080893 
-0.172976 
0.017039 
-0.012952 
-0.257799 
0.326445 
0.425828 
-0.227348 
0.047571 
-0.067650 
0.099854 
0.101285 
-0.103395 
0.239678 
0.000544 
-0.211815 
-0.126942 
-0.016529 
-0.005642 
0.103769 
-0.047568 
-0.056957 
0.043689 
-0.003798 
-0.106031 
-0.145647 
-0.991998 
0.014414 
-0.004157 
1.000227 
1.024283 
0.654475 
-0.200194 
-0.354505 
-0.070576 
-0.351451 
-0.286757 
-0.081072 
-0.350201 
0.133218 
0.011172 
-0.232351 
-0.253816 
-0.102552 
-0.081485 
-0.015844 
0.190596 
-0.194613 
-0.090894 
0.173901 
-0.080140 
-0.023075 
-0.067600 
0.149967 
-0.429552 
-0.054336 
0.329630 
-0.159629 
0.511980 
0.005131 
0.028821 
-0.088863 
0.254366 
0.614002 
-0.277254 
0.140925 
-0.128472 
-0.131406 
-0.263593 
-0.087672 
-0.168299 
0.040784 
0.850725 
-0.113354 
0.517965 
-0.151861 
-0.272605 
-0.269236 
-0.071111 
0.154957 
-0.149774 
-0.132687 
-0.125857 
-0.306205 
-0.349800 
-0.180512 
-0.117204 
-0.106402 
-0.495973 
0.020169 
-0.235973 
-0.062776 
0.972006 
0.514334 
-0.201327 
-0.151225 
-0.303662 
-0.435512 
0.153810 
-0.037990 
-0.456236 
0.214046 
0.041299 
0.053957 
-0.171430 
0.009862 
-0.475178 
0.162520 
0.013743 
-0.177278 
-0.410894 
0.305745 
-0.133877 
0.106273 
-0.075605 
-0.006031 
-0.059815 
0.105770 
-0.122077 
-0.042878 
-0.056718 
-0.134708 
-0.102512 
-0.133333 
-0.111963 
-0.233643 
0.273729 
-0.136609 
0.106972 
0.132556 
0.193022 
-0.114989 
-0.274788 
-0.533607 
-0.141121 
-0.479444 
-0.221694 
-0.005557 
-0.230661 
-0.242764 
-0.215076 
-0.079740 
-0.030875 
-0.216738 
0.457536 
0.196978 
0.369032 
-0.049697 
-0.075154 
-0.006135 
0.017840 
-0.069564 
-0.016106 
0.028627 
-0.076308 
-0.121251 
-0.114777 
