-0.340778 
0.282422 
0.022647 
-0.154583 
0.231991 
-0.011431 
0.088480 
0.411071 
-0.241797 
0.427199 
0.252564 
-0.079099 
-0.303882 
-0.201255 
-0.026800 
-0.019560 
-0.335822 
-0.475226 
-0.667939 
-0.262562 
-0.063475 
0.047755 
-0.477447 
0.001377 
-0.727426 
-0.174499 
0.119706 
-0.538255 
-0.400551 
-0.058964 
1.304293 
-0.053718 
-0.057546 
-0.046282 
0.179075 
-0.350067 
-0.041700 
-0.182363 
0.443126 
0.223245 
0.009316 
-0.177111 
-0.116215 
0.106232 
-0.141578 
-0.153514 
-0.048768 
0.065907 
-0.528430 
-0.382159 
-0.263141 
-0.034091 
-0.484620 
-0.084585 
-0.719426 
-0.272265 
-0.215147 
0.173365 
0.084085 
-0.100688 
-0.092591 
-0.067158 
-0.038778 
0.035899 
-0.023026 
-0.347420 
-0.069660 
0.675546 
-0.042793 
-0.090786 
-0.020751 
-0.107234 
0.842360 
0.010837 
0.043760 
-0.603010 
-0.427468 
-0.312216 
0.173651 
-0.123301 
-0.410453 
0.174722 
0.414309 
0.305379 
0.020148 
-0.104101 
-0.158937 
0.004554 
-0.191768 
-0.029375 
0.047681 
0.017528 
-0.097215 
-0.020703 
0.032825 
-0.050096 
-0.151600 
-0.072056 
-0.063596 
-0.004637 
-0.155361 
0.030791 
-0.123727 
0.177646 
-0.277180 
-0.213526 
-0.030621 
-0.138687 
-0.411380 
-0.020903 
-0.281335 
-0.302190 
-0.286654 
-0.110386 
-0.299157 
0.018561 
0.675805 
0.375252 
-0.052358 
-0.061907 
-0.025563 
-0.028520 
0.057969 
0.051789 
-0.228563 
-0.003418 
-0.425785 
0.193005 
0.430732 
0.145126 
-0.289973 
-0.140271 
-0.002400 
0.256315 
-0.152093 
-0.085791 
-0.172992 
-0.107121 
-0.144686 
0.094091 
0.012623 
0.008839 
0.115425 
-0.165944 
-0.017825 
0.013025 
-0.344710 
-0.153076 
-0.174664 
0.474253 
0.248575 
0.022486 
0.121205 
0.061399 
-0.014883 
0.207089 
0.244654 
0.243024 
0.015997 
0.146403 
0.257466 
-0.437200 
-0.586945 
-0.011202 
-0.014339 
-0.285502 
0.017749 
-0.149655 
-0.465661 
-0.267069 
0.422472 
0.145988 
0.050870 
-0.121758 
-0.350634 
-0.165111 
-0.067279 
0.011605 
0.131279 
-0.158160 
-0.268444 
-0.224255 
0.088524 
-0.086231 
-0.059492 
0.816597 
0.142109 
0.002843 
-0.110098 
-0.237145 
-0.254698 
0.924914 
0.027420 
-0.011380 
-0.130749 
0.020705 
-0.043965 
-0.125540 
-0.182129 
-0.117988 
0.024945 
0.347135 
-0.121242 
0.300119 
-0.099662 
-0.282245 
-0.677133 
-0.589910 
0.057002 
-0.418804 
-0.337205 
-0.045073 
-0.006878 
-0.127999 
-0.150294 
0.030811 
-0.211349 
-0.613730 
-0.052795 
-0.113802 
-0.127804 
-0.042989 
-0.146212 
0.524609 
-0.020698 
-0.076655 
-0.228754 
-0.452172 
0.007223 
-0.212059 
-0.373406 
-0.231134 
-0.147941 
-0.185683 
0.156800 
-0.273545 
-0.393388 
-0.132331 
-0.128290 
-0.052076 
-0.236794 
-0.011855 
0.049590 
-0.016227 
-0.089032 
-0.028905 
-0.058589 
0.144028 
-0.096595 
0.220379 
-0.042002 
-0.261382 
-0.131202 
-0.457200 
-0.432634 
-0.412937 
-0.366593 
-0.000837 
-0.268299 
-0.180367 
-0.179693 
0.179826 
-0.083069 
-0.426776 
0.141229 
-0.116017 
-0.019964 
0.071100 
-0.214288 
1.071110 
-0.136725 
-0.319302 
0.044771 
0.418193 
-0.133588 
0.150839 
-0.127567 
-0.050242 
-0.359037 
-0.054480 
-0.388504 
0.136984 
-0.038181 
-0.419138 
-0.069460 
-0.219149 
-0.039754 
0.944437 
0.768066 
0.014745 
-0.639633 
0.078919 
0.407255 
0.398398 
0.626841 
0.437359 
-0.826052 
0.186538 
0.054613 
0.029013 
-0.079876 
0.341452 
-0.774543 
-0.324600 
-0.168858 
-0.036640 
-0.610601 
-0.240870 
-0.156545 
-0.278887 
-0.273426 
-0.254475 
-0.088064 
0.041071 
-0.080318 
0.105330 
-0.075381 
0.006080 
-0.026420 
0.148718 
-0.027501 
-0.096326 
-0.090405 
0.029990 
0.015295 
-0.120756 
-0.096235 
-0.369720 
-0.359960 
-0.214178 
-0.030813 
-0.082313 
-0.272500 
-0.253367 
0.065776 
-0.184022 
-0.405975 
0.074417 
0.045823 
0.152395 
-0.018238 
0.463539 
-0.147395 
0.494969 
-0.237200 
0.081411 
0.088937 
-0.292734 
-0.078274 
0.121761 
-0.034569 
-0.149259 
-0.166750 
-0.238243 
0.191768 
0.307266 
-0.253980 
-0.165194 
-0.618732 
0.106617 
-0.221662 
-0.089381 
-0.098764 
-0.229194 
-0.091219 
-0.037297 
-0.180255 
0.091754 
-0.152807 
-0.194582 
-0.056464 
-0.325345 
-0.169389 
0.535300 
1.223792 
-0.214557 
0.063847 
-0.140592 
0.008428 
-0.165236 
-0.344780 
0.163818 
-0.015874 
0.344100 
-0.042261 
-0.012587 
-0.013145 
-0.130555 
-0.024608 
-0.295554 
-0.067606 
-0.054726 
-0.131588 
0.187282 
-0.229611 
0.750491 
-0.076294 
-0.060341 
-0.296302 
-0.264833 
-0.194443 
-0.205683 
-0.090308 
-0.175600 
-0.711824 
-0.480151 
0.418300 
0.572741 
-0.301622 
-0.116516 
-0.157333 
0.915418 
-0.083063 
0.404592 
-0.010419 
0.035096 
-0.067606 
-0.039111 
-0.080583 
0.084008 
-0.023357 
-0.085085 
0.384353 
-0.488608 
-0.013083 
-0.043254 
-0.003757 
-0.002939 
-0.067558 
-0.108723 
-0.365318 
0.187492 
0.253610 
0.093152 
-0.161373 
-0.030788 
-0.097569 
0.012845 
-0.035421 
0.259471 
-0.100688 
-0.352465 
-0.049387 
-0.103190 
0.153123 
0.124677 
-0.035421 
0.064533 
-0.197022 
-0.528957 
-0.052852 
-0.081728 
-0.130511 
-0.023100 
-0.313425 
-0.123862 
0.003497 
-0.211777 
0.347680 
0.607074 
0.768328 
-0.338089 
0.289905 
-0.235613 
0.029176 
-0.160202 
-0.427179 
-0.292797 
0.423414 
-0.012274 
0.259863 
-0.078851 
-0.067591 
-0.292491 
-0.153168 
-0.143599 
0.179943 
0.754822 
-0.198074 
-0.135597 
0.057415 
-0.187283 
-0.063226 
0.158598 
0.511655 
0.210668 
-0.011864 
0.246822 
-0.110258 
-0.005889 
-0.276638 
0.317323 
0.244544 
-0.013876 
-0.057883 
0.600886 
0.260971 
0.049371 
-0.130434 
0.034034 
-0.216079 
0.040229 
0.257571 
-0.103201 
-0.033779 
-0.108919 
-0.322432 
0.150483 
0.174066 
0.404124 
-0.004862 
-0.058703 
0.524667 
0.299212 
-0.552625 
-0.248806 
-0.159405 
-0.015184 
-0.021523 
-0.034781 
-0.276278 
0.076420 
-0.482719 
-0.104068 
-0.075624 
-0.117325 
0.008902 
-0.160170 
0.147164 
-0.264686 
-0.125598 
-0.135550 
-0.256562 
-0.208808 
0.039682 
-0.085841 
0.233587 
0.061433 
0.182629 
0.352006 
0.140066 
-0.263558 
-0.207287 
-0.213311 
-0.116503 
-0.117877 
-0.254761 
-0.514877 
-0.475241 
0.009048 
-0.118395 
-0.154463 
-0.263344 
0.075495 
-0.246123 
0.013225 
-0.384277 
-0.149906 
-0.206231 
-0.193398 
-0.207322 
0.084043 
-0.093847 
-0.326263 
-0.070539 
-0.244864 
-0.001765 
-0.076676 
-0.277480 
-0.426517 
-0.172495 
-0.071846 
-0.335703 
-0.298401 
-0.240493 
-0.151020 
0.913225 
-0.020543 
-0.103279 
-0.436030 
-0.403887 
-0.135257 
0.021751 
0.026071 
0.104136 
-0.032851 
-0.442967 
-0.358543 
-0.260667 
-0.151908 
0.062564 
0.017451 
0.095127 
-0.127233 
-0.128175 
-0.041907 
0.070171 
-0.143825 
-0.032959 
-0.184662 
-0.127915 
-0.160360 
-0.463699 
-0.130429 
1.108185 
-0.334914 
-0.061819 
-0.289923 
-0.191959 
-0.146603 
0.180092 
-0.187086 
0.177820 
0.054940 
-0.226523 
0.981400 
-0.133051 
-0.085642 
0.362380 
-0.152926 
-0.356869 
-0.117966 
-0.098618 
0.588686 
-0.102929 
-0.785789 
-0.712497 
0.375451 
-0.154880 
-0.282442 
-0.084587 
-0.006839 
-0.188252 
-0.085775 
-0.156526 
-0.413961 
-0.160167 
-0.144566 
-0.153576 
-0.044922 
-0.119615 
-0.195426 
0.067851 
-0.068070 
-0.174264 
-0.029022 
-0.313784 
-0.211001 
0.128479 
-0.223695 
0.508356 
0.346918 
-0.275874 
-0.030369 
0.146535 
0.033533 
0.095010 
-0.103118 
-0.109899 
0.270662 
-0.122598 
0.092719 
-0.053035 
-0.042803 
-0.501730 
-0.145316 
-0.179216 
-0.143885 
-0.320129 
-0.370991 
0.357148 
-0.279384 
-0.237145 
-0.262575 
-0.130625 
-0.035147 
0.069013 
0.436506 
0.254196 
-0.035047 
-0.055022 
-0.038007 
-0.176181 
0.455580 
-0.143277 
-0.044443 
-0.124808 
-0.259736 
-0.387744 
-0.138343 
-0.029655 
0.022249 
0.053461 
-0.077264 
-0.222562 
-0.154876 
-0.099373 
-0.138405 
-0.149505 
-0.057810 
0.137144 
0.433550 
0.104015 
-0.379781 
-0.333623 
0.020726 
-0.417461 
-0.067986 
-0.067475 
0.028918 
-0.219066 
-0.064678 
-0.123434 
-0.154338 
0.029178 
-0.213456 
-0.330565 
-0.267030 
-0.176040 
-0.104694 
0.260862 
-0.204246 
0.050789 
-0.108380 
-0.032575 
-0.076888 
-0.055215 
0.383486 
-0.198816 
0.840755 
0.750060 
-0.099090 
-0.133292 
0.469324 
0.007441 
-0.176535 
-0.054369 
-0.112921 
-0.098251 
-0.079062 
-0.376616 
-0.055445 
-0.106002 
-0.063688 
-0.164088 
0.193606 
-0.035616 
-0.387008 
-0.613115 
-0.186809 
0.109572 
0.107234 
0.761023 
0.024315 
-0.002952 
-0.018222 
0.018546 
-0.298953 
-0.235238 
-0.164762 
0.077189 
0.010592 
0.312638 
-0.203016 
-0.527682 
-0.605126 
-0.277263 
-0.261803 
0.718917 
-0.252829 
0.081850 
0.009861 
0.494815 
-0.213217 
0.059187 
-0.072158 
-0.040850 
-0.054058 
-0.071506 
-0.091065 
-0.008813 
-0.605166 
-0.201882 
-0.356829 
-0.239173 
-0.065655 
-0.158159 
-0.006803 
-0.123766 
-0.122349 
-0.081680 
-0.230765 
-0.555858 
0.660311 
0.563016 
0.486620 
-0.146345 
0.076966 
0.248685 
0.156775 
-0.231332 
-0.327907 
-0.087298 
-0.019805 
-0.241842 
-0.086468 
-0.125165 
-0.107796 
0.326634 
0.296532 
-0.314379 
-0.030345 
-0.143597 
-0.060738 
0.010421 
0.044703 
-0.204026 
0.225392 
0.021893 
-0.091126 
0.252508 
0.007002 
0.081245 
0.057925 
0.478191 
-0.229241 
-0.292613 
-0.115947 
-0.058327 
0.388420 
-0.571389 
0.070121 
0.152871 
0.096352 
-0.062936 
-0.064886 
-0.178843 
-0.006383 
-0.094618 
-0.265754 
-0.162364 
-0.175487 
-0.119380 
-0.260551 
-0.105068 
-0.243793 
0.030505 
0.832324 
-0.176727 
-0.176552 
-0.087095 
0.038921 
-0.082520 
0.020793 
-0.029974 
-0.144687 
-0.069907 
-0.019047 
0.958341 
0.501911 
-0.060958 
-0.203926 
-0.251374 
-0.120793 
0.114781 
-0.103545 
-0.115266 
-0.129162 
0.152033 
0.337491 
-0.212966 
-0.298146 
-0.001274 
0.364332 
-0.156843 
0.013149 
-0.089418 
-0.062111 
-0.177455 
-0.236675 
-0.154676 
-0.276976 
-0.287588 
-0.311872 
-0.159996 
-0.131376 
-0.282960 
-0.270059 
-0.118022 
-0.363550 
-0.509551 
-0.032575 
-0.120065 
0.069539 
-0.046646 
0.012177 
-0.099426 
-0.039201 
0.809895 
1.071547 
0.135801 
0.228345 
-0.104634 
-0.171794 
-0.180665 
-0.231580 
-0.222050 
-0.163740 
-0.181201 
0.058551 
-0.079270 
0.013091 
0.006071 
0.255577 
0.522797 
-0.070984 
-0.041261 
-0.040348 
-0.444413 
0.105884 
0.454750 
0.143016 
-0.336577 
-0.205619 
0.083997 
-0.324067 
-0.002867 
-0.081464 
-0.150304 
-0.220816 
0.741906 
0.952017 
-0.131828 
-0.332354 
-0.094664 
-0.198221 
-0.227524 
0.203488 
-0.120172 
-0.551099 
-0.102505 
-0.188838 
0.054623 
0.116139 
0.036843 
-0.103014 
-0.103811 
0.124292 
0.295635 
-0.087857 
-0.334139 
-0.071314 
-0.011687 
-0.103752 
-0.163273 
-0.177112 
-0.144132 
-0.210911 
0.411649 
-0.079149 
-0.129218 
-0.062954 
-0.217045 
-0.176264 
-0.179974 
-0.361463 
-0.008181 
0.436449 
0.186699 
-0.056219 
0.099753 
0.016710 
-0.154659 
-0.113602 
0.159793 
0.101654 
-0.088034 
-0.132994 
-0.980254 
-0.000136 
0.257435 
-0.049957 
-0.048732 
1.181366 
-0.016650 
-0.023904 
-0.039955 
0.010606 
-0.573385 
0.267964 
-0.084982 
0.629067 
-0.166472 
-0.153273 
-0.000397 
0.046815 
0.146093 
0.028752 
-0.568549 
-0.250484 
-0.211843 
0.010336 
-0.183952 
-0.474501 
-0.442211 
-0.062293 
-0.248287 
0.720454 
0.212633 
-0.041870 
0.043173 
0.000874 
-0.097130 
-0.074505 
-0.031398 
-0.334301 
-0.061312 
-0.238389 
-0.179111 
-0.182986 
-0.014497 
-0.032256 
-0.250265 
-0.237501 
-0.248043 
-0.711548 
0.091821 
-0.027676 
-0.230280 
-0.453586 
0.161622 
0.131363 
0.225759 
0.217988 
1.055840 
-0.367894 
-0.088375 
0.020466 
0.120351 
-0.064186 
-0.202767 
-0.305464 
-0.912114 
-0.200559 
0.149541 
0.126554 
0.098545 
-0.880643 
-0.406895 
-0.311628 
-0.014672 
0.291891 
-0.138267 
-0.332608 
-0.139028 
-0.197989 
-0.034471 
0.668372 
0.290336 
-0.319462 
0.124638 
-0.378475 
0.440224 
-0.236855 
-0.328040 
-0.546129 
-0.531836 
0.370258 
-0.091499 
-0.554690 
-0.114793 
-0.071015 
-0.252130 
-0.177577 
0.296679 
-0.157449 
-0.217336 
-0.173540 
0.014324 
-0.225753 
-0.290694 
0.272735 
-0.007687 
0.087614 
0.084246 
0.233666 
0.080585 
-0.116493 
0.561394 
0.032430 
0.155778 
-0.118927 
0.099428 
-0.165584 
0.051427 
0.458326 
0.740993 
0.110415 
0.181618 
-0.084205 
-0.005458 
-0.168988 
0.000638 
0.322888 
0.267268 
0.941751 
-0.001416 
0.223666 
-0.057675 
0.622441 
1.203797 
0.280438 
0.037287 
0.109487 
0.076666 
-0.365646 
-0.208995 
-0.447095 
-0.087599 
-0.012281 
-0.131396 
-0.619385 
0.160682 
-0.047430 
0.103735 
0.467028 
0.346470 
-0.174984 
-0.195426 
-0.287233 
-0.258273 
-0.121944 
0.055924 
-0.194354 
0.171680 
0.134297 
-0.011100 
-0.033831 
0.027976 
0.541544 
0.432213 
0.088225 
0.050081 
-0.176086 
-0.254715 
-0.461203 
-0.364960 
-0.355521 
-0.197390 
-0.567904 
-0.056057 
-0.139733 
0.415249 
-0.077270 
0.044719 
0.035765 
-0.166026 
-0.014895 
0.000470 
0.124519 
0.119448 
-0.104977 
-0.401927 
-0.709026 
-0.083466 
0.292668 
-0.152563 
0.098756 
0.040582 
0.678967 
0.205542 
0.142977 
0.122570 
-0.133616 
-0.117550 
0.205986 
-0.442045 
-0.222712 
-0.133466 
-0.039240 
-0.205267 
0.042135 
-0.134095 
0.821875 
0.145420 
0.160598 
-0.139900 
0.330927 
0.565129 
0.153665 
-0.173413 
-0.163034 
-0.216718 
0.091200 
0.126084 
0.023666 
0.413138 
-0.252390 
0.211316 
0.147009 
0.139118 
-0.422529 
-0.426661 
-0.082857 
-0.112324 
0.090624 
-0.284717 
-0.004194 
-0.301335 
0.017001 
1.746735 
0.622328 
0.361216 
0.070968 
0.192637 
-0.048501 
-0.278101 
-0.467605 
-0.620219 
0.278336 
-0.107859 
-0.284564 
-0.289191 
-0.347149 
-0.176651 
-0.409344 
0.108046 
0.076434 
-0.368909 
-0.495557 
0.063372 
0.836706 
0.266834 
0.244968 
0.765370 
-0.116617 
-0.746549 
-0.415506 
0.726497 
-0.132331 
-0.029221 
-0.096068 
0.905199 
0.749805 
-0.027178 
-0.080933 
-0.075917 
-0.158598 
-0.448740 
-0.199749 
-0.200053 
-0.075112 
-0.092753 
-0.132888 
0.168009 
0.111872 
0.194263 
0.152492 
0.271535 
0.235125 
-0.070286 
-0.113603 
1.308745 
1.402205 
0.088931 
-0.105057 
0.239610 
0.206599 
0.038694 
-0.126932 
-0.114602 
-0.186573 
-0.088119 
0.335183 
0.229708 
-0.028594 
-0.013509 
1.031822 
0.135880 
0.283905 
0.130329 
0.038014 
-0.089134 
0.142916 
-0.011075 
-0.171525 
-0.204337 
-0.042497 
0.076174 
0.370379 
-0.561500 
-0.436435 
-0.205856 
-0.203206 
-0.066029 
-0.049695 
-0.265870 
-0.099522 
0.367243 
0.097368 
0.025047 
-0.086028 
0.079994 
0.188281 
-0.182343 
-0.083270 
-0.157275 
-0.133840 
-0.209683 
1.295671 
-0.305183 
-0.284870 
-0.590282 
-0.100562 
-0.274609 
0.068060 
-0.125734 
0.082836 
0.851257 
0.027655 
0.129633 
0.068674 
0.140897 
0.524728 
0.048446 
0.553446 
-0.062223 
-0.165869 
-0.065452 
-0.097684 
0.032619 
-0.022072 
-0.005205 
-0.156894 
-0.260870 
-0.263642 
-0.151773 
-0.257596 
-0.275285 
-0.220542 
-0.546712 
0.084132 
-0.551772 
-0.372423 
-0.209838 
-0.451745 
-0.052289 
0.687362 
0.437660 
0.248975 
-0.261494 
0.272273 
0.222496 
0.271960 
0.291901 
-0.137295 
0.121639 
-0.269937 
-0.043993 
0.092897 
-0.533973 
-0.067691 
0.629103 
1.277122 
-0.254729 
0.010186 
1.235084 
0.045357 
-0.397457 
-0.263523 
0.017853 
-0.324211 
0.433965 
0.223807 
-0.222308 
0.058962 
0.028795 
-0.193445 
-0.021410 
-0.100798 
-0.410679 
-0.163350 
0.093063 
-0.506727 
0.017309 
-0.070051 
-0.234725 
-0.027715 
-0.435432 
-0.353177 
-0.398069 
-0.455411 
0.075231 
0.517848 
1.056226 
1.699013 
0.072405 
0.220301 
0.141181 
-0.156361 
0.033905 
-0.201793 
0.183408 
-0.230767 
-0.162402 
-0.172938 
-0.252905 
-0.174086 
-0.222285 
-0.243872 
-0.248682 
-0.238699 
-0.157767 
-0.154568 
-0.128257 
-0.201482 
-0.123489 
-0.123750 
-0.100673 
-0.185011 
-0.223766 
-0.080656 
-0.246871 
-0.289480 
-0.445607 
-0.365780 
-0.130138 
-0.077696 
-0.180216 
0.121892 
0.589081 
-0.056464 
0.053354 
-0.450823 
0.017444 
-0.080721 
0.180157 
0.058810 
0.986164 
-0.224306 
0.107633 
-0.199706 
-0.106194 
0.127344 
-0.022169 
-0.214901 
0.547698 
-0.132394 
-0.138461 
0.124514 
-0.084975 
0.139795 
0.185453 
0.288797 
-0.220834 
-0.233890 
0.142027 
-0.160746 
-0.045747 
-0.059995 
-0.050403 
-0.058029 
-0.092885 
-0.121732 
-0.156629 
-0.289543 
-0.277314 
-0.250892 
0.149416 
-0.054096 
0.108371 
0.323336 
0.582257 
0.035741 
-0.135680 
-0.222049 
-0.182645 
-0.081296 
-0.313433 
0.088583 
0.269369 
0.173394 
0.040200 
-0.205419 
-0.394092 
-0.028416 
-0.245864 
0.100080 
-0.229148 
-0.681569 
-0.162587 
0.495382 
-0.072310 
0.114592 
-0.591076 
0.116878 
0.229472 
0.383012 
0.422342 
-0.328930 
1.055222 
0.189809 
0.072170 
-0.153085 
-0.452109 
-0.522309 
-0.246337 
0.127815 
1.240157 
-0.103768 
0.102780 
-0.113947 
-0.056580 
-0.040884 
1.495154 
1.551842 
0.399645 
0.144970 
-0.092854 
-0.035170 
-0.188998 
-0.112265 
-0.123681 
-0.152310 
-0.014859 
0.584828 
-0.210941 
0.024776 
0.094878 
0.210780 
0.333172 
-0.078173 
-0.370840 
-0.170805 
0.139069 
0.121459 
-0.107794 
-0.142968 
-0.167246 
-0.084227 
0.260368 
0.251215 
0.268319 
0.268073 
-0.346208 
-0.324951 
-0.423007 
0.240179 
-0.432822 
0.082867 
0.398337 
-0.157712 
-0.201489 
0.521672 
-0.048156 
0.320207 
-0.098047 
0.008484 
-0.548698 
-0.275397 
-0.296488 
1.757609 
0.074517 
0.288201 
-0.190663 
0.245955 
0.167056 
0.195105 
0.084345 
-0.057402 
-0.186689 
-0.263187 
-0.263703 
-0.216157 
-0.124875 
-0.079775 
0.252509 
0.030396 
-0.592275 
0.577405 
0.242874 
-0.183024 
0.155818 
-0.115298 
0.070194 
-0.414915 
-0.003854 
0.216306 
-0.171081 
-0.263295 
-0.426829 
-0.171341 
-0.247705 
0.296737 
0.023034 
0.717093 
0.411578 
0.100266 
-0.578552 
0.634322 
-0.139879 
-0.030889 
0.365885 
-0.560341 
-0.321619 
-0.141293 
-0.078653 
0.170912 
0.425915 
-0.095070 
-0.002469 
0.113107 
0.059576 
-0.069345 
-0.061057 
-0.085254 
-0.529539 
0.189892 
0.603546 
0.090401 
0.256145 
-0.436645 
-0.308342 
-0.051831 
0.141308 
-0.154349 
0.070330 
-0.171957 
-0.227199 
0.261931 
-0.031106 
0.328661 
-0.018741 
-0.048216 
-0.135198 
-0.065148 
-0.207673 
-0.119365 
-0.316248 
-0.209669 
0.620449 
0.095566 
-0.577319 
0.371557 
0.244464 
-0.023267 
-0.073040 
-0.211712 
-0.036597 
0.242781 
-0.343978 
0.260553 
-0.332351 
0.259185 
0.246965 
0.076044 
0.212073 
0.112534 
0.323646 
-0.648915 
0.744756 
-0.299878 
-0.246228 
0.582198 
-0.021456 
-0.049448 
-0.660802 
0.088671 
0.133325 
0.132832 
-0.645253 
-0.053180 
0.176351 
-0.128810 
0.100882 
-0.307385 
-0.127349 
-0.129102 
0.140514 
-0.347175 
-0.076043 
-0.083402 
-0.513417 
0.125552 
0.074408 
-0.822533 
0.348244 
0.331170 
0.025626 
0.043595 
0.100374 
0.176080 
-0.177498 
0.538905 
0.230281 
-0.188113 
0.050493 
0.047236 
-0.203538 
-0.207228 
-0.197463 
-0.037309 
0.493596 
0.741007 
0.055557 
0.287257 
-0.199389 
-0.180936 
0.024043 
-0.197788 
0.181469 
0.274050 
0.021175 
0.091912 
0.348608 
0.944409 
-0.313568 
-0.316597 
0.105317 
0.189549 
0.068234 
-0.255479 
-0.361392 
-0.045887 
0.256799 
0.722402 
0.264647 
-0.243697 
-0.161786 
-0.339029 
-0.191174 
0.302282 
-0.175057 
0.187045 
1.402108 
0.289396 
-0.159849 
0.057603 
-0.070785 
0.405769 
-0.243358 
-0.148767 
0.633126 
-0.437205 
0.107042 
-0.421920 
-0.273370 
-0.123655 
0.404312 
-0.502008 
-0.177664 
-0.026677 
0.078741 
0.018407 
-0.144201 
-0.457777 
0.027171 
-0.324398 
0.119894 
0.035925 
0.017137 
-0.143176 
-0.233684 
-0.402085 
-0.284494 
0.385982 
0.044967 
0.014519 
0.294865 
-0.915503 
-0.410254 
-0.461390 
-0.214995 
-0.268914 
0.067194 
0.063678 
-0.363664 
-0.751639 
0.121084 
-0.329166 
0.408731 
-0.090801 
-0.128346 
0.252092 
0.271178 
0.192694 
-0.235366 
0.220635 
-0.161500 
-0.127581 
0.049499 
-0.094109 
-0.135473 
0.191867 
-0.709089 
-0.049785 
-0.265402 
-0.216154 
0.962578 
0.952080 
-0.085047 
0.559001 
0.018041 
-0.253109 
-0.061926 
-0.134628 
-0.071596 
-0.059748 
-0.053510 
-0.072896 
-0.131122 
-0.473169 
-0.054206 
-0.322504 
0.785695 
0.005314 
0.061844 
0.100371 
0.127418 
-0.131357 
0.098222 
-0.114669 
-0.175904 
1.411905 
0.752633 
-0.098115 
0.513668 
-0.057362 
-0.005985 
0.668222 
-0.150759 
-0.043721 
0.218381 
-0.141411 
0.202164 
0.173764 
0.138450 
-0.126272 
-0.063721 
-0.089004 
-0.160130 
0.040605 
-0.465823 
0.095974 
0.043582 
-0.091883 
0.109995 
-0.128128 
0.079659 
0.230495 
0.486307 
-0.634983 
0.863417 
0.676284 
-0.217516 
-0.226708 
-0.032806 
-0.111421 
-0.066701 
-0.163324 
-0.025545 
0.216653 
-0.023241 
0.133285 
-0.103349 
0.107035 
0.279849 
-0.109480 
-0.240124 
-0.117517 
-0.721376 
-0.269018 
-0.387325 
-0.241646 
-0.252209 
0.170902 
-0.121195 
-0.050351 
-0.111437 
-0.120112 
-0.127952 
0.096469 
-0.134391 
-0.419768 
-0.036476 
0.423582 
0.276152 
-0.248894 
-0.064942 
-0.476281 
-0.583354 
-0.331477 
0.667742 
-0.314356 
-0.364944 
-0.512749 
-0.169920 
-0.228936 
-0.064752 
-0.181799 
0.068221 
-0.326974 
-0.247611 
1.700577 
-0.308326 
-0.391459 
-0.150618 
0.086751 
0.986570 
0.023044 
0.193820 
-0.311862 
-0.538571 
0.743190 
0.047547 
-0.004714 
0.286266 
0.296802 
-0.281444 
0.029948 
0.388569 
-0.217891 
-0.210314 
0.054919 
0.051526 
-0.097334 
-0.146694 
0.043991 
0.257806 
-0.053785 
-0.225426 
-0.040703 
-0.331155 
-0.089341 
-0.726686 
-0.174236 
-1.103930 
-0.611776 
-0.029749 
-0.441989 
0.183523 
0.560105 
-0.091032 
-0.024718 
-0.491371 
-0.197103 
-0.197870 
1.238998 
0.238823 
-0.102772 
-0.226318 
-0.170000 
0.089927 
1.245341 
0.160386 
-0.339184 
-0.201079 
-0.201342 
-0.183869 
-0.272782 
-0.040913 
-0.259057 
-0.164303 
0.009354 
-0.206078 
-0.145986 
-0.289134 
-0.138614 
-0.234900 
-0.232060 
0.297930 
0.761334 
0.014879 
-0.388280 
-0.130112 
-0.213009 
-0.239099 
-0.166773 
-0.180462 
-0.100221 
-0.140066 
-0.095144 
-0.150391 
-0.386396 
-0.357641 
-0.043750 
-0.097670 
-0.494162 
-0.196398 
-0.231716 
-0.127413 
0.001580 
0.290650 
-1.319037 
0.038614 
0.041694 
-0.270958 
0.116851 
0.120800 
-0.038134 
0.036448 
-0.158326 
-0.135229 
0.055251 
0.067358 
-0.388190 
-0.216337 
-0.201549 
-0.153229 
-0.069717 
-0.203523 
-0.270934 
-0.060044 
0.090517 
-0.289152 
-0.573201 
0.220094 
-0.141166 
-0.548644 
0.617623 
-0.074116 
0.031025 
0.087799 
0.025112 
-0.017820 
-0.273770 
-0.047890 
0.060808 
-0.210585 
0.112669 
-0.204831 
0.067743 
0.093572 
-0.034844 
0.063182 
-0.343082 
-0.096475 
-0.220738 
-0.289833 
-0.208340 
-0.340342 
-0.279387 
-0.138803 
-0.304455 
0.023114 
-0.237533 
-0.036332 
-0.083174 
-0.159513 
-0.176415 
0.295462 
0.100180 
-0.182041 
-0.241650 
1.308686 
0.375762 
0.333371 
-0.202511 
-0.405333 
-0.180771 
-0.095382 
-0.189281 
-0.095392 
-0.162570 
0.014436 
-0.303782 
-0.348043 
0.024358 
-0.187820 
-0.226505 
-0.128196 
-0.079341 
0.016478 
-0.108276 
-0.190469 
-0.564765 
1.452831 
0.364003 
-0.373548 
-0.049394 
-0.166947 
-0.202912 
0.156119 
0.152768 
-0.048435 
-0.201709 
0.028778 
-0.118488 
-0.177818 
-0.253267 
0.159653 
0.227996 
0.237489 
0.266814 
0.011802 
0.089675 
0.559860 
0.186882 
-0.145373 
-0.164455 
0.852413 
0.281908 
-0.226290 
-0.204526 
-0.199585 
-0.127240 
-0.343093 
-0.049460 
1.615823 
0.093533 
0.197857 
0.094925 
0.130020 
0.236588 
-0.054726 
-0.319139 
-0.231656 
-0.828061 
0.971301 
0.125962 
0.120587 
0.951738 
0.043760 
-0.153061 
-0.129149 
-0.389262 
-0.476802 
-0.190448 
-0.304773 
-0.471095 
0.323061 
0.103498 
-0.049604 
-0.036463 
-0.406959 
-0.225145 
-0.222545 
-0.160360 
-0.070798 
0.140261 
-0.527219 
0.051101 
0.230175 
0.746287 
-0.177338 
-0.105973 
-0.083409 
-0.142404 
0.437796 
0.248143 
0.274731 
-0.220881 
-0.180946 
0.112295 
0.381932 
-0.055469 
-0.207757 
-0.129703 
0.088734 
-0.137588 
-0.767560 
-0.137130 
0.022842 
-0.174955 
-0.078262 
-0.069411 
0.201718 
0.162329 
1.018209 
0.152431 
-0.219025 
-0.018809 
-0.459566 
-0.190704 
-0.357940 
-0.096641 
0.161854 
0.020881 
0.383648 
-0.105907 
-0.193079 
-0.102811 
0.094637 
-0.439379 
-0.519180 
-0.141225 
0.107377 
0.422420 
-0.034187 
0.377187 
-0.289467 
-0.768955 
0.168159 
-0.791006 
-0.141335 
-0.423374 
0.075333 
-0.056543 
0.055838 
0.097263 
-0.124111 
-0.125835 
-0.154917 
-0.147648 
-0.141174 
-0.241833 
-0.117786 
-0.305962 
-0.213617 
-0.485908 
-0.083693 
-0.209551 
-0.200454 
0.272337 
0.014515 
-0.266965 
0.415338 
0.243746 
0.002669 
-0.052137 
-0.055277 
-0.140955 
-0.308763 
-0.220887 
-0.243039 
0.051474 
-0.117146 
0.012040 
-0.046111 
-0.338991 
-0.262813 
-0.149779 
-0.099879 
0.131775 
-0.040956 
-0.218193 
0.059807 
-0.322068 
0.465046 
0.602678 
-0.137411 
-0.105777 
-0.198818 
0.148549 
0.674113 
0.377813 
-0.061534 
0.083006 
-0.031648 
-0.236036 
0.091797 
-0.057868 
0.197612 
-0.119243 
0.126240 
-0.208701 
0.106708 
-0.282848 
-0.322822 
0.205406 
1.632281 
-0.272419 
-0.095727 
-0.041563 
-0.273893 
-0.302379 
-0.088877 
0.378824 
-0.027772 
-0.188412 
-0.223587 
-0.696411 
-0.021219 
0.151898 
-0.081246 
-0.093507 
-0.364668 
-0.144067 
0.103382 
-0.300687 
-0.171663 
-0.357902 
0.106578 
-0.157471 
-0.286164 
-0.167574 
-0.171906 
0.138245 
-0.169340 
0.903141 
0.127888 
0.031346 
0.090263 
0.026495 
0.145647 
-0.051979 
-0.292685 
-0.105360 
-0.292529 
-0.110746 
0.322481 
-0.530411 
-0.246275 
-0.222141 
-0.233426 
-0.028955 
0.091507 
-0.029441 
0.502088 
1.298114 
1.229786 
0.758360 
0.312869 
-0.235649 
0.113087 
-0.009539 
0.029505 
-0.029827 
0.042155 
-0.220572 
-0.209394 
-0.184403 
-0.058449 
0.126408 
-0.080525 
-0.479451 
-0.054726 
-0.232385 
-0.282758 
-0.264105 
0.015176 
0.177214 
-0.209133 
-0.183035 
0.133903 
0.033618 
-0.052931 
-0.752672 
-0.559157 
-0.001575 
-0.158571 
-0.020231 
-0.030342 
-1.147603 
0.251459 
-0.165511 
-0.160777 
-0.899991 
-0.419185 
-0.168111 
-0.313110 
-0.097332 
-0.237643 
-0.243868 
0.566875 
0.394358 
-0.222606 
0.324673 
-0.204174 
0.013110 
-0.336983 
-0.325057 
0.014931 
-0.176739 
0.342758 
0.006422 
0.072894 
-0.219222 
-0.313525 
-0.057786 
-0.135685 
-0.247740 
-0.140157 
-0.172829 
-0.065010 
-0.038913 
-0.381554 
-0.095124 
0.059831 
-0.573516 
0.449126 
-0.340377 
-0.266821 
-0.105900 
-0.067220 
0.050250 
0.803667 
-0.051200 
-0.417397 
0.375333 
-1.164377 
-0.180015 
-0.449491 
-0.812889 
0.286635 
-0.574690 
-0.003965 
0.415493 
0.125678 
-0.110795 
0.001021 
0.201112 
0.320076 
0.714309 
-0.127192 
-0.341971 
-0.077527 
-0.228073 
-0.490202 
-0.425512 
-0.246657 
-0.361187 
-0.837422 
-0.096773 
-0.317809 
-0.097123 
-0.201821 
-0.254413 
-0.097882 
-0.082948 
-0.218076 
-0.167215 
-0.203445 
-0.119594 
-0.142510 
0.120507 
1.675149 
1.471975 
0.617662 
0.661573 
0.627760 
-0.010655 
-0.007093 
0.149731 
0.080181 
0.161373 
-0.004588 
0.076998 
-0.338701 
0.442313 
0.036122 
-0.631195 
-0.513568 
-0.310571 
0.475151 
-0.304578 
-0.143883 
0.013709 
-0.137726 
-0.186989 
-0.709893 
-0.722168 
0.041403 
0.001087 
-0.158294 
-0.068151 
-0.351644 
0.383869 
-0.163127 
-0.137158 
-0.447376 
-0.505764 
-0.228102 
0.253533 
0.006264 
0.054715 
0.140520 
0.604374 
0.098778 
-0.170617 
0.124157 
0.273549 
-0.048414 
0.114363 
1.544960 
0.135326 
0.134639 
0.406493 
0.032585 
-0.013046 
-0.767335 
-0.263255 
-0.050026 
-0.442513 
-0.318372 
-0.033406 
-0.678189 
-0.137586 
0.235490 
-0.145316 
0.062141 
-0.117608 
-0.126027 
-0.166141 
0.095286 
0.083865 
-0.284092 
-0.092787 
-0.135217 
-0.280037 
0.148554 
-0.127362 
0.013057 
-0.031414 
-0.095347 
-0.148398 
-0.154082 
0.244391 
-0.149047 
0.825227 
0.195844 
-0.177829 
-0.199060 
0.048900 
-0.011766 
-0.168047 
-0.442298 
-0.153087 
-1.044229 
0.314121 
-0.058033 
0.225054 
0.037375 
0.222700 
-0.061412 
0.672783 
-0.074445 
0.146628 
-0.038030 
-0.252883 
-0.080500 
-0.357947 
0.015379 
-0.007141 
-0.076166 
-0.168793 
-0.144490 
-0.227828 
-0.159334 
-0.196299 
-0.256273 
-0.189086 
-0.025980 
0.041582 
-0.538517 
-0.253249 
-0.109714 
-0.050421 
-0.196924 
-0.433108 
-0.051331 
-0.303806 
-0.059085 
0.003999 
-0.081503 
-0.058309 
-0.138765 
-0.090211 
-0.139588 
-0.205332 
-0.139299 
0.300283 
1.771109 
-0.171571 
0.059095 
0.070896 
-0.292267 
0.268795 
-0.229557 
-0.114384 
-0.067606 
-0.400583 
-0.161466 
0.115176 
-0.109667 
-0.023244 
0.056725 
-0.748866 
-0.191071 
0.005449 
-0.182079 
0.018751 
-0.029127 
0.168199 
0.021541 
-0.174755 
-0.212402 
-0.049419 
-0.145864 
-0.099237 
-0.569416 
-0.020496 
-0.298055 
-0.054834 
-0.158138 
0.000587 
-0.062497 
-0.483545 
-0.107972 
-0.193441 
-0.060907 
0.220726 
-0.037896 
0.190072 
0.096183 
0.088988 
-0.229871 
-0.111554 
-0.201183 
-0.061332 
-0.036990 
-0.302006 
-0.562359 
-0.067365 
-0.267453 
-0.337127 
-0.263376 
-0.175503 
-0.358610 
0.012201 
0.171513 
-0.367217 
-0.268827 
-0.012410 
0.203961 
0.000350 
0.058743 
0.469585 
-0.362109 
-0.087923 
0.347086 
0.028349 
-0.279460 
0.032644 
0.005656 
-0.366581 
-0.021485 
-0.142104 
-0.378534 
0.125350 
-0.375475 
-0.327758 
0.000504 
-0.036691 
0.020139 
0.457613 
-0.064958 
-0.267433 
-0.011705 
-0.071047 
0.125771 
-0.111162 
-0.126004 
-0.465788 
-0.170059 
-0.240702 
-0.289640 
-0.327292 
-0.248731 
0.063307 
-0.121315 
-0.231792 
0.100680 
-0.051961 
0.337452 
-0.054180 
-0.205281 
0.074267 
0.536986 
-0.110616 
0.079824 
0.084203 
0.451150 
1.374955 
-0.076264 
0.005090 
0.266845 
0.357854 
-0.003289 
-0.046573 
-0.212085 
-0.242700 
-0.038674 
0.011357 
-0.096611 
-0.145768 
0.017798 
-0.179944 
0.934440 
-0.135355 
-0.142051 
0.333077 
-0.045207 
-0.113223 
-0.269306 
0.035532 
0.463120 
-0.217187 
0.017256 
-0.197811 
0.798134 
0.622067 
0.551681 
0.349782 
0.052104 
-0.053861 
0.113555 
0.025752 
-0.084598 
-0.013583 
-0.158880 
-0.201619 
-0.129278 
-0.418537 
0.165787 
0.075366 
1.026711 
0.386362 
-0.103521 
-0.288072 
-0.057114 
-0.076665 
0.597849 
0.438471 
-0.737900 
-0.249930 
-0.072948 
0.126659 
0.176863 
-0.205956 
-0.223337 
-0.087042 
-0.028359 
0.000628 
1.627493 
0.758457 
-0.081787 
-0.188920 
-0.134645 
0.006734 
-0.123588 
-0.092848 
-0.022122 
-0.141836 
0.236218 
-0.096697 
-0.298809 
-0.160360 
0.144134 
0.204458 
-0.233221 
-0.181723 
0.440518 
-0.296134 
-0.036056 
0.025806 
0.217260 
-0.201047 
0.832098 
-0.377962 
-0.140157 
-0.051695 
-0.071186 
-0.049209 
-0.256493 
0.128531 
-0.263448 
-0.000799 
-0.085293 
-0.156252 
-0.098521 
0.148043 
-0.018071 
-0.085705 
-0.215342 
-0.376830 
-0.264843 
-0.017359 
-0.641594 
-0.084159 
-0.480175 
-0.139157 
-0.373988 
-0.154847 
-0.347732 
-0.322343 
-0.097241 
-0.270179 
0.078364 
-0.019964 
-0.100547 
-0.215167 
-0.024069 
0.220391 
0.173748 
-0.114308 
-0.265359 
-0.222508 
-0.132914 
-0.113848 
0.646200 
-0.125744 
-0.037615 
-0.738780 
-0.344762 
0.069364 
0.570867 
0.047655 
-0.236785 
-0.366414 
0.020914 
-0.060975 
-0.202797 
-0.121327 
0.812672 
-0.040426 
0.120245 
0.330931 
0.104882 
0.106851 
-0.286814 
-0.130594 
-0.209873 
-0.103738 
0.185813 
-0.490745 
0.878818 
-0.113602 
-0.071962 
-0.024291 
-0.068309 
-0.202453 
-0.301558 
-0.094935 
0.102752 
0.008044 
0.098768 
-0.072020 
-0.116911 
-0.069656 
0.271836 
0.841193 
0.008467 
0.196728 
-0.025165 
-0.540382 
0.123332 
-0.234400 
-0.207179 
-0.130950 
0.151665 
-0.135689 
-0.324395 
-0.292187 
-0.117114 
-0.219100 
-0.182031 
-0.201154 
0.210873 
-0.120341 
0.138247 
-0.168596 
-0.021516 
-0.164945 
0.000874 
-0.188935 
0.066400 
1.506822 
-0.467960 
-0.191144 
-0.202912 
0.160061 
0.179728 
-0.109391 
0.167856 
-0.040372 
-0.407154 
-0.367436 
-0.217761 
0.374190 
0.740547 
-0.072041 
0.191703 
0.015494 
-0.247945 
0.446182 
0.195929 
-0.011609 
-0.235925 
0.506135 
-0.658042 
-0.494312 
0.010903 
0.245480 
-0.096616 
0.080324 
-0.127079 
-0.210431 
-0.183060 
0.029595 
0.031959 
-0.185859 
-0.154057 
-0.195592 
0.032593 
-0.164570 
-0.573777 
0.785970 
0.065174 
0.142130 
-0.329885 
-0.124983 
0.966063 
-0.091155 
0.347878 
0.263717 
-0.237651 
0.227092 
0.325915 
-0.042770 
-0.035421 
-0.268699 
-0.156664 
-0.109875 
-0.387154 
-0.254024 
-0.197049 
0.845800 
0.410320 
0.211327 
-0.404576 
0.103440 
-0.015982 
-0.014662 
0.076414 
-0.219692 
-0.197676 
-0.112455 
0.326214 
0.184874 
0.192927 
-0.234176 
-0.052215 
0.150215 
0.172821 
-0.140272 
-0.369262 
-0.078587 
-0.170969 
0.376411 
-0.271580 
-0.237071 
-0.585671 
-0.118112 
-0.124208 
0.018619 
-0.037573 
-0.304059 
1.332078 
0.086609 
0.133676 
0.009308 
0.049278 
-0.138725 
-0.338252 
0.005479 
-0.228739 
-0.170224 
-0.242389 
-0.448063 
-0.153432 
-0.281550 
-0.177298 
0.263788 
-0.028548 
-0.201091 
-0.421987 
-0.160625 
-0.357210 
-0.015427 
0.224080 
-0.012474 
0.290840 
0.644503 
-0.034322 
-0.006042 
0.269849 
0.317036 
-0.224126 
-0.171137 
-0.176493 
-0.083726 
0.114135 
0.122140 
0.074705 
0.165293 
-0.230398 
-0.060021 
0.010180 
-0.371779 
-0.266377 
0.006805 
0.313231 
-0.096445 
0.681876 
0.624776 
0.787279 
0.050540 
0.099080 
-0.259810 
-0.273666 
-0.062326 
-0.064097 
0.022500 
-0.101575 
-0.410747 
-0.213547 
-0.059232 
-0.181315 
-0.128690 
-0.120389 
-0.156217 
-0.137246 
-0.573995 
-0.400603 
-0.041117 
1.573675 
1.653279 
-0.014287 
-0.156500 
-0.099740 
0.121343 
0.170354 
0.590607 
-0.083113 
-0.082156 
0.166501 
0.055237 
-0.203281 
-0.036850 
-0.901280 
-0.056106 
-0.504693 
-0.299728 
-0.171114 
-0.080780 
-0.398028 
-0.127935 
-0.620543 
-0.276918 
-0.119060 
-0.236090 
0.100731 
0.038741 
-0.431803 
-0.439877 
0.307364 
-0.032510 
0.007234 
0.262084 
0.256483 
0.049828 
0.094573 
-0.102146 
-0.053277 
-0.051675 
-0.075787 
-0.461665 
-0.425546 
-0.225686 
-0.617559 
-0.389192 
-0.021647 
-0.119148 
-0.091416 
0.043064 
0.186954 
0.269760 
0.292252 
0.035336 
0.657488 
-0.126560 
-0.025238 
-0.210496 
-0.089132 
0.045864 
-0.210691 
-0.098473 
0.186428 
-0.177711 
-0.155577 
-0.207021 
0.341936 
-0.039499 
1.437616 
-0.382355 
-0.803906 
-0.148487 
-0.360516 
-0.234746 
-0.226733 
-0.069390 
-0.046212 
-0.117064 
-0.352113 
0.163443 
-0.022508 
-0.120593 
0.010242 
0.220107 
-0.258000 
-0.022818 
-0.082962 
-0.242078 
-0.426346 
-0.196555 
-0.384770 
-0.183223 
-0.336580 
0.226616 
-0.100422 
-0.170630 
-0.008932 
-0.056784 
-0.120029 
-0.118799 
-0.299909 
-0.031793 
0.275762 
-0.346430 
-0.356297 
-0.108604 
-0.227601 
-0.368079 
0.425615 
0.105069 
-0.244252 
-0.140494 
-0.180854 
-0.197559 
-0.317045 
-0.089270 
-0.582352 
0.273394 
0.243538 
-0.157247 
-0.547615 
-0.789811 
1.385488 
0.158149 
0.406585 
0.106952 
-0.118606 
-0.835832 
-0.288997 
-0.480274 
-0.119509 
-0.101100 
-0.412353 
-0.739968 
-0.231950 
-0.127868 
-0.432039 
-0.018906 
0.012543 
-0.275263 
-0.085450 
-0.053936 
-0.086837 
-0.078173 
-0.067870 
-0.033522 
0.080629 
0.052499 
0.183654 
0.105522 
-0.220766 
-0.290353 
-0.101026 
-0.122931 
-0.272939 
-0.282168 
-0.063311 
-0.296943 
0.125276 
-0.309321 
0.293256 
0.019331 
0.072833 
-0.183590 
-0.098414 
-0.052651 
-0.131821 
-0.160584 
-0.105702 
-0.026512 
-0.312097 
-0.152162 
0.400736 
0.437463 
0.649671 
-0.678874 
0.147190 
0.074904 
0.114150 
-0.237067 
-0.444647 
0.300799 
-0.117889 
0.148480 
-0.278844 
0.109817 
-0.163965 
-0.358788 
-0.030932 
-0.059486 
-0.048092 
-0.220852 
-0.146299 
0.030485 
-0.220787 
-0.739701 
-0.251662 
-0.324333 
-0.085404 
-0.102368 
-0.053592 
-0.102231 
-0.128175 
0.374753 
-0.145156 
-0.124059 
-0.274631 
-0.218043 
-0.193539 
-0.233924 
-0.093046 
-0.301764 
-0.177045 
-0.308771 
-0.432731 
-0.328147 
-0.259812 
0.188123 
-0.207684 
-0.275954 
-0.082282 
0.111307 
0.022759 
1.183890 
0.541800 
0.431241 
-0.011337 
-0.341730 
-0.342904 
-0.081810 
-0.188883 
-0.211512 
-0.610594 
-0.406778 
-0.298633 
0.038168 
-0.046542 
-0.089471 
-0.211875 
-0.192129 
-0.202191 
-0.115914 
0.182264 
0.031526 
-0.161350 
-0.024650 
-0.339564 
-0.151369 
0.337936 
-0.126109 
-0.132936 
0.100985 
-0.401652 
-0.113785 
0.027247 
-0.119437 
-0.219801 
-0.211080 
-0.145093 
0.022337 
-0.055998 
-0.290957 
-0.197229 
-0.107862 
-0.443036 
-0.512542 
-0.553903 
-0.410292 
0.018875 
-0.152226 
-0.117101 
-0.141913 
0.375453 
0.211790 
0.165375 
-0.096530 
0.241071 
-0.497271 
-0.251644 
-0.088706 
-0.411264 
-0.663442 
-0.219772 
-0.183261 
0.289402 
0.733815 
0.436811 
-0.178711 
-0.105659 
-0.215558 
0.181131 
-0.354462 
0.263626 
0.498050 
-0.003236 
0.254539 
0.473869 
0.018910 
0.062014 
-0.216616 
-0.347447 
-0.401069 
-0.480459 
-0.185839 
0.139580 
0.707893 
-0.129291 
-0.922471 
-0.031109 
-0.336075 
-0.174468 
-0.409485 
0.036178 
0.201773 
-0.052344 
-0.022927 
0.319996 
0.014267 
0.000237 
-0.414844 
-0.289758 
-0.090590 
-0.119436 
0.373321 
0.166720 
-0.044863 
0.005681 
0.161420 
-0.364378 
-0.218043 
-0.020264 
-0.317645 
0.109959 
-0.059350 
0.053954 
-0.240695 
-0.141739 
-0.067051 
0.404130 
-0.218352 
0.059948 
-0.175818 
-0.516819 
0.640962 
0.171768 
-0.122210 
0.109994 
-0.204201 
0.199215 
-0.003452 
-0.191057 
-0.405892 
0.272342 
-0.042807 
-0.074262 
-0.127577 
-0.203056 
-0.136527 
-0.499299 
-0.060180 
-0.203604 
-0.315514 
-0.133490 
-0.126569 
0.176760 
-0.411174 
-0.473939 
-0.207095 
-0.151185 
-0.118859 
-0.309699 
0.774620 
0.163881 
-0.238359 
-0.235715 
0.040916 
-0.299515 
-0.155031 
-0.275544 
-0.199133 
-0.320013 
-0.084090 
-0.003237 
-0.233381 
-0.316049 
-0.244147 
-0.256457 
-0.315641 
-0.120462 
0.044149 
-0.009433 
1.131861 
-0.232747 
-0.106418 
-0.080491 
-0.206183 
-0.022042 
-0.160360 
0.321181 
0.617467 
-0.066565 
-0.212128 
-0.359369 
-0.130880 
-0.210784 
-0.441626 
-0.193155 
-0.001728 
-0.242410 
-0.764602 
-0.297793 
-0.488691 
0.201836 
-0.097600 
-0.164993 
-0.083386 
-0.393682 
-0.220144 
0.020018 
0.219246 
0.271113 
-0.215263 
-0.136311 
-0.329631 
-0.024156 
0.033497 
0.077723 
-0.280031 
-0.362138 
-0.376683 
-0.396942 
0.000838 
0.041799 
-0.015409 
0.121490 
-0.190323 
-0.096354 
0.150792 
-0.106293 
-0.142789 
-0.223533 
0.085678 
-0.139756 
-0.012819 
-0.013053 
0.705137 
-0.070316 
-0.008088 
-0.037478 
-0.145808 
0.502674 
-0.082094 
-0.124183 
-0.454929 
1.019903 
-0.141762 
-0.455711 
0.974766 
-0.030910 
-0.120549 
-0.200337 
-0.026777 
0.100282 
0.022571 
-0.023481 
-0.106876 
-0.384793 
-0.160052 
-0.067448 
-0.103715 
0.591740 
0.410330 
0.110184 
-0.045971 
0.031056 
-0.621818 
-0.270139 
-0.515902 
-0.412419 
-0.271985 
-0.096885 
-0.147586 
-0.166250 
0.342256 
-0.010598 
-0.259518 
-0.231969 
-0.330193 
0.099793 
0.012486 
0.200118 
-0.099207 
0.533114 
-0.192944 
-0.109623 
-0.122305 
0.269569 
-0.027163 
-0.177260 
-0.129603 
-0.506293 
-0.350103 
-1.062120 
-0.932323 
-0.011728 
0.155344 
-0.051109 
0.376622 
-0.033169 
-0.503915 
-0.257582 
-0.133007 
-0.433742 
-0.523168 
-0.779461 
-0.192627 
-0.033681 
0.116471 
0.110445 
-0.146235 
-0.054500 
0.074858 
-0.208192 
-0.016474 
-0.270748 
-0.147706 
0.329278 
0.017688 
-0.190849 
-0.342579 
0.035057 
-0.261177 
-0.183065 
-0.082126 
-0.210891 
-0.715701 
-0.107732 
0.642662 
0.206427 
1.035652 
0.282200 
-0.099993 
-0.024944 
-0.733216 
-0.315696 
-0.004520 
0.294086 
0.019500 
-0.322898 
-0.118483 
0.086150 
0.037606 
0.210183 
0.157622 
0.064949 
-0.042072 
-0.117714 
0.144076 
0.271151 
0.244555 
-0.116429 
0.123408 
-0.251930 
-0.597314 
0.154162 
-0.287170 
-0.260073 
-0.487099 
-0.694772 
-0.112403 
-0.045329 
0.192424 
0.126334 
0.012463 
0.142664 
-0.023957 
-0.175272 
0.416850 
-0.034354 
-0.053856 
1.068134 
-0.134445 
0.514800 
-0.050789 
0.434880 
-0.006226 
-0.327261 
-0.629680 
-1.169109 
-0.303066 
-0.090007 
-0.756638 
-0.237222 
-0.166231 
0.483755 
-0.147808 
-0.352667 
-0.182188 
-0.256467 
-0.301828 
0.004808 
-0.232886 
-0.070857 
-0.117047 
0.114908 
-0.099978 
0.408115 
0.128109 
0.430108 
0.547839 
0.016385 
-0.101571 
0.029003 
-0.186689 
-0.136091 
-0.146659 
-0.019092 
-0.165863 
-0.503212 
-0.334263 
-0.225807 
-0.524687 
-0.357715 
-0.152140 
-0.080071 
0.095710 
-0.273448 
-0.137065 
-0.473706 
0.023412 
-0.149605 
-0.144922 
-0.355346 
0.095627 
-0.060699 
-0.242072 
-0.528372 
-0.142714 
-0.489112 
-0.372880 
-0.535653 
-0.362517 
-0.323889 
-0.281404 
-0.206311 
-0.142233 
-0.321270 
-0.154187 
0.303421 
-0.108239 
-0.655456 
0.462779 
-0.137378 
-0.016820 
-1.038454 
0.744631 
-0.629305 
-0.198119 
-0.167599 
-0.086705 
-0.178706 
-0.149306 
-0.337304 
-0.318722 
-0.181241 
-0.094156 
-0.022413 
-0.148689 
-0.281197 
0.705646 
1.069093 
0.238881 
0.189562 
0.932894 
0.125667 
-0.032258 
-0.443149 
-0.392479 
-0.110568 
0.218039 
1.019003 
0.220464 
-0.348635 
-0.095305 
-0.169470 
-0.117586 
0.395616 
0.852670 
0.061489 
0.314321 
0.316500 
-0.371959 
-0.343972 
-0.048831 
-0.053070 
-0.116065 
-0.125598 
-0.092789 
0.264148 
-0.373435 
-0.241058 
-0.104363 
0.174900 
-0.271978 
0.241739 
0.353692 
0.386476 
-0.141439 
-0.460062 
-0.285519 
-0.032561 
-0.137034 
-0.249255 
-0.144950 
-0.053189 
-0.045923 
-0.068794 
-0.654491 
-0.729979 
-0.311013 
-0.074543 
0.002367 
0.302844 
-0.129553 
-0.248559 
-0.184625 
-0.177170 
1.077392 
0.709493 
0.013746 
0.049634 
-0.076270 
-0.063841 
-0.132806 
-0.257673 
-0.179510 
-0.374495 
-0.052081 
-0.405167 
-0.231431 
-0.103752 
-0.095391 
0.144208 
-0.066888 
-0.069583 
0.231518 
0.194869 
-0.024297 
-0.110303 
0.110469 
-0.281217 
-0.212123 
-0.093222 
-0.111762 
-0.378460 
-0.084400 
-0.304267 
-0.298142 
-0.017952 
-0.057271 
0.775802 
0.765582 
0.037193 
0.159545 
0.089197 
-0.174705 
0.224563 
-0.407120 
0.112568 
-0.199101 
-0.350627 
0.063769 
0.041823 
0.040921 
-0.306635 
0.188712 
-0.449460 
-0.068700 
1.358549 
0.301455 
0.015571 
0.048203 
-0.240729 
-0.020619 
-0.197197 
0.062587 
-0.443374 
-0.354734 
-0.439813 
-0.281931 
-0.154745 
-0.211963 
-0.531774 
1.223124 
0.049129 
-0.060367 
-0.074247 
1.330292 
0.353348 
-0.136025 
-0.289516 
-0.324153 
0.393079 
0.029725 
-0.438043 
0.027427 
-0.356648 
-0.083991 
-0.398711 
-0.109582 
-0.205207 
-0.136045 
-0.308880 
-0.148997 
-0.371259 
-0.253769 
-0.121673 
-0.376932 
-0.403793 
-0.017351 
0.507884 
-0.010474 
-0.086337 
-0.313851 
-0.285795 
-0.140313 
-0.151203 
-0.329129 
0.151559 
-0.164947 
0.179219 
-0.070417 
0.487149 
0.045870 
-0.035696 
-0.152926 
-0.064898 
-0.538778 
-0.324217 
0.071976 
0.092765 
0.494458 
0.050406 
0.181362 
0.379901 
-0.137006 
0.124883 
0.385943 
-0.246481 
-0.066321 
0.643461 
-0.178658 
-0.154827 
-0.237841 
-0.132000 
-0.755620 
-0.192617 
-0.220161 
0.266961 
-0.025174 
0.089265 
-0.174468 
-0.076394 
0.064157 
-0.159497 
-0.163697 
-0.197842 
-0.219390 
-0.316291 
-0.354585 
-0.229120 
-0.104373 
-0.133998 
0.080274 
0.178368 
0.353915 
-0.215232 
-0.345881 
0.000345 
-0.142643 
0.251368 
-0.044129 
-0.504905 
-0.082445 
-0.784713 
-0.163589 
-0.008387 
-0.292986 
-0.315922 
-0.115050 
-0.442302 
-0.224845 
-0.369927 
-0.192238 
-0.297284 
-0.196575 
-0.193935 
0.086849 
-0.175625 
0.108196 
0.014138 
-0.716516 
-0.101369 
-0.160832 
-0.124788 
-0.170327 
-0.150060 
-0.177568 
-0.246275 
-0.179822 
-0.164548 
-0.097739 
-0.108182 
0.089302 
-0.174004 
-0.492394 
-0.283025 
-0.110302 
0.031769 
-0.371319 
-0.122256 
-0.242729 
-0.293494 
-0.236659 
-0.829289 
-0.104524 
0.140236 
-0.018901 
-0.301815 
0.342456 
0.021807 
-0.067739 
0.006626 
-0.305456 
0.310902 
-0.247961 
-0.141961 
-0.196186 
0.077008 
0.524844 
-0.119251 
0.265789 
0.228385 
-0.705727 
-0.102024 
-0.186379 
0.413671 
-0.106549 
0.189943 
0.083062 
-0.033785 
-0.059465 
0.581933 
-0.195426 
-0.266506 
-0.273610 
0.431235 
-0.249898 
0.128057 
-0.236336 
-0.333722 
-0.275522 
0.661015 
0.455737 
0.514392 
0.093063 
-0.075575 
-0.003192 
-0.122819 
0.215822 
0.187704 
0.059339 
0.223050 
0.668300 
0.596602 
-0.064514 
-0.172805 
0.109218 
-0.335168 
-0.101100 
-0.280463 
0.869138 
-0.032712 
-0.241605 
-0.014083 
0.233752 
0.163744 
-0.094184 
-0.251478 
-0.207633 
0.603551 
0.413928 
-0.032220 
-0.669626 
0.162083 
-0.993301 
0.393836 
0.266662 
0.687406 
-0.001045 
0.285812 
-0.117394 
0.369318 
-0.146327 
-0.204842 
0.003351 
-0.298428 
-0.118051 
-0.108354 
-0.232891 
-0.132960 
1.156755 
0.027881 
0.898143 
0.655290 
0.365274 
-0.137259 
-0.198930 
-0.203401 
0.020357 
0.098136 
0.413500 
0.615170 
-0.655405 
-0.272192 
-0.529142 
-0.155519 
0.104069 
-0.103791 
-0.024374 
-0.071997 
-0.050099 
0.034412 
0.401575 
-0.393853 
-0.218915 
0.077477 
-0.236575 
0.718079 
-0.148937 
0.019387 
-0.389901 
-0.513957 
-0.527679 
-0.151146 
-0.336451 
-0.274269 
-0.049178 
-0.772195 
-0.267441 
0.006543 
-0.113867 
0.126806 
-0.152559 
-0.166591 
1.018518 
1.549487 
-0.343805 
-0.264800 
0.434828 
0.582336 
0.196065 
1.279649 
-0.052589 
0.139751 
-0.113231 
-0.024956 
0.029464 
-0.128253 
-0.119742 
-0.180823 
-0.281622 
0.347132 
-0.197061 
0.124044 
-0.010729 
-0.607652 
0.142331 
-0.297695 
-0.452762 
-0.635525 
-0.025645 
0.099096 
-0.179876 
-0.094799 
-0.382129 
-0.281430 
-0.163816 
-0.151310 
1.542783 
-0.090670 
1.585164 
-0.243391 
0.235188 
0.034503 
-0.260475 
-0.361099 
-0.283861 
-0.305833 
-0.210550 
-0.068688 
-0.114415 
-0.541834 
0.169718 
-0.101441 
-0.093807 
-0.051536 
-0.581308 
-0.108436 
0.000326 
-0.216745 
-0.111093 
0.102120 
-0.102158 
-0.300850 
-0.135335 
0.715465 
-0.328059 
-0.260028 
0.218551 
0.513873 
0.334552 
-0.052738 
-0.160080 
0.094493 
-0.617921 
-0.199376 
-0.130653 
0.279102 
-0.086949 
-0.185597 
0.011503 
0.376936 
-0.013579 
-0.116494 
0.131278 
-0.150643 
-0.488599 
-0.453486 
-0.530620 
-0.702452 
0.020983 
0.383938 
-0.303771 
-0.218249 
-0.165683 
-0.029623 
-0.129107 
-0.181666 
-0.189339 
-0.337757 
-0.119068 
0.036461 
0.067784 
-0.007892 
0.435595 
0.233991 
-0.110685 
-0.290513 
-0.314328 
-0.171942 
-0.270906 
-0.835749 
-0.265439 
-0.149724 
-0.379004 
-0.165584 
0.131831 
-0.601538 
-0.304423 
-0.199364 
-0.127192 
-0.030312 
-0.211247 
-0.079015 
-0.104154 
-0.670040 
-0.743505 
0.242856 
0.070578 
-0.309911 
-0.049185 
-0.175901 
-0.221925 
-0.252811 
-0.078290 
0.526116 
-0.154277 
-0.043256 
-0.195190 
-0.179551 
-0.103065 
0.078917 
0.016695 
0.146708 
0.000482 
-0.180359 
-0.121543 
0.095662 
0.152974 
-0.048785 
-0.111660 
-0.086658 
-0.012728 
-0.154608 
0.121526 
0.077906 
0.169595 
-0.218272 
0.218988 
-0.072769 
-0.125925 
-0.075232 
-0.113400 
-0.127040 
-0.171994 
0.021025 
-0.116894 
-0.169680 
0.161088 
0.088783 
-0.184249 
0.013455 
-1.025229 
-0.026925 
-0.162396 
-0.294846 
-0.309265 
-0.081300 
-0.241815 
-0.082165 
-0.186439 
-0.110626 
0.225585 
-0.022821 
-0.084389 
0.230993 
0.047553 
-0.229251 
-0.185900 
-0.086236 
-0.081389 
-0.131258 
0.319372 
0.741596 
0.000223 
-0.283675 
-0.619055 
-0.287147 
0.222571 
0.396077 
-0.223651 
-0.315572 
0.096858 
0.575175 
-0.282621 
-0.137441 
0.043760 
0.284734 
0.335783 
-0.728638 
-0.026368 
-0.194890 
-0.287771 
0.002556 
-0.067451 
-0.020950 
0.230587 
-0.229231 
0.019597 
0.763084 
0.543656 
-0.048442 
-0.043482 
-0.483678 
-0.155185 
0.284729 
-0.144994 
-0.054272 
-0.288960 
-0.113599 
-0.313293 
-0.368022 
-0.144652 
0.030740 
-0.120998 
-0.219066 
-0.022039 
-0.104116 
-0.336451 
-0.066855 
0.362807 
0.571314 
-0.182259 
-0.066835 
-0.278260 
-0.101798 
0.353513 
0.331914 
-0.001202 
-0.587573 
0.002824 
0.153271 
-0.053519 
0.207617 
0.087339 
-0.114936 
-0.270235 
-0.050000 
0.012352 
-0.252783 
-0.172928 
-0.055878 
-0.145262 
-0.324656 
-0.129020 
-0.047003 
-0.081614 
-0.111242 
0.780459 
-0.157932 
-0.014615 
-0.172620 
-0.257090 
0.084775 
-0.499633 
0.135705 
0.347255 
-0.176614 
0.042554 
-0.510453 
-0.264701 
1.304462 
-0.028430 
-0.099388 
-0.153668 
-0.146425 
-0.142749 
-0.393527 
-0.273552 
-0.029612 
-0.294661 
-0.379935 
-0.130950 
-0.176542 
-0.192425 
-0.106036 
1.477190 
0.088317 
-0.047302 
-0.382848 
-0.684337 
-0.115991 
-0.194839 
-0.446048 
0.078855 
0.096797 
-0.508534 
-0.144945 
-0.311416 
-0.250375 
-0.676629 
-0.315894 
0.002241 
-0.344822 
-0.619171 
0.016608 
-0.252437 
-0.504377 
-0.290823 
0.246629 
-0.153973 
-0.188536 
-0.180523 
-0.297766 
0.103956 
0.446334 
-0.048710 
-0.399654 
-0.511939 
-0.312863 
0.074939 
0.164538 
0.343543 
-0.121834 
-0.615361 
-0.101551 
0.105738 
-0.134145 
-0.152083 
0.061204 
-0.211512 
-0.070838 
0.210825 
-0.117901 
-0.206444 
0.273259 
0.486374 
0.003219 
0.166738 
-0.311276 
0.193923 
-0.296971 
-0.183625 
0.182063 
-0.334623 
0.001903 
-0.391261 
0.007699 
-0.257687 
-0.394305 
-0.062003 
-0.102703 
0.109203 
-0.681879 
-0.461390 
0.250601 
0.445313 
0.396140 
0.273958 
-0.063130 
-0.079146 
0.208840 
-0.109459 
-0.049320 
-0.168726 
-1.025422 
-0.656089 
0.077923 
-0.070900 
0.154127 
-0.303977 
0.008414 
-0.281568 
-0.231312 
0.161734 
0.715337 
0.258418 
1.037085 
-0.170268 
0.001506 
0.160624 
0.047712 
-0.145314 
0.866046 
0.176328 
0.385962 
0.002073 
0.220837 
0.007833 
-0.463209 
-0.023187 
0.765086 
0.108922 
0.229695 
-0.632079 
0.008451 
-0.176365 
-0.024646 
-0.223588 
-0.015762 
0.241636 
-0.266596 
0.009968 
0.441700 
0.405367 
-0.204944 
-0.274750 
-0.291890 
0.173466 
0.127127 
0.118079 
0.063519 
-0.246703 
0.009104 
-0.136798 
-0.020453 
-0.074573 
-0.414693 
-0.111984 
0.075552 
-0.268325 
-0.142226 
-0.224409 
-0.222089 
0.098356 
0.020719 
0.405066 
-0.057698 
-0.102504 
-0.328801 
-0.144120 
-0.129906 
-0.295181 
-0.133610 
-0.330025 
0.067697 
0.665245 
0.241997 
-0.163680 
-0.209638 
0.923950 
0.076962 
-0.073433 
0.318399 
-0.329959 
0.150169 
-0.190378 
-0.184252 
-0.004932 
0.747184 
-0.367912 
0.087730 
-0.529552 
-0.206022 
0.051528 
-0.532096 
0.250676 
-0.085252 
-0.245108 
-0.231066 
-0.354316 
0.056745 
-0.219930 
-0.485078 
-0.196789 
0.152627 
-0.365399 
-0.559810 
-0.271215 
-0.074305 
-0.442200 
0.043349 
-0.281404 
-0.062073 
-0.107551 
-0.407363 
-0.028193 
-0.235999 
-0.197835 
0.006895 
0.757987 
0.213745 
-0.118418 
-0.121067 
-0.193538 
-0.617072 
-0.417655 
-0.115003 
-0.010146 
-0.371434 
-0.221252 
0.428895 
-0.114602 
-0.399059 
-0.599758 
0.095653 
0.004636 
-0.230493 
0.289252 
0.698011 
0.041276 
-0.317146 
-0.151206 
-0.208225 
0.203948 
-0.400909 
-0.034836 
-0.242330 
-0.130102 
-0.309881 
-0.006233 
-0.418677 
-0.226676 
0.070813 
0.067467 
-0.336451 
0.511718 
-0.212470 
-0.267013 
-0.375051 
-0.111422 
-0.521398 
-0.106169 
-0.038127 
0.193664 
0.001988 
-0.321978 
-0.127836 
0.073886 
-0.355352 
-0.318204 
-0.142903 
-0.324527 
0.042079 
-0.137322 
-0.201307 
-0.734956 
-0.108239 
0.163984 
-0.191154 
0.178677 
-0.535410 
-0.180576 
-0.125024 
-0.369348 
-0.169604 
-1.004497 
0.319861 
-0.471698 
-0.158708 
-0.296726 
0.090375 
-0.020224 
-0.135568 
0.654557 
-0.130323 
-0.508459 
-0.530639 
0.052493 
-0.445040 
-0.413401 
-0.146206 
-0.102268 
0.798132 
-0.047807 
0.252967 
0.347167 
-0.374220 
-0.180737 
-0.329270 
-0.181328 
-0.339682 
-0.113158 
-0.500653 
0.159968 
0.086223 
-0.378806 
0.198359 
0.055979 
0.828552 
0.764887 
-0.789490 
-0.143498 
0.418862 
0.692958 
1.159946 
-0.329112 
-0.260421 
-0.285080 
0.281133 
-0.252769 
-0.020124 
0.331935 
-0.227076 
-0.143459 
-0.034157 
-0.288125 
-0.247128 
-0.021693 
1.253779 
0.826356 
-0.054663 
-0.549611 
-0.875194 
-0.158121 
0.255900 
0.013202 
-0.048229 
-0.281830 
-0.020465 
0.047022 
-0.193234 
-0.102368 
0.077001 
-0.184879 
-0.338160 
-0.159685 
-0.039866 
-0.215814 
-0.037910 
-0.070554 
-0.300608 
-0.307141 
-0.177866 
-0.208884 
0.000737 
-0.251812 
-0.242698 
-0.476098 
-0.336679 
-0.164902 
-0.121224 
-0.051015 
-0.232301 
0.035877 
-0.224766 
0.052513 
0.002743 
-0.261818 
-0.550928 
-0.755696 
-0.052314 
-0.229752 
-0.046787 
-0.666214 
-0.741133 
0.558634 
-0.472892 
0.204813 
0.414367 
-0.119719 
-0.121313 
-0.078318 
0.072865 
0.030645 
0.184217 
0.009015 
-0.221480 
0.132180 
-0.183505 
-0.254312 
0.561914 
-0.192134 
-0.210145 
-0.280456 
-0.207739 
-0.464337 
-0.184866 
-0.039822 
0.459910 
0.156742 
-0.098940 
-0.091288 
-0.215590 
-0.268936 
-0.309625 
-0.291639 
-0.520084 
-0.020196 
-0.165055 
-0.182572 
-0.017844 
0.530199 
-0.456251 
-0.131022 
-0.244230 
-0.140733 
0.179881 
-0.154897 
-0.289905 
-0.028472 
-0.137784 
0.641680 
-0.104426 
1.291149 
0.507292 
-0.031563 
-0.117775 
-0.145200 
-0.060516 
0.128330 
-0.205274 
-0.254342 
0.002189 
-0.368135 
-0.122259 
-0.003236 
-0.713636 
-0.229557 
-0.125079 
-0.125292 
0.007723 
0.032872 
0.326746 
-0.093046 
-0.112833 
0.393848 
0.052861 
-0.033093 
0.187829 
0.543499 
1.191530 
-0.187433 
-0.513627 
-0.151141 
0.092204 
-1.007994 
-0.101093 
-0.182926 
-0.343220 
0.089969 
-0.120539 
0.000576 
-0.421875 
-0.344277 
0.184718 
0.348753 
0.652606 
0.009025 
0.051807 
-0.285053 
-0.310887 
-0.489239 
-0.248990 
-0.319758 
-0.135418 
-0.115051 
0.336540 
-0.193258 
-0.011392 
-0.246275 
-0.260984 
-0.156254 
0.425131 
0.509826 
-0.144963 
0.016668 
-0.190642 
-0.407930 
-0.320672 
-0.155956 
0.114621 
1.090557 
0.076692 
-0.117679 
0.005268 
0.003362 
0.341110 
0.447309 
0.465748 
1.255167 
1.184680 
0.123282 
-0.225159 
-0.522733 
-0.435285 
-0.072307 
0.127253 
0.077925 
-0.465152 
-0.017335 
-0.177723 
0.334147 
0.156198 
0.330606 
0.742252 
-0.479484 
-0.334632 
-0.079563 
0.427833 
-0.398062 
1.296902 
0.432534 
0.006517 
0.022200 
-0.108819 
0.110846 
-0.314881 
-0.096526 
-0.286999 
0.002783 
-0.166050 
-0.427310 
0.120728 
0.213089 
-0.163017 
0.042026 
0.109783 
-0.057032 
-0.250513 
-0.053087 
-0.066679 
-0.165779 
-0.252564 
-0.420974 
-0.070615 
-0.096244 
-0.158068 
-0.264829 
-0.259870 
-0.109734 
0.002243 
0.093823 
-0.048444 
-0.011446 
0.221420 
-0.217655 
-0.194777 
-0.022642 
0.027356 
0.271808 
-0.243489 
-0.155441 
0.013730 
0.062810 
0.424134 
0.759794 
-0.053240 
0.199942 
0.098406 
-0.802822 
-0.614736 
0.181786 
0.250859 
0.076046 
0.118696 
0.017008 
-0.196804 
-0.196913 
0.107389 
0.105303 
-0.069447 
-0.315524 
-0.415354 
-0.188877 
-0.097236 
-0.108175 
0.034215 
-0.237393 
-0.112165 
-0.228146 
-0.141327 
-0.228218 
-0.267370 
-0.235030 
-0.186100 
-0.070329 
-0.185536 
-0.124885 
-0.054277 
0.086347 
0.033932 
-0.299006 
0.104658 
-0.063108 
-0.035421 
0.030658 
-0.348058 
0.110929 
-0.211022 
-0.150612 
-0.085695 
-0.185958 
0.071582 
1.522638 
1.326356 
-0.046021 
0.127672 
0.053122 
-0.115422 
-0.203920 
-0.205553 
0.074061 
-0.504856 
-0.091256 
0.094349 
-0.086286 
-0.203653 
-0.539583 
-0.295095 
-0.251968 
-0.263018 
-0.229372 
0.106479 
-0.031455 
-0.129130 
0.280029 
-0.488106 
-0.236748 
-0.435665 
-0.405028 
-0.386006 
0.483480 
-0.165341 
-0.082229 
-0.457354 
0.029327 
-0.412573 
-0.278759 
0.432364 
-0.170935 
-0.138931 
-0.163253 
-0.437146 
-0.262250 
-0.411533 
-0.428816 
-0.326888 
0.016161 
0.076421 
0.141696 
0.521612 
-0.161434 
-0.083474 
-0.162640 
0.005307 
-0.198401 
-0.491551 
-0.874067 
1.370841 
-0.306270 
-0.169398 
-0.366095 
-0.478879 
0.125480 
-0.041889 
-0.341704 
-0.352376 
-0.549010 
-0.415971 
-0.209217 
-0.107857 
-0.392522 
-0.069519 
-0.115096 
-0.022548 
0.013163 
-0.076975 
-0.269088 
-0.233789 
0.203508 
-0.056622 
0.109326 
0.243763 
-0.154328 
-0.224394 
-0.174953 
-0.264194 
-0.047656 
-0.040589 
-0.119470 
-0.377206 
-0.365861 
-0.185355 
-0.127949 
-0.142631 
-0.262794 
0.186556 
0.274080 
-0.440306 
-0.476026 
0.225878 
0.233939 
0.046609 
-0.518383 
0.084444 
-0.099311 
0.082131 
-0.118740 
-0.084795 
-0.433361 
-0.382454 
-0.359025 
0.058071 
0.245443 
-0.082367 
-0.142910 
1.273819 
-0.638660 
-0.130280 
-0.246461 
-0.626532 
0.023724 
-0.103583 
-0.204359 
-0.152247 
-0.523107 
-0.061980 
-0.498871 
-0.258020 
0.046661 
-0.099126 
-0.115658 
-0.169805 
-0.086211 
-0.206128 
-0.151927 
-0.230118 
-0.123112 
-0.109584 
-0.220160 
0.148829 
-0.046821 
-0.579686 
-0.422129 
-0.383434 
-0.509853 
-0.307825 
-0.072075 
-0.081503 
0.823955 
0.070326 
0.222553 
-0.117080 
0.477290 
-0.059604 
-0.633915 
-0.127147 
0.619591 
0.203569 
0.107523 
0.007392 
-0.034740 
0.088288 
-0.090064 
-0.033750 
0.272939 
0.186812 
0.086075 
-0.528933 
-0.121037 
-0.110693 
-0.073525 
-0.129575 
-0.321398 
-0.109168 
0.183293 
0.322499 
0.364962 
-0.187393 
-0.110197 
-0.259150 
-0.200074 
0.044350 
0.257734 
0.126676 
-0.152154 
-0.019749 
-0.084270 
0.208601 
0.124914 
0.431299 
0.261707 
-0.211947 
-0.145649 
0.348734 
-0.069347 
-0.500253 
-0.439185 
-0.174573 
0.157449 
-0.117568 
-0.393295 
-0.210343 
-0.427985 
-0.859413 
0.202581 
-0.276066 
-0.330811 
-0.174678 
-0.246437 
-0.343894 
-0.542386 
-0.709795 
-0.562814 
0.023074 
-0.130689 
-0.104799 
-0.570259 
-0.171982 
-0.247939 
-0.303142 
-0.077326 
-0.172988 
-0.139764 
-0.510966 
0.333698 
-0.286383 
-0.003512 
-0.645487 
-0.189565 
-0.297856 
-0.158425 
0.087716 
0.226487 
1.628425 
-0.022214 
0.081147 
0.126580 
-0.218652 
-0.119536 
-0.322904 
-0.096237 
-0.015564 
-0.238031 
-0.020943 
-0.267497 
-0.221617 
-0.109638 
0.560969 
0.151613 
-0.142550 
0.021782 
-0.374136 
-0.233232 
-0.210813 
-0.364117 
0.133482 
-0.164296 
0.291811 
0.142622 
-0.993386 
-0.253558 
-0.331332 
0.156566 
-0.208823 
-0.067020 
-0.105671 
-0.091361 
-0.094692 
-0.002392 
-0.091537 
-0.426438 
-0.137237 
-0.371004 
-0.272074 
-0.619525 
-0.363248 
-0.152746 
0.320644 
-0.029099 
-0.137101 
-0.063930 
-0.158227 
-0.144188 
-0.145536 
0.099680 
-0.680165 
0.305973 
-0.148085 
-0.059178 
-0.360596 
-0.080068 
-0.167984 
0.564380 
0.237675 
-0.437749 
-0.348877 
-0.083996 
-0.179873 
0.344558 
0.502193 
1.154356 
0.201988 
-0.397309 
-0.776480 
-0.213186 
-0.020233 
-0.121751 
0.070801 
-0.279489 
-0.328954 
-0.226941 
-0.078781 
0.039253 
-0.101481 
0.402667 
-0.053278 
1.200575 
0.359067 
0.122449 
-0.076892 
-0.163881 
-0.280358 
-0.430505 
-0.274303 
-0.462984 
-0.230970 
-0.004198 
-0.035421 
-0.470393 
-0.160848 
-0.222576 
-0.294724 
-0.240776 
-0.132088 
-0.247951 
-0.063800 
-0.065576 
-0.023717 
0.037521 
1.105945 
0.271686 
-0.177980 
-0.303686 
-0.080891 
-0.354830 
0.554600 
-0.163678 
-0.080933 
-0.364451 
-0.048607 
-0.329781 
-0.109101 
-0.845326 
-0.027413 
-0.290079 
-0.447100 
-0.181213 
0.188108 
-0.238284 
-0.072895 
0.091035 
0.529165 
0.342925 
-0.222508 
-0.380966 
-0.206050 
-0.014604 
-0.253675 
-0.175656 
-0.186378 
-0.419089 
-0.183484 
-0.096419 
0.056501 
-0.120867 
-0.557942 
0.502348 
0.448820 
-0.126056 
-0.433730 
-0.064113 
0.023972 
-0.227799 
-0.056408 
1.241461 
0.401293 
0.050379 
0.073920 
-0.121808 
-0.383523 
-0.319975 
-0.246596 
0.326818 
0.398094 
-0.084670 
-0.018411 
0.297068 
0.881960 
-0.123044 
-0.057312 
-0.289486 
0.151127 
0.259794 
-0.080923 
0.088596 
0.154206 
-0.436679 
-0.235551 
-0.057323 
-0.077347 
-0.597667 
0.260862 
-0.003508 
0.000321 
-0.114662 
0.046919 
0.073437 
-0.578597 
0.072373 
0.971483 
-0.499674 
-0.131965 
-0.255737 
0.329892 
-0.153813 
-0.304798 
-0.239195 
-0.474510 
0.309738 
-0.091366 
0.021306 
0.186428 
0.190693 
-0.019334 
-0.141671 
-0.359214 
-0.280910 
-0.131551 
-0.132724 
-0.095909 
-0.064410 
-0.132909 
0.517201 
-0.002170 
0.727180 
-0.820857 
0.062799 
0.515429 
-0.321995 
-0.157795 
-0.153896 
-0.044143 
-0.264696 
0.083621 
-0.080726 
0.429738 
0.047437 
1.419542 
-0.026494 
-0.002027 
0.028930 
-0.128256 
0.071801 
-0.045976 
-0.669874 
-0.720965 
-0.357541 
-0.155310 
-0.056886 
0.117081 
-0.056440 
-0.207450 
-0.246860 
-0.226513 
-0.532746 
-0.844507 
-0.737050 
-0.318844 
-0.086313 
0.336931 
0.061168 
1.179239 
-0.108252 
-0.186336 
-0.007983 
0.030201 
-0.339774 
-0.287326 
-0.204665 
-0.197608 
-0.298845 
-0.364277 
0.119835 
0.099532 
0.116119 
-0.465039 
-0.070107 
-0.174001 
-0.176955 
-0.020126 
0.236187 
-0.177409 
-0.114470 
-0.179248 
0.393296 
-0.291424 
-0.324116 
-0.427036 
0.192678 
1.495185 
0.114303 
0.098740 
-0.103386 
-0.024854 
-0.574071 
-0.685264 
1.149176 
0.326108 
0.230637 
0.130994 
0.018294 
-0.371334 
1.525827 
-0.090579 
0.042711 
-0.296778 
-0.207396 
-0.380889 
0.242088 
0.307549 
-0.016726 
-0.006336 
-0.145834 
-0.244178 
0.019226 
-0.147843 
-0.032672 
0.075285 
-0.129447 
-0.252076 
-0.182778 
-0.419794 
-0.314859 
-0.173147 
-0.158629 
0.280811 
0.180361 
-0.267582 
-0.267158 
-0.371213 
-0.011051 
0.089230 
-0.005293 
0.252493 
-0.060342 
-0.324902 
-0.268855 
0.208173 
0.049075 
-0.318556 
-0.108868 
-0.147612 
-0.199183 
0.190180 
0.405846 
0.620320 
-0.968390 
-0.520128 
0.252588 
-0.266968 
-0.284227 
0.355144 
-0.213879 
-0.518845 
0.074707 
-0.131780 
-0.220500 
-0.417834 
-0.031177 
-0.228365 
1.643168 
0.230466 
-0.214001 
0.032158 
-0.107996 
-0.121808 
-0.127785 
0.102733 
-0.100721 
-0.022971 
0.239165 
-0.347919 
-0.254351 
-0.004399 
-0.189081 
0.113060 
-0.268117 
0.160964 
-0.333984 
-0.317844 
-0.216745 
-0.282642 
0.209686 
-0.198008 
-0.176151 
0.430992 
0.924132 
-0.141063 
-0.255689 
-0.448319 
-0.401325 
-0.772067 
0.118163 
-0.105737 
-0.331326 
-0.224093 
-0.007632 
0.245349 
0.644281 
0.172504 
-0.124416 
0.298541 
0.934702 
-0.223973 
0.052248 
-0.632402 
-0.134213 
0.006015 
-0.274848 
-0.184171 
-0.167327 
0.586520 
1.106558 
0.814248 
0.005897 
0.087628 
-0.000163 
-0.037898 
0.011270 
0.061058 
0.004834 
-0.298818 
-0.057733 
-0.162117 
0.179141 
-0.021265 
-0.069308 
-0.067213 
-0.084168 
-0.536327 
-0.411982 
-0.046208 
-1.049169 
-0.425969 
-0.100498 
-0.226176 
-0.883679 
0.039347 
0.736099 
0.133721 
0.095253 
0.120817 
-0.343291 
0.001873 
-0.090687 
0.430112 
0.029345 
-0.110118 
-0.155872 
-0.005656 
-0.179376 
-0.419207 
-0.131354 
-0.032486 
-0.226819 
-0.327595 
-0.299603 
-0.064027 
0.020750 
0.029520 
-0.076814 
-0.225545 
1.375929 
-0.035877 
-0.076983 
0.194972 
-0.171011 
0.224379 
1.106351 
-0.153806 
-0.138269 
0.014128 
-0.209910 
0.242671 
1.107694 
0.771375 
0.486768 
0.216721 
-0.141416 
-0.120059 
-0.009940 
-0.101116 
-0.189835 
-0.042864 
-0.104903 
-0.073948 
-0.074285 
-0.332199 
-0.126128 
-0.361363 
-0.190590 
-0.026845 
-0.143811 
0.009535 
0.307662 
-0.124487 
-0.050998 
-0.092839 
-0.482807 
-0.166246 
0.199765 
0.160084 
-0.941387 
-0.159769 
-0.138054 
0.034134 
-0.009841 
-0.312318 
-0.358239 
-0.258953 
0.144147 
-0.264643 
0.031009 
0.137613 
-0.074093 
-0.062763 
-0.277330 
-0.416772 
-0.177216 
-0.629838 
-0.215718 
-0.327935 
-0.206780 
-0.099043 
-0.198902 
-0.203826 
-0.091186 
0.022686 
-0.364198 
-0.333493 
-0.300999 
-0.343077 
-0.694939 
-0.269186 
-0.197940 
-0.354889 
-0.182666 
-0.309693 
-0.537947 
-0.120474 
-0.208576 
-0.238240 
0.194090 
0.132178 
-0.145003 
-0.674667 
-0.241886 
-0.691528 
-0.291599 
-0.138135 
-0.267856 
0.030916 
0.316405 
0.269915 
0.481529 
0.397010 
-0.339884 
-0.005234 
0.023037 
-0.140488 
0.532753 
0.331015 
0.853271 
0.384146 
-0.036490 
0.586466 
-0.215322 
-0.137346 
0.018821 
0.398192 
-0.027501 
1.411763 
-0.260912 
-0.083181 
-0.000320 
-0.606333 
-0.039454 
-0.194732 
-0.373749 
0.022151 
-0.189134 
-0.039406 
-0.391289 
-0.220797 
-0.149348 
-0.045920 
-0.047465 
-0.166521 
0.020743 
0.010499 
-0.059268 
-0.053212 
0.011758 
0.069601 
0.108926 
0.327287 
-0.192238 
-0.329312 
-0.183223 
-0.006128 
0.230322 
0.088648 
-0.053569 
0.254729 
-0.167812 
0.370512 
-0.005652 
0.056886 
0.001332 
-0.425285 
-0.170329 
0.121252 
-0.101322 
-0.327330 
-0.349670 
-0.028784 
0.060989 
-0.260455 
-0.047527 
0.777965 
-0.049330 
-0.007067 
-0.247370 
-0.293608 
0.024557 
0.366934 
-0.221645 
-0.194551 
-0.118999 
-0.006767 
-0.009228 
-0.056464 
-0.101230 
0.442611 
-0.168550 
0.131246 
-0.147189 
-0.089098 
-0.285400 
-0.188183 
0.021337 
0.183488 
0.070093 
-0.083187 
-0.077120 
0.450173 
0.385877 
-0.120260 
0.332260 
0.720276 
0.302367 
-0.286492 
-0.125231 
-0.185958 
-0.226608 
0.096473 
-0.068765 
-0.104607 
-0.016232 
-0.138272 
-0.155642 
-0.141050 
-0.325499 
0.081505 
0.625511 
-0.366219 
-0.294043 
-0.089834 
-0.076441 
-0.117688 
-0.153043 
0.017310 
-0.063533 
0.242973 
0.009143 
-0.089900 
-0.280240 
-0.105887 
-0.081756 
-0.121346 
-0.216229 
-0.215872 
0.070123 
-0.047519 
-0.297782 
-0.328234 
-0.307067 
-0.599558 
-0.364012 
-0.123176 
-0.092067 
-0.353282 
-0.120000 
-0.146212 
0.217048 
0.028226 
0.485215 
-0.134479 
-0.025670 
-0.160360 
-0.280882 
-0.382222 
-0.258495 
-0.674661 
-0.530587 
-0.293070 
-0.374933 
-0.120903 
0.382445 
0.275377 
-0.043773 
-0.435778 
-0.240300 
-0.034432 
-0.061786 
0.179795 
-0.280141 
-0.294487 
-0.571146 
-0.734796 
-0.026041 
0.500526 
0.161591 
0.086965 
-0.067421 
-0.138456 
-0.154748 
-0.391168 
-0.079398 
-0.339556 
-0.192700 
0.830226 
-0.169703 
-0.255123 
-0.193605 
-0.263900 
-0.243896 
-0.353270 
-0.157247 
-0.243975 
-0.063286 
0.217534 
-0.121721 
-0.078479 
-0.300748 
-0.130075 
-0.026344 
-0.337046 
-0.255059 
-0.054676 
0.025414 
0.818784 
0.008290 
0.180532 
-0.597468 
0.306849 
-0.160557 
-0.403336 
-0.132967 
0.284156 
-0.470666 
0.124736 
0.073723 
-0.111013 
-0.338411 
0.037537 
-0.130545 
-0.153409 
-0.156297 
-0.260742 
-0.047096 
-0.425150 
0.069216 
-0.141271 
-0.044050 
0.008498 
-0.345198 
0.273122 
0.371377 
-0.225659 
0.036403 
-0.015105 
-0.032039 
-0.010256 
-0.212080 
0.055458 
-0.190402 
-0.297078 
-0.180608 
-0.169808 
-0.033833 
0.104420 
-0.079192 
-0.124558 
-0.092389 
-0.121955 
-0.268477 
-0.376413 
-1.012963 
0.080043 
-0.018097 
1.231937 
1.346891 
0.553642 
-0.240059 
-0.215216 
-0.122423 
-0.294107 
-0.259285 
-0.031262 
-0.275163 
-0.153714 
-0.057987 
-0.310362 
-0.243528 
-0.142510 
-0.061228 
-0.129141 
0.106850 
-0.272734 
-0.064668 
0.180322 
-0.058408 
-0.096574 
-0.072170 
0.186100 
-0.240411 
-0.156381 
0.304925 
-0.131634 
0.287193 
-0.097099 
-0.097806 
-0.135302 
0.138173 
0.512964 
-0.204406 
0.222276 
-0.182537 
-0.111710 
-0.472768 
-0.154819 
-0.151825 
-0.066261 
0.809592 
-0.193823 
0.427689 
-0.350103 
-0.380586 
-0.380739 
-0.251838 
0.333648 
-0.138084 
-0.096629 
-0.132167 
-0.370675 
-0.197161 
-0.139143 
-0.185234 
-0.141242 
-0.288010 
-0.117608 
-0.212669 
-0.048074 
1.077231 
0.544759 
-0.124422 
-0.254734 
-0.266211 
-0.646889 
-0.042826 
-0.220061 
-0.555684 
0.492002 
0.001105 
0.019431 
-0.310599 
-0.031462 
-0.524330 
0.219341 
-0.039063 
0.000824 
-0.443534 
0.301847 
-0.215384 
0.132133 
-0.125460 
-0.093332 
-0.137670 
-0.054469 
-0.145060 
-0.127911 
-0.137969 
-0.128733 
-0.172112 
-0.108090 
-0.135547 
-0.270406 
0.017483 
-0.236948 
-0.079145 
0.054353 
0.090873 
-0.009625 
-0.213700 
-0.353506 
-0.126217 
-0.378268 
-0.170656 
-0.013261 
-0.313449 
-0.334066 
-0.202954 
-0.136091 
-0.098821 
-0.281030 
0.260356 
0.039022 
0.359763 
-0.058557 
-0.279861 
0.013242 
-0.220467 
-0.169465 
-0.176614 
-0.163678 
-0.099222 
-0.156803 
-0.114970 
