1972
1389
598
806
737
789
653
750
623
963
616
842
735
925
604
762
660
875
677
786
950
666
654
711
652
726
692
759
717
838
732
808
717
868
715
876
693
930
728
770
660
807
652
861
702
866
619
760
692
1550
737
758
732
808
712
1164
724
1178
701
1140
718
940
611
1014
630
890
1015
998
790
898
741
984
775
1042
790
765
807
1008
756
1302
740
1476
804
709
743
812
671
745
622
807
623
739
612
658
653
784
697
754
761
858
959
1492
727
3053
728
1435
837
947
797
873
660
863
641
744
686
782
709
842
629
736
640
708
916
737
700
833
696
862
726
716
663
782
817
657
676
820
676
951
611
840
646
858
654
857
675
758
675
807
768
762
1319
702
1746
763
609
797
618
884
703
776
670
766
688
786
662
836
643
799
665
854
848
963
829
699
938
803
738
722
859
877
704
710
699
752
691
1135
654
714
672
725
740
1069
817
872
518
734
550
782
563
793
574
784
575
1001
568
855
628
942
712
1212
766
1080
775
1074
727
1114
720
1011
556
889
552
1177
580
1028
584
948
612
1177
598
1129
726
1010
749
1052
785
1062
792
946
757
1215
772
1374
707
671
704
693
719
755
693
833
756
662
756
717
667
788
624
782
646
738
625
704
626
870
627
768
695
1385
697
1250
634
1016
545
893
574
1099
564
883
656
738
627
754
618
794
624
862
622
729
648
950
869
810
846
791
838
841
779
677
566
766
577
828
573
868
637
789
664
716
692
747
612
822
615
718
675
744
896
689
604
723
572
743
576
732
628
823
597
722
655
740
720
819
657
750
648
824
667
812
565
818
592
771
618
826
587
694
566
685
557
780
714
840
680
806
659
790
686
759
721
813
777
961
554
702
558
761
590
780
562
847
602
891
583
1071
703
1098
692
1103
678
1106
680
1063
712
1100
660
1068
579
830
565
835
560
845
617
868
604
862
612
1085
667
1076
688
1050
723
888
704
954
708
1094
787
1046
684
947
686
894
671
667
685
661
670
689
660
671
656
845
678
715
672
767
664
683
680
737
752
721
691
675
626
763
623
806
594
770
713
765
957
845
713
688
646
720
631
760
666
728
758
656
643
766
916
755
1947
1007
775
748
826
784
818
746
863
707
711
660
676
726
650
690
640
771
709
706
760
680
613
994
1048
762
777
906
756
783
1385
983
2014
820
864
602
1304
676
724
698
1033
723
651
675
724
716
1279
935
887
994
1710
804
3670
1462
1084
794
824
1226
747
708
804
712
796
738
775
796
783
858
780
784
760
714
802
764
1133
852
1133
1007
2484
1030
1004
865
662
768
733
931
859
978
886
890
712
798
728
942
747
1213
847
870
744
1197
951
1154
806
1366
628
1245
760
1017
710
956
716
949
817
897
813
916
1527
1007
734
770
1500
1010
887
843
963
817
947
822
864
737
683
706
736
690
780
744
753
636
785
578
613
721
1031
733
1846
702
794
687
764
646
848
748
801
668
729
866
883
792
1252
716
719
736
759
756
912
688
818
981
626
755
656
751
786
668
757
678
716
767
698
704
692
704
888
728
740
754
880
730
812
668
809
1131
732
925
678
633
719
727
679
983
708
981
901
634
603
625
630
592
718
639
742
613
628
665
525
705
587
766
617
765
588
694
639
923
594
763
681
724
773
682
740
680
705
794
558
716
635
788
612
961
606
1051
562
758
610
808
570
809
636
898
708
900
807
876
729
801
726
924
781
768
1008
820
598
1130
534
1067
536
1195
569
986
3475
841
562
905
929
982
1149
796
851
827
883
828
671
843
918
1022
4257
682
2675
1419
1993
1503
5143
562
2338
706
731
789
2532
774
1080
784
2150
760
920
749
916
811
1096
696
585
660
767
682
732
662
809
604
910
650
1245
635
830
671
781
712
763
708
668
814
2598
788
884
796
1713
736
794
779
1127
779
776
679
719
753
789
712
722
780
935
1002
1008
863
827
762
1416
691
794
752
759
743
986
724
834
750
741
846
1613
835
778
732
676
760
717
710
702
736
736
665
666
702
760
802
615
694
701
701
648
825
635
656
675
763
663
808
716
790
656
727
1576
782
800
816
662
1007
757
857
548
797
745
815
633
715
693
804
624
891
593
858
850
823
861
885
730
776
765
834
745
900
739
804
591
963
614
904
607
843
730
945
650
1103
616
1250
884
858
818
892
743
819
755
999
697
790
747
1156
2659
637
2181
903
1166
720
2228
594
858
623
596
694
732
712
674
748
684
728
695
644
698
684
631
660
1338
669
780
647
1115
667
1013
643
1148
766
1914
603
660
674
689
656
639
654
694
680
751
712
701
656
660
647
1164
652
1332
855
1252
763
739
734
943
825
677
730
704
848
831
812
900
735
713
888
708
709
713
706
756
734
739
771
684
800
721
769
740
1153
752
772
728
673
662
854
736
702
627
783
749
880
688
793
1056
730
824
855
669
695
2139
795
777
815
740
694
727
649
714
764
751
758
812
833
806
740
3800
795
1164
862
721
891
844
831
1428
833
996
909
812
794
827
725
717
853
752
814
761
906
887
811
609
869
629
816
1537
847
674
935
630
942
682
1143
767
804
836
722
921
780
872
978
780
858
686
820
2009
633
1841
679
952
675
855
881
1212
830
770
716
685
596
669
640
692
632
642
706
683
768
663
918
1189
715
1268
676
2644
619
1945
698
1937
681
687
613
644
714
659
730
730
696
787
4182
1035
840
657
676
1388
700
1937
710
1743
680
784
723
1138
825
4276
1326
769
723
854
726
849
708
776
878
934
756
926
678
664
759
1428
744
1180
726
1262
724
1532
760
2154
793
851
684
775
1209
762
804
772
852
689
816
664
852
893
682
1068
876
1223
771
1658
675
1160
830
2592
813
681
837
791
834
858
977
754
684
846
1369
848
847
1010
761
756
857
611
927
1091
911
4200
938
641
898
842
884
1004
1080
882
1051
835
741
836
852
843
856
704
883
626
907
883
924
1203
1051
740
903
760
1687
915
752
814
810
740
916
763
767
685
774
661
794
754
642
1050
657
1006
775
2477
776
1095
864
1987
781
989
866
689
667
785
707
665
728
641
656
676
739
1778
733
1188
787
1622
743
2249
663
1324
693
2312
681
676
746
631
830
637
631
660
738
652
662
649
722
5632
625
1040
624
1798
696
1651
718
1226
703
3188
941
658
692
669
670
646
672
707
710
822
786
828
804
1701
783
1239
747
1364
697
785
722
1417
697
1164
730
781
863
698
688
771
766
747
770
688
735
695
931
527
741
1574
693
940
760
830
823
963
789
932
926
909
696
784
756
791
1420
959
880
957
824
738
1080
810
793
1855
1129
661
911
1060
939
626
815
1276
945
737
746
795
716
841
643
836
746
780
765
783
808
932
1239
657
972
728
858
629
855
535
901
602
906
628
686
735
771
841
614
760
736
920
770
1115
830
2393
737
1268
731
1147
693
2372
737
1198
725
978
645
816
676
622
688
636
748
690
738
726
774
644
670
671
607
1118
635
3106
632
952
655
1112
666
1745
686
672
656
743
666
715
703
727
699
677
774
640
757
1255
681
1814
666
1041
746
2269
687
802
685
792
679
657
664
719
709
845
641
791
646
824
646
931
670
715
703
1060
660
764
665
864
768
821
631
981
706
883
826
672
676
832
647
952
655
677
702
764
795
5000
1245
1094
806
871
751
835
689
889
666
872
847
705
661
743
764
760
658
696
739
795
916
934
1152
697
834
732
867
714
861
1025
745
851
834
2454
893
919
741
759
814
764
717
668
669
668
784
696
1516
904
850
779
922
655
888
919
883
631
907
1428
806
836
700
856
711
830
800
917
730
787
779
701
892
1111
803
1047
693
991
655
1688
737
2611
727
1555
698
716
746
623
664
633
664
622
664
619
644
731
834
876
653
979
635
991
722
1228
799
2336
704
1341
694
660
715
880
658
677
742
715
677
892
673
871
636
653
657
994
793
862
761
902
770
976
789
819
710
1154
712
723
749
721
696
852
708
756
672
700
600
880
678
891
727
788
768
866
788
749
685
849
774
646
592
771
695
764
644
682
636
780
692
834
952
974
1050
974
725
928
718
1092
702
1966
767
1581
747
756
632
832
756
815
750
775
726
763
762
739
695
2004
733
1705
746
1967
801
1808
801
684
925
740
895
878
688
904
729
1077
675
896
958
885
654
1140
742
512
885
618
967
1893
888
987
946
670
986
1075
909
923
734
865
732
806
692
842
654
820
928
718
828
988
740
908
747
1210
729
1460
763
1213
710
1613
658
643
699
726
674
660
631
621
670
611
627
605
647
1084
715
2493
630
1664
688
2878
599
819
706
724
690
666
740
664
648
712
694
811
717
829
784
698
776
682
614
716
680
802
614
700
720
865
799
891
704
761
742
767
726
749
630
688
659
874
935
1451
679
765
694
916
753
2022
729
2503
712
2212
700
925
656
704
588
712
620
1187
767
888
602
856
626
1029
670
2864
762
1865
814
1060
711
2164
764
1040
715
1157
798
845
732
699
739
741
682
688
698
668
701
745
582
1625
783
1102
807
3417
941
1532
913
960
828
2696
889
929
682
1289
608
845
814
798
638
783
1072
754
666
732
890
989
935
797
988
1016
915
812
861
1700
1041
704
971
747
1822
853
994
737
884
724
670
703
758
773
631
929
769
858
677
1060
680
1001
848
832
782
756
642
646
658
614
648
617
641
700
662
734
672
916
808
869
689
740
649
956
882
872
617
1073
670
688
684
700
686
641
762
663
678
651
695
663
796
1394
662
762
660
2043
652
2400
655
1249
676
2124
662
736
658
709
658
752
650
697
740
692
686
683
690
2235
666
1508
700
853
695
1607
681
721
730
812
675
707
616
716
692
760
730
682
624
741
642
799
648
953
830
1132
686
1464
699
1669
721
916
749
1010
822
650
628
768
638
854
676
657
660
840
642
1039
766
852
783
991
758
1056
807
916
882
917
882
764
859
820
724
683
548
781
730
790
687
777
690
719
632
732
822
660
828
761
843
836
971
692
910
1562
954
655
671
649
672
757
688
688
735
731
680
675
598
5430
701
2171
665
1517
652
1863
642
1727
623
4684
627
793
714
664
656
699
650
1177
714
761
756
715
689
656
587
765
580
1373
625
815
699
1449
599
1437
639
685
686
728
720
742
698
678
734
679
755
671
686
1517
640
748
633
1713
719
1970
608
1636
643
2879
683
728
652
676
690
714
643
762
632
659
636
604
608
842
639
908
701
985
639
4444
707
1747
653
858
654
668
604
828
668
752
651
722
614
764
708
659
642
1804
762
830
707
1051
666
948
684
713
718
817
785
625
714
576
599
659
725
716
635
732
661
740
777
713
778
741
830
808
818
795
847
849
854
797
842
679
663
696
780
755
694
703
683
676
662
684
784
642
857
806
851
950
826
671
842
640
937
2340
937
687
764
741
742
746
722
743
734
735
573
679
738
1721
687
9819
683
1670
646
963
644
1084
753
938
616
726
700
678
651
644
688
700
682
698
652
709
648
1234
623
1069
638
1105
745
2354
554
1171
628
892
724
669
689
697
656
720
731
702
780
736
710
771
722
764
638
868
803
907
786
740
578
750
627
662
719
681
642
700
662
712
604
727
661
701
648
676
633
716
722
673
702
676
679
735
730
675
677
729
676
792
652
795
590
732
606
720
649
695
617
724
642
741
717
612
771
655
748
679
763
780
774
697
799
748
622
736
676
657
614
653
649
728
686
760
649
684
755
788
822
948
908
1331
861
2133
897
950
803
682
728
781
759
944
704
757
714
839
679
665
713
781
947
701
935
692
877
772
843
723
898
667
924
618
756
699
675
734
687
704
680
655
638
685
712
1348
1086
957
788
1496
717
1639
719
966
787
968
673
701
672
631
650
677
664
937
731
834
705
728
756
861
667
775
653
832
615
826
648
876
627
852
663
643
743
668
694
753
904
815
688
730
718
675
762
913
662
805
694
713
651
646
635
702
621
639
686
736
584
1605
659
647
671
726
648
720
816
808
714
613
674
646
637
631
670
644
667
651
707
710
765
847
630
777
588
805
634
804
652
895
632
856
717
605
702
593
692
602
698
558
781
546
851
541
791
682
564
641
620
663
643
650
627
703
713
744
694
549
757
575
841
573
817
588
809
579
835
545
858
684
695
949
712
1522
680
675
638
721
672
654
632
549
802
537
841
521
807
532
921
565
870
620
965
659
656
761
712
718
742
668
704
650
734
644
646
716
664
674
679
741
749
682
711
646
776
700
707
629
644
615
724
663
694
725
702
783
698
669
684
661
723
660
655
704
644
1228
683
1048
674
653
638
673
708
659
666
807
674
678
696
694
776
701
606
641
608
786
710
804
689
676
666
716
650
654
661
698
688
718
667
718
742
775
676
831
656
938
564
631
611
708
651
702
667
727
1459
695
646
724
741
843
606
740
615
1023
707
744
694
1684
726
1288
651
655
723
598
733
645
726
995
719
946
718
1103
785
940
681
696
700
799
760
778
704
734
708
885
606
759
826
844
763
640
849
676
762
817
798
739
815
760
690
771
687
757
720
902
690
1300
806
681
622
721
781
737
843
660
925
684
880
638
880
631
988
715
668
665
696
680
670
735
589
723
672
591
768
884
675
1220
683
1154
722
861
791
858
695
865
674
729
642
621
743
621
870
672
706
593
737
583
702
939
657
855
623
814
671
974
650
781
519
850
263
669
783
847
630
723
653
698
729
756
808
694
578
1395
375
1085
514
1548
645
806
686
719
634
695
620
903
644
776
701
1244
660
707
772
732
774
763
682
847
537
755
695
732
757
876
931
768
747
1364
687
808
1254
690
593
727
664
727
736
697
767
687
614
775
697
704
681
942
688
759
642
872
924
772
825
668
698
820
634
783
702
645
678
712
677
1042
704
657
875
792
829
713
769
652
834
790
832
761
979
677
664
848
634
736
601
653
708
558
622
844
555
685
834
639
685
797
824
675
814
764
911
662
854
704
608
693
608
625
630
629
582
532
827
641
632
805
649
1030
601
980
412
913
319
1279
287
1396
251
619
680
631
936
634
758
638
870
596
855
610
796
777
379
1149
475
1037
373
931
326
844
522
735
675
609
746
721
656
687
680
650
644
720
620
699
616
839
671
844
695
965
727
708
652
777
678
765
673
763
652
866
650
760
604
688
709
678
634
635
712
926
694
830
673
922
674
898
761
955
729
1173
751
700
712
604
667
716
650
819
692
677
826
800
667
898
826
682
734
757
658
731
793
689
749
708
823
727
690
744
556
632
576
644
768
632
579
623
633
687
673
796
782
794
779
835
799
615
810
662
758
728
693
693
677
655
730
675
688
636
638
684
652
614
761
789
874
652
845
765
808
683
801
599
954
689
677
716
683
729
649
772
570
731
546
560
616
836
433
1809
479
615
683
848
773
710
625
998
656
843
804
710
680
662
712
626
757
598
717
650
744
1102
580
1405
661
1351
694
5635
675
1466
719
1116
671
778
734
746
740
648
659
707
878
774
679
724
562
1619
658
3602
720
1228
694
756
643
673
670
1194
634
686
586
866
564
727
612
636
668
665
636
851
576
740
665
796
716
1207
734
823
685
668
723
759
745
628
573
639
620
798
759
732
642
759
789
664
647
688
740
663
753
939
737
655
659
736
753
1596
693
701
830
712
688
731
662
728
571
654
626
639
655
1142
745
2094
759
839
711
690
805
782
801
676
882
656
678
632
636
629
640
672
630
657
718
703
1589
3820
812
2460
816
1944
874
3387
1150
1049
989
671
913
619
608
601
680
720
573
676
672
689
766
595
635
750
670
5136
682
1387
721
730
677
1098
781
735
760
731
688
615
828
588
806
656
862
688
795
643
832
1226
566
874
309
950
264
295
716
1402
781
899
647
623
772
632
652
655
786
872
672
733
1020
785
778
856
690
979
695
815
717
817
697
706
661
668
651
685
771
689
638
749
694
696
715
715
842
564
646
791
730
716
741
1032
649
822
664
692
713
691
841
677
720
668
695
698
622
640
727
668
668
751
452
640
767
894
726
734
769
614
771
794
831
694
841
663
826
703
646
673
627
643
796
670
651
672
726
669
813
799
787
735
790
694
812
730
749
804
1086
768
659
642
657
674
640
622
645
631
741
631
689
778
943
716
831
706
959
690
1028
557
919
646
1079
672
624
737
490
691
587
616
616
589
702
648
626
830
545
735
477
978
708
1324
638
1100
656
1287
588
701
747
615
975
608
816
635
716
621
706
634
765
687
465
985
523
744
686
695
674
940
742
838
798
643
831
646
959
649
694
709
729
657
676
904
835
772
745
744
708
920
713
876
692
929
728
788
727
657
664
726
818
714
718
732
594
720
558
774
636
857
687
723
739
1077
689
986
693
971
675
968
844
954
686
726
1092
744
693
713
737
691
695
664
676
833
811
1261
851
1039
765
863
798
782
862
860
823
651
742
692
788
668
718
633
996
549
688
614
661
615
979
1105
907
773
868
951
811
832
952
820
922
653
633
644
638
591
606
648
548
589
622
644
705
956
861
721
880
825
884
972
931
780
862
730
984
641
594
635
622
650
588
634
578
664
596
689
612
2149
546
1380
259
3713
586
2272
648
6334
427
1569
563
608
801
552
750
624
880
667
752
619
672
617
686
1398
738
743
674
1471
654
2246
694
944
743
2786
695
645
648
648
617
648
747
650
608
695
834
677
676
639
690
924
753
1008
735
1248
737
1306
707
2929
732
643
624
716
581
722
646
692
584
592
721
696
612
1633
753
898
762
2189
803
1085
781
970
812
1005
892
700
656
691
688
726
1000
702
622
680
943
685
751
852
1032
1625
787
1470
752
982
871
4884
872
716
887
670
866
726
904
661
754
662
696
556
647
541
670
695
907
1488
865
875
892
898
865
1152
927
920
833
664
1170
668
630
604
635
619
618
636
674
632
912
642
847
724
870
520
1023
521
1018
614
986
477
1127
663
570
612
594
631
606
636
612
648
650
654
578
763
786
748
838
1070
789
686
749
647
746
805
737
622
796
595
762
612
1233
612
964
645
668
659
846
702
737
765
747
697
797
736
836
1030
848
1177
817
611
783
693
604
632
784
716
695
694
640
614
890
1014
888
805
703
1251
877
992
742
906
697
1427
732
704
766
801
874
652
962
719
665
700
808
677
658
701
739
759
700
1044
722
840
889
1123
743
816
1150
667
600
775
684
684
748
639
1118
641
708
612
701
816
983
1202
839
798
842
699
843
937
839
1121
793
631
719
638
792
696
1078
775
733
577
626
634
619
793
957
733
973
767
889
743
842
722
906
973
1149
652
640
673
618
664
674
740
577
671
570
772
568
802
863
857
879
379
967
406
915
383
1099
498
2177
617
618
648
604
627
626
587
603
600
632
713
595
764
766
800
714
749
748
775
769
774
771
791
778
614
706
633
799
623
982
746
840
640
729
702
788
672
758
742
813
654
759
705
715
835
730
819
770
660
638
701
676
801
656
740
816
684
805
712
994
1107
763
887
770
725
718
837
692
742
661
939
653
737
867
764
776
636
894
699
730
726
1266
733
688
849
735
727
779
805
777
775
898
923
880
901
1180
784
667
1018
827
701
798
719
788
613
718
650
706
689
885
726
873
743
795
771
886
747
893
739
916
697
760
804
675
656
542
658
830
620
674
568
622
693
962
706
907
700
866
761
861
735
965
773
1022
533
590
655
560
696
676
636
613
803
678
592
1028
984
965
847
929
1300
891
2016
905
813
893
778
1008
644
568
664
580
759
722
698
878
692
610
713
606
1102
867
883
826
785
791
781
797
1135
844
821
818
679
1098
623
854
659
770
709
790
696
695
669
1372
676
718
815
737
883
692
756
710
800
684
649
706
766
641
739
1108
733
784
682
690
675
838
672
648
965
705
825
717
880
729
777
802
870
738
769
810
697
741
748
808
728
624
809
916
703
576
662
688
696
808
693
843
905
711
1069
815
922
686
817
811
633
628
696
678
725
866
718
676
612
773
666
784
677
787
795
839
772
776
676
815
765
922
994
814
641
1272
676
730
643
744
656
819
732
678
657
646
672
732
824
961
723
838
793
846
793
931
864
867
683
594
776
671
637
610
638
783
737
648
769
668
1115
869
895
872
881
877
820
930
809
1079
850
1235
695
672
807
628
801
652
775
666
728
564
698
634
1031
744
1083
712
745
708
767
734
654
709
753
795
672
928
691
1026
650
752
668
768
991
775
913
1778
809
749
726
709
845
765
815
748
799
742
830
698
736
826
654
820
688
812
702
1232
1197
824
738
730
731
723
905
779
991
755
731
729
784
753
819
747
708
724
881
825
710
1074
752
713
706
982
965
823
954
769
759
803
905
855
913
815
777
869
798
825
828
764
653
543
675
662
679
748
674
968
676
570
821
819
929
883
965
847
885
802
775
859
763
853
717
794
751
746
657
742
619
636
634
690
620
602
1390
782
1764
788
1243
800
1883
754
1003
737
1941
773
652
600
646
671
609
672
659
687
645
654
664
620
685
817
700
885
667
969
740
963
817
979
831
1101
662
634
667
624
891
680
617
716
781
650
708
564
1117
774
758
767
696
775
856
734
715
685
719
762
721
860
888
780
818
712
760
702
1583
822
906
730
664
682
718
709
1319
742
741
741
1071
717
877
727
812
880
1031
606
715
590
871
624
702
534
890
620
882
771
1067
779
791
807
821
728
829
831
793
737
677
605
684
591
706
616
648
560
700
604
815
607
759
735
771
700
800
805
828
775
988
840
936
857
655
598
633
632
988
620
778
643
715
606
703
620
868
705
742
834
685
798
647
782
745
794
729
769
704
588
650
624
654
605
629
593
661
628
629
574
839
787
795
794
786
833
890
809
838
790
769
849
661
556
728
638
721
530
715
622
642
582
609
648
1210
818
707
851
843
937
801
883
749
1010
683
958
631
582
604
586
648
656
603
628
619
602
645
586
730
753
807
741
846
695
799
674
789
657
1037
673
641
680
609
676
676
671
651
614
639
681
686
574
953
733
832
715
783
783
733
704
787
691
792
761
660
614
668
614
728
622
782
646
664
616
693
587
775
726
823
763
875
724
890
679
897
953
823
761
754
660
1471
628
705
540
708
495
670
574
708
530
675
845
961
831
1207
864
795
894
851
730
744
774
674
608
700
602
705
598
792
542
689
544
648
654
681
867
694
798
718
741
741
772
825
810
781
841
672
602
657
634
684
657
682
624
635
578
612
578
643
793
697
871
734
745
880
796
733
817
675
821
634
559
720
604
686
592
661
620
658
622
668
567
722
853
1046
993
671
840
781
954
757
1179
697
1250
710
626
734
664
1659
620
1017
572
669
556
664
530
882
688
833
829
688
737
780
698
749
916
773
747
654
690
1082
626
632
624
646
642
667
611
727
563
672
805
786
642
731
801
985
699
827
654
907
681
773
618
682
605
645
594
706
638
806
668
816
607
1024
673
815
749
818
815
813
799
1021
770
928
770
655
587
676
666
694
596
649
571
716
527
1017
774
946
821
1043
904
1045
837
1650
1033
1515
815
854
770
872
604
746
623
669
590
701
652
1136
608
767
588
822
785
1633
818
2670
766
1042
837
854
859
845
789
692
606
622
650
720
602
1127
578
875
651
680
668
647
797
873
798
795
839
1343
753
737
783
832
836
714
596
734
606
639
632
687
582
707
568
849
604
729
973
781
889
702
818
841
937
795
1046
695
1180
674
596
656
581
644
588
737
605
627
568
659
532
1979
670
905
511
833
655
793
737
899
694
845
693
621
623
1380
644
688
638
684
605
680
606
933
588
1136
1033
1859
670
1143
746
925
714
861
613
739
663
646
600
800
554
656
605
692
652
799
588
708
564
741
647
823
798
1097
811
977
804
893
807
731
765
734
588
616
586
615
553
618
543
718
554
790
570
993
877
818
871
981
847
922
821
2445
858
934
798
656
578
655
592
658
630
617
630
656
587
607
573
698
802
1967
786
803
744
1200
735
850
806
941
754
621
580
708
616
621
597
588
594
531
578
662
563
895
638
1890
805
1173
757
1183
805
1445
860
830
715
641
575
707
554
661
582
1051
578
640
554
656
555
603
832
680
801
753
839
3513
1008
2867
1013
1521
1155
748
544
625
516
691
564
783
626
640
590
652
628
733
959
943
749
1385
726
1429
664
2162
630
1889
690
635
598
619
574
678
591
600
646
763
620
673
602
875
746
1321
607
1237
714
3411
741
1039
709
1109
735
704
528
878
596
615
582
658
627
947
607
639
610
1476
677
1648
774
1508
918
2287
768
1093
928
1581
963
666
600
1459
624
933
572
752
588
803
588
614
572
933
821
852
796
745
779
1013
877
927
767
745
735
674
610
885
628
1096
628
641
630
616
566
699
600
1063
729
1152
782
689
767
1519
778
1381
763
882
770
623
622
737
634
708
623
693
600
566
588
560
526
477
653
759
681
939
731
1019
715
966
735
1311
725
645
618
587
561
709
572
598
542
706
520
702
584
1059
823
892
935
1207
1133
1381
879
891
1028
1294
1805
706
590
731
592
713
606
764
582
740
568
677
670
723
911
1540
831
2335
745
577
739
1207
662
1405
639
616
555
696
588
668
575
758
568
590
559
759
608
2510
662
4981
741
1929
770
1746
717
5004
714
1344
757
669
587
821
605
631
594
741
588
861
587
695
594
5134
747
1205
765
1359
794
1082
797
1395
854
995
975
743
653
734
634
1324
554
882
631
644
600
672
662
1749
718
1221
722
1065
761
1543
886
3071
838
1220
825
699
616
708
625
840
688
613
646
688
601
610
564
611
766
937
799
1459
684
1502
741
1237
833
3215
795
711
633
716
632
691
600
667
590
678
632
664
600
841
851
1689
831
1286
753
1220
785
1343
861
1475
1274
649
593
656
544
747
571
915
545
682
513
630
566
7735
816
740
868
2233
897
1340
958
1451
874
912
982
679
564
645
597
730
605
709
624
725
617
756
784
7708
799
1230
754
1327
762
2554
771
907
675
1151
655
726
604
648
589
919
559
712
624
1014
612
632
588
1123
645
1422
699
686
718
661
737
1035
739
808
776
771
632
684
627
711
702
714
660
628
654
641
626
1509
742
672
725
841
826
731
752
705
736
958
745
680
610
824
606
840
570
686
598
665
606
679
644
1838
682
942
762
2013
754
917
809
1205
810
994
908
1037
646
631
611
730
695
1286
630
796
579
702
658
1467
789
1510
1287
927
697
1381
831
877
804
1391
799
749
536
1014
674
715
627
759
618
740
647
700
570
843
780
1289
746
3956
1001
1201
831
636
759
669
794
656
600
666
616
712
627
728
550
712
612
692
586
565
770
1279
738
1597
786
1918
913
1238
1043
1078
1165
770
615
801
599
1492
646
673
652
681
602
691
742
1955
858
1363
719
691
756
2190
758
763
792
933
730
595
602
632
581
1119
586
603
542
610
588
728
646
1271
706
678
703
821
729
1324
847
2462
812
2026
793
1053
588
751
720
738
641
637
604
712
673
778
626
2203
681
1194
679
1197
707
1121
761
1025
754
1137
781
896
618
788
616
710
581
879
590
652
600
748
620
1217
791
710
833
2174
735
740
745
828
751
1684
698
749
586
660
602
637
608
816
621
660
594
693
576
661
738
1073
774
1690
756
2173
770
1134
748
1382
769
718
602
857
660
735
604
625
558
679
610
775
576
785
759
2924
850
1310
883
1991
801
1089
777
1155
906
656
684
765
582
806
621
745
604
781
570
956
592
1058
765
1747
747
825
879
1749
885
2003
912
2000
998
679
652
725
630
723
598
714
655
549
691
1215
583
2580
729
2383
911
967
745
1305
803
3209
814
1603
761
583
614
1991
584
642
606
652
608
764
616
1350
660
1959
755
1773
757
667
701
2575
759
1228
736
3655
746
985
602
597
647
755
606
724
632
721
644
623
609
715
717
750
665
1895
603
1538
660
904
676
3028
752
656
650
948
626
861
608
686
523
970
492
1205
521
649
802
674
789
4013
759
2091
723
1616
795
2895
685
1088
627
674
592
739
602
676
639
658
611
734
626
667
739
1073
842
807
788
1273
780
1919
790
1971
735
661
626
732
688
621
601
648
600
704
574
684
636
1375
799
1165
762
1525
1040
1535
899
2965
922
943
881
680
654
776
710
671
647
665
687
719
628
660
616
1121
845
1321
875
841
816
714
969
1090
1029
3423
933
730
611
747
672
717
623
960
707
652
624
699
643
667
753
1423
767
1042
818
897
762
2289
863
1686
787
581
593
772
594
723
632
601
618
803
621
701
646
1021
806
1682
735
837
743
849
785
1469
766
3325
802
931
800
963
746
688
632
681
574
646
656
636
634
911
669
663
605
1695
615
896
721
2497
614
1669
563
639
630
777
678
557
683
740
576
658
586
774
574
1449
698
1973
698
1218
689
797
751
1056
696
950
636
1068
612
750
595
809
646
697
618
983
639
604
584
627
671
1027
838
2358
775
1275
754
1300
958
1135
806
1140
704
2026
604
735
616
681
630
684
604
788
606
1353
750
2947
785
4207
841
771
909
1242
877
1111
959
748
657
628
676
636
684
748
672
688
701
648
688
1500
801
1247
877
829
921
1225
918
1729
978
1142
773
621
490
548
592
592
686
764
778
