1311
1038
948
952
1100
982
1063
1102
1155
935
1380
1077
1218
2041
608
938
908
1016
1022
887
1180
821
1045
893
924
929
1142
1085
1083
1009
1436
1145
1023
1172
1042
1255
1072
1052
972
883
913
1023
1065
970
1299
919
903
816
1129
947
1102
1140
879
1188
962
1193
933
1279
1432
1250
1187
1301
988
898
1127
1031
1161
1027
1303
1141
1347
1508
1331
1617
884
1111
939
1109
1050
1094
842
1223
1076
1016
1098
1041
882
952
769
1129
1016
1108
930
1113
912
1145
970
1116
1046
924
1076
891
1073
1011
1012
1018
1199
928
1553
956
1083
1168
1032
969
1049
1028
1190
957
1214
996
1217
1414
1565
951
1086
907
1159
899
1058
1029
1075
891
1089
999
1218
849
1488
1220
1122
1088
1214
1164
1375
1231
1290
1371
694
943
1108
900
1502
1041
1272
924
1092
940
1030
1077
1154
1151
1212
1087
1763
1020
1382
1250
1455
996
1430
1168
1146
1106
1076
963
1045
931
1012
886
1030
1073
786
901
1208
1077
1162
2080
1145
1137
1119
1079
1015
1769
1083
976
830
889
711
881
737
825
828
990
768
962
832
925
1092
1201
1010
1239
1046
1004
1034
1209
1123
1173
1408
1349
737
952
743
1179
697
1069
707
943
759
835
776
1234
1084
1322
1721
1756
1238
1927
1596
1084
1278
1910
2069
2004
644
953
726
1105
782
1295
777
1099
801
1114
849
1049
911
1308
958
1232
1086
1067
1002
1369
898
1060
1031
1079
787
1106
770
1165
847
998
824
1108
800
1115
803
968
1110
1176
1140
1438
1062
1079
1086
1113
1213
958
1373
1947
1382
913
652
991
554
946
1441
980
807
903
890
1131
1230
1063
1440
1223
1138
1052
1337
1192
1286
1210
1306
1847
1114
954
1258
1002
1021
999
995
995
909
1032
1311
1005
1126
1945
1223
1416
1414
1690
1445
940
1088
1688
1234
1692
1125
1043
1046
952
926
935
962
963
957
951
927
893
1054
1506
1610
1053
1269
1928
1378
1056
1150
1231
1246
1617
851
951
940
852
901
809
900
966
886
922
887
1053
2798
1217
1124
1868
1037
1089
1187
1073
1091
1280
1202
1090
890
1053
848
1149
862
1142
842
1001
876
748
900
1090
1041
1359
1466
1399
1114
1525
1172
1115
1638
1292
1612
1515
665
1352
689
1211
764
1056
791
912
807
979
825
904
924
909
882
904
996
968
957
929
1046
893
1028
974
825
887
830
1038
831
981
843
967
875
974
814
1088
1126
926
1090
991
1058
954
1165
951
1368
856
973
1121
941
949
1139
931
1267
929
1167
1007
1036
941
1134
1073
1080
910
1117
924
1009
920
1335
990
1220
996
1300
1012
1153
1038
1274
962
1155
1025
1147
1068
1318
1036
1432
982
1232
1092
4120
1032
1205
1002
1676
994
1092
918
1328
990
1493
975
1409
1082
1433
896
1492
978
982
886
1042
1007
1528
928
1610
1070
2388
1214
2186
918
1502
1000
2084
1062
1052
855
1037
911
1212
859
1171
958
1346
1039
1106
898
1098
1094
1124
1128
1450
1181
2688
1106
1142
1073
1324
1066
999
1095
1161
1093
984
1283
1032
1064
1111
1037
1002
1016
1236
1378
2380
1162
1429
1318
1656
1182
1262
1357
6378
2004
777
923
1019
958
1055
1033
973
1061
999
1018
1018
946
998
990
983
928
1046
944
1136
914
1661
884
840
916
1061
966
1110
1050
916
973
709
959
1002
935
1257
996
995
1187
1600
1059
6884
1061
2176
1207
1390
1322
1332
1082
1057
1071
948
925
1063
949
1031
965
1196
954
1150
986
1244
1022
1172
878
1516
864
1260
882
2656
1040
2400
1089
1356
1025
1212
977
1166
889
1023
946
1081
1049
1201
1115
2088
971
1072
929
1159
957
1442
996
1606
894
1033
909
1129
949
1151
1009
1107
914
1070
949
1145
974
1032
893
1691
917
1312
882
1299
918
2177
1038
1642
981
1605
1134
1019
907
988
990
1031
906
1091
805
1009
907
1142
946
1593
1196
1169
1294
1026
1106
1090
1066
1081
1016
1804
1081
1188
1006
1292
1085
1146
1110
1276
924
1185
988
1077
1087
1285
1154
2061
1188
1402
1192
1750
1054
994
1330
2248
2016
1329
961
1330
1157
1196
1484
1351
1026
1482
1065
1399
1006
4442
983
1762
1016
6420
948
1682
932
1820
1049
1812
1020
765
1026
1041
1035
1172
977
1140
967
1160
1007
1276
974
1049
1004
1060
998
1073
1002
1082
1080
7056
1097
2089
1236
1283
1051
1132
1017
1318
1167
1103
925
1267
1045
1077
1018
1330
1016
3346
1083
2288
1177
1509
876
8373
1008
1996
1132
1099
1027
1231
1046
1253
1089
1343
1035
1431
1045
1588
1197
2039
1042
2032
1126
1586
1234
1783
954
1288
1044
1734
1074
1466
995
1262
1079
1434
823
1367
951
1609
1121
1569
1092
1454
1038
1268
998
4870
1014
1650
990
1010
1153
1411
1274
1267
993
1798
930
1282
975
1080
879
1157
998
1115
969
2094
1106
1256
1143
996
1042
986
1156
970
1390
880
1046
1147
1180
1180
1037
1575
1053
1423
899
2508
1175
1053
1234
1242
1167
1348
1394
963
1157
1036
1378
1091
1342
1048
1610
1504
1031
1557
1071
1352
966
1210
997
1049
981
993
1113
1278
1272
902
1309
1716
1162
1120
974
1162
1142
1282
1102
1256
975
1099
1006
1329
1079
1268
994
1387
1022
1481
926
1068
1119
1176
1070
1033
948
1116
986
1483
1082
1039
988
955
985
1206
980
1081
990
1265
1078
1301
1036
1154
1131
1138
892
1080
998
1150
846
1606
870
1262
1236
1159
1118
1192
959
1511
1082
1585
1093
1727
1166
1509
989
1376
1162
1135
920
1213
936
1056
1062
1148
930
1127
1548
1256
1144
1368
1033
1274
935
1239
1061
1308
924
1583
1079
1372
946
1052
1062
1358
968
1149
1033
1198
1055
1268
1030
1284
1139
2008
1033
1632
1123
1284
1183
1324
1187
1871
980
1801
1154
1394
1188
1100
1090
1068
1280
1056
1082
1046
1240
1298
1300
1393
1222
1137
946
1212
913
1215
889
1149
954
1002
1410
1062
1138
1057
1128
1190
1240
1134
1354
1304
1664
1259
1671
907
991
1236
1050
1085
983
1063
1059
1218
1213
1130
966
962
1507
962
1334
968
1176
960
1206
982
1768
1119
3810
1174
1077
1249
1185
1463
915
1175
1057
1364
933
1136
976
934
1180
1149
1192
1121
1132
1259
4158
1663
1042
1096
980
1327
985
1436
1087
1324
1007
1261
1132
1913
1137
3367
1181
1137
948
1194
1060
1176
847
1256
1030
1200
1030
1392
1111
1374
974
1844
1018
2462
1063
2661
1087
1641
975
2423
1138
1350
1064
1225
1542
1478
1430
1284
2184
1134
1396
1014
1294
1916
1058
1534
1117
1758
905
1569
955
1452
1039
2814
941
1120
1432
1244
2338
1216
1679
1256
975
1138
1694
1082
1208
1228
1025
1388
1017
1216
1067
1342
1037
3025
1100
1139
1129
1093
1296
1522
1973
1306
1564
1298
1242
1100
1471
1028
1432
1279
1158
1263
1197
1732
911
2564
918
1907
1241
1274
1611
1171
1270
1267
1474
1334
3155
1143
1580
1258
1595
1368
1968
940
949
1253
1062
1476
1056
1516
1077
1615
1481
1479
1069
1919
1812
927
1234
1202
3203
1030
1754
937
1752
1100
2570
1292
997
1247
1394
1356
992
1619
1118
1607
1115
2145
1098
1030
1308
1068
2030
1128
1021
976
1284
1024
1602
1007
1287
1641
1014
1244
961
1649
1021
1315
1044
1434
1038
2366
1521
1000
1016
1061
1162
1092
1355
1212
1575
1578
1256
1434
1976
1357
1011
1393
1109
1494
1122
1372
1056
1361
1059
2991
1161
1400
2036
1268
951
1550
1480
1297
1590
1219
1280
1215
1656
1352
1134
3100
1092
1686
1043
1404
1037
1621
1150
1761
1007
1338
1054
1142
1262
1241
2288
1303
1574
2282
1404
1144
1582
1437
1033
2379
1114
1472
1010
1650
1137
1349
1022
1460
1125
1146
1358
1528
1374
1414
1134
1314
1480
1034
1214
1156
1623
1380
1246
1199
1095
1343
1006
1107
827
1070
1120
1151
1181
980
1378
1082
1122
1000
1156
1044
1160
1291
1294
1458
1962
1345
1174
1257
1063
1092
994
1433
1099
1151
1157
1192
997
1119
1352
958
1150
887
1190
1310
1929
1497
1494
1072
1286
968
957
1195
1041
1776
954
1126
982
1312
1019
1499
995
998
1090
1138
1068
1166
1074
1158
1058
1086
1047
1108
1519
1250
956
1760
1015
1393
1097
1571
1038
1361
995
1338
959
1153
1127
1088
1080
1186
1008
1288
1040
1740
1030
1416
972
1255
972
1413
1015
1471
1003
1716
989
1777
975
4273
993
2198
1417
1465
1135
1630
1052
4190
861
1236
1050
1266
1268
7262
1174
1523
951
1516
955
1184
1037
1350
995
1843
1025
1270
1175
1140
1160
1568
946
1192
1194
1479
1427
1461
1618
1156
1135
1363
951
1756
1011
1777
1062
2281
983
1900
1082
1417
1112
1288
1423
1126
1140
1079
1089
1102
1187
1058
1651
1680
1007
1507
1261
1145
1074
1306
934
1551
1097
1235
1242
1078
1192
1046
1110
1026
1148
1301
1140
3752
1206
3224
1418
1097
1191
1018
1044
1303
962
1371
1142
1405
1095
1272
1033
1708
1301
1142
1110
1397
1164
1396
984
982
1005
1524
1476
1072
951
1233
976
1244
999
1374
1013
2022
1053
1207
1000
1433
1174
2032
1026
1392
1205
1084
1017
2186
1034
2914
948
1063
919
1143
1070
1378
1043
2017
1111
1463
1158
1049
1038
4080
1304
1715
1277
1276
1601
2062
1082
2144
1008
1318
1008
1484
1019
1499
1027
1174
1087
1465
999
1163
977
1223
971
1509
878
2052
1006
1652
935
1339
926
1670
952
3286
1952
1213
1201
1234
1126
1416
990
1569
1079
1450
1052
1408
1131
2446
1086
1644
1074
2077
1061
1435
1165
1860
1248
1643
1266
1293
1004
1352
949
1585
1193
1479
1074
1252
996
1081
1111
1552
1234
1601
1198
1423
1038
2082
1780
2232
996
1682
1028
1005
1101
1297
1257
1924
1063
1196
951
937
1210
1135
1583
2519
978
3570
1014
1627
1112
2358
998
1898
1284
5196
1349
1091
1186
1046
1041
1245
1041
1352
1087
1320
1083
1274
1060
1088
1451
1863
1036
1028
994
879
1083
938
960
994
1136
1243
1050
1515
1034
1152
1023
1730
925
1147
962
1060
934
1118
1318
1150
1022
1354
1038
5630
1262
4052
1441
1310
1446
988
963
970
995
1123
865
1129
1017
1491
1119
1105
1027
2264
1805
2195
2004
1776
978
1608
1298
2574
2127
12580
1542
976
907
1047
1039
1283
1031
1353
1085
1166
1022
1293
922
1480
920
2186
1052
4754
1327
2350
771
1768
916
5246
1556
2020
1135
1751
1015
1465
934
1933
896
1427
928
1787
998
2816
1994
1640
1144
1794
1064
1946
1122
1164
1452
1866
989
2506
893
1595
929
1867
1098
1511
981
1196
1001
2071
1038
2124
1319
6160
1528
2822
1525
2351
1403
1701
3560
1910
1172
1055
1154
1554
1124
1239
1604
1513
942
1261
1057
2063
1358
1392
1481
1746
6291
4444
1819
2408
3112
1358
1468
1708
2668
888
1021
1122
1067
1281
1161
1495
1090
1324
1249
1288
1166
1047
1011
989
1122
842
1206
1510
2831
2264
1072
1602
977
1316
1311
1509
1039
1142
1006
1100
1074
1145
1019
1175
936
1501
923
1426
976
1164
1113
2360
1020
1238
1039
1254
1357
1325
1071
1041
926
2496
945
1162
875
1142
995
1072
995
1302
998
1493
926
2599
958
1349
1034
1377
1362
2788
1349
1208
1010
1183
931
1493
928
1311
907
1088
954
1057
902
1784
1082
1550
1082
2251
1131
1509
890
1392
826
1936
1065
1258
1095
1193
1019
1297
963
1503
935
1600
898
1771
959
1243
1111
1455
1168
1705
1126
1386
1023
1466
1144
1789
1104
1482
942
1619
998
1566
1250
1197
1019
1322
940
1055
1066
3456
1108
1608
988
1756
1094
2356
1023
1546
1044
1851
1091
1079
1065
1210
1225
1086
1152
1193
1061
1412
1148
2532
1596
1249
954
1453
1230
1830
1556
1682
1118
2065
1182
1694
1416
1511
1085
1246
969
1237
1005
1298
1045
1176
1035
2215
1138
1378
1265
1232
949
1162
944
4496
1250
1756
1090
1464
1044
953
963
1102
970
1169
1010
1038
1085
1051
991
1260
1015
2338
1036
1583
932
1460
950
1711
930
1214
1027
1064
934
1276
1017
1097
1000
1108
1074
1223
991
1385
909
1272
946
1854
998
1430
976
2640
881
1416
906
2628
1028
1291
1196
1201
946
1221
981
1255
931
1924
990
1250
1085
1218
947
1254
776
5896
1266
1382
1192
1388
856
2052
902
1245
1032
1700
985
1230
1050
1207
917
1493
1023
1323
963
1129
937
1157
1368
1160
974
1361
1341
1664
1245
1794
938
1848
1188
1246
974
1257
967
1164
981
1323
995
1209
1023
1097
1116
1370
940
1810
906
1466
926
1974
1024
1308
954
1333
1080
1239
1061
1473
1102
2011
1098
1024
991
1040
1146
1536
1275
1316
1166
1544
1222
1706
1170
1853
1126
2640
1224
1454
1374
1561
1012
1308
961
1483
1009
1305
966
1266
978
1306
913
1010
1000
1852
991
1178
970
1660
1023
1176
828
1180
928
1260
966
1280
910
1375
1173
1201
884
1193
1040
1239
1042
1472
1058
1568
886
1715
1270
2724
1196
1700
912
1742
1222
1229
1005
1258
1088
1339
995
1268
951
1281
982
1045
986
1648
884
1882
826
2627
1056
2017
920
1754
926
1305
927
1124
1063
1078
969
1231
971
1337
1067
1183
997
1236
999
1306
908
2503
890
1612
926
1476
988
1672
1034
1650
1084
1203
1011
1114
1041
1140
941
1185
1011
1415
1054
1240
942
1819
972
3838
989
1116
1012
1296
1009
1664
1058
1988
882
1052
977
1354
1151
1204
1134
1472
1062
1574
1141
1128
1077
1660
997
1596
1380
2494
1094
1830
938
1695
1206
1680
1138
1047
1116
1012
1077
997
1050
1034
1033
976
1108
873
1225
1198
1005
1822
968
2538
1018
1468
1087
1376
1139
1718
1784
1260
1223
1194
1127
1365
974
1477
1022
1289
1009
1272
974
1489
1112
1514
1330
1381
1500
2802
1336
1615
1077
2226
1124
1216
1064
1094
907
1200
964
1056
955
1247
1015
1249
984
1626
1102
1956
1182
2250
4688
3108
976
1852
894
1242
1968
1283
999
1149
997
1273
983
1260
963
1207
978
1044
922
3040
1035
5480
868
1224
907
1212
789
1398
1409
3348
1093
1095
1041
1064
893
1137
897
1151
986
1041
970
1184
1098
1306
840
1343
918
1972
924
1500
1040
1524
1071
1732
1178
1027
1034
1040
1006
974
989
1031
1049
991
1226
871
1025
1437
918
1540
963
1124
972
1348
964
1329
984
1964
1018
857
1030
894
1103
868
1020
932
1103
921
1142
874
1083
1421
938
1867
1048
12759
1116
2682
1166
2478
1014
1286
856
839
1069
817
1129
852
998
812
1097
821
1141
897
1223
1408
959
2040
983
2514
1092
1190
1374
2722
1296
1497
1871
805
1035
837
1001
872
1118
885
1091
910
1073
948
1042
918
890
892
1386
878
971
921
843
1038
834
969
843
934
1006
948
917
1092
975
1155
1030
1097
1035
1027
997
931
1108
1017
966
1111
965
932
1260
971
1827
1176
854
989
1007
1036
978
1191
916
1303
928
1194
953
1230
923
1186
1200
1357
881
1229
2483
1168
1040
1313
848
2053
923
1114
965
1190
921
1300
975
1340
1111
1099
964
1155
1128
1448
796
1117
1001
1431
1082
1495
1058
3068
1187
1126
951
1026
1087
1137
975
1214
963
1508
1011
1199
969
1142
1030
1988
1103
1312
1233
1238
967
1263
1163
1212
1004
1296
879
1072
1155
1102
1111
977
859
1057
1110
1035
1069
1064
969
1257
1125
1334
1080
1490
1273
1551
921
3086
1408
1467
1036
1047
1020
1081
986
1000
1004
1015
1117
1093
1223
1237
1421
1436
1255
1609
917
1255
1554
1273
1653
2388
1804
1083
2368
929
949
959
879
1063
1006
1092
1166
1099
977
1007
981
1112
1015
837
1218
931
1733
1021
945
900
939
878
907
1132
950
1013
936
1065
954
1131
952
1159
1127
1204
946
968
1156
1877
841
1257
932
1012
878
1097
1024
1061
842
1381
1044
1192
965
1332
958
1063
987
943
1046
1047
897
1565
858
1478
991
2964
819
1156
1048
1219
984
1397
995
991
1024
1050
938
1049
935
1215
1193
1108
1007
1322
1070
1141
3044
1026
919
987
1383
945
1059
1011
1103
1051
953
1152
983
1193
926
1167
904
1003
888
1105
1054
1005
923
1000
1100
1232
1080
1217
1095
1122
1108
989
1116
1084
1039
1051
1056
973
948
1082
945
1041
1068
1011
1025
1280
1020
932
951
1204
953
1662
946
1527
962
1057
923
1422
887
1257
1123
1076
903
1079
1039
1118
1167
1371
1221
1098
1217
1223
870
1157
860
966
1016
1023
1183
1066
1686
1096
2002
897
971
984
917
1161
886
1069
1101
1294
971
1380
926
900
916
1013
938
1099
827
1102
1033
844
860
912
882
1017
932
1275
942
1165
965
1133
976
1050
910
1054
983
853
854
1010
759
1183
853
1100
732
1220
794
1272
872
1393
994
1247
951
1286
1025
1169
953
1229
989
1418
950
2187
819
1968
996
1231
813
1041
1028
1360
916
1070
993
1295
1067
1187
933
1172
995
1068
1042
1131
945
1157
1034
1176
1042
964
905
1163
912
1422
1075
1022
1124
1063
1081
1383
1241
1116
969
1159
909
1221
985
1508
962
1588
910
907
980
954
1003
976
1076
965
1200
924
934
969
926
1185
926
1055
1031
1188
1006
1475
1011
997
990
1121
1009
1144
954
1764
992
1493
1068
1784
1008
1143
1022
1100
920
1001
1026
1226
1054
1083
1047
1135
1175
1070
982
1041
1310
1012
1152
1048
933
1084
1045
1318
1196
1615
1016
916
1247
887
937
967
921
865
989
1105
1046
1015
866
1113
965
1104
936
1286
955
941
833
1040
918
891
868
1061
835
1065
902
1259
992
1518
943
1995
952
1459
1042
1158
1027
1572
932
1126
1016
1036
725
1364
2528
1414
1140
1242
887
1550
1069
3322
988
1629
1058
952
971
1062
989
1099
938
1118
834
1263
920
1364
826
1082
811
1145
842
1670
832
905
1036
1202
1019
1149
995
966
978
1032
1003
1020
954
959
869
962
1022
1737
1166
1064
1095
1036
1009
1034
1099
1028
1039
1149
953
1049
876
1223
907
1003
935
1289
818
1170
1616
928
1300
1066
1360
1880
964
969
920
984
902
2593
1151
2963
1043
1187
818
1228
1003
1058
979
1148
1001
1187
947
1000
959
1177
1071
1048
1020
1004
1051
1249
3272
4503
1022
3151
953
2500
1074
3424
1279
4337
1279
3674
1065
1008
940
1020
1166
1508
1174
1391
1234
1029
1284
1076
1402
935
914
3252
1083
1169
966
1060
996
1553
1010
980
930
1081
808
1067
1509
852
896
988
878
1064
928
975
1089
1894
944
1489
881
1508
927
1357
961
1856
941
1348
1041
1180
1005
1532
792
1987
866
1538
774
1456
965
1520
1081
1218
1063
1327
990
1247
1102
1031
929
1056
980
1021
953
1186
1355
1059
1003
1215
1048
968
1090
1240
1897
1034
1217
1370
924
1015
945
1222
1003
988
918
1290
880
1041
1063
1033
1104
1241
1087
999
957
1824
1058
1141
1091
2991
1249
897
1036
977
915
1031
914
1121
908
986
998
873
1002
1261
1129
1191
1040
1650
1263
1097
1354
1125
1077
1088
1225
1033
1026
1097
961
1203
1117
869
980
1165
1018
1116
1190
1575
960
1094
969
1168
1148
983
1175
965
1848
1099
1075
1515
1121
1097
1147
1079
1100
974
1055
992
1184
857
1043
1324
1024
1519
1064
1109
1015
1160
1243
977
1101
1030
1360
1103
998
1050
910
1177
951
1106
941
1287
946
1169
991
940
933
1200
1483
833
1422
843
836
901
943
852
1051
969
914
1319
927
1031
957
959
898
1207
934
1145
1043
888
927
911
940
1136
869
1668
1241
1244
748
2713
1039
1107
1125
1016
940
1035
953
1172
969
1259
1027
1140
1019
1241
961
1196
1404
1439
1198
1084
941
1398
1012
1184
1092
1130
897
1140
967
1580
946
1324
1031
1257
938
1703
1006
2417
954
1129
3080
1111
1324
1187
1488
1160
992
991
1024
1203
1032
1125
929
1084
960
1253
978
1303
898
1260
881
976
1309
1028
1481
1048
1985
967
1701
976
1053
1258
940
832
916
996
954
1094
911
1338
1037
1079
1040
1101
1079
1250
902
1093
1066
965
983
1072
1321
980
950
992
1345
1172
925
966
980
1463
1121
1033
1120
1153
1013
1134
1029
1060
1043
964
1408
1024
1196
1005
1152
960
1096
1001
1134
1070
1145
1130
942
1239
883
1081
885
1128
997
1027
907
789
1241
806
1209
873
1427
923
963
940
778
853
789
951
1002
916
1040
988
863
1046
893
978
1017
1126
951
960
926
844
832
881
1227
1035
748
1080
938
1305
1123
915
889
976
953
1014
956
1014
921
1045
941
1334
986
1276
755
1188
855
1077
850
1121
991
961
958
1062
882
1093
958
1172
937
1324
1049
1088
1039
1002
981
1140
1026
1122
1100
1064
1086
1021
2708
1092
898
1176
1328
1270
1120
1134
1133
1355
894
1292
1001
1178
921
1294
960
919
904
1139
2034
1053
1323
1032
1189
1236
1189
1064
1091
1040
931
952
958
1016
956
974
1140
1042
944
1049
978
962
995
1252
1346
994
1039
1014
1251
896
968
1013
1374
996
1718
856
1030
1057
1035
1068
1150
998
1048
1043
1173
1052
1190
1120
937
945
999
876
1106
832
1037
884
1039
869
1165
829
1006
760
1100
1022
937
982
880
882
894
993
863
960
1082
853
1314
964
2740
948
1647
952
736
992
1112
1029
1043
936
967
922
1090
930
1057
1044
1098
1085
969
969
1021
959
790
971
1105
1358
908
1080
796
942
1678
1000
1051
972
952
1072
1172
1077
913
1075
957
1385
919
1085
1644
1134
1958
1097
1450
1071
1064
1156
1311
1113
872
938
923
1070
945
1200
950
1088
1039
1117
971
1119
1019
1101
830
1137
1088
1082
1261
1132
1144
1176
1000
1033
1072
1228
1177
1384
1005
1314
1003
1068
1032
1299
1025
1595
954
1111
1072
1086
1151
1069
1353
1598
1118
1083
1041
1145
1169
950
940
974
1027
982
1041
978
1011
944
992
1064
1081
1113
1106
1039
1078
1060
1408
1046
1238
1060
944
1427
1025
1023
933
1002
1066
990
1135
937
1094
989
1295
1018
1326
1012
1179
966
1040
833
1084
838
920
790
1038
872
1207
796
914
880
846
1056
853
1040
822
998
1002
1080
931
882
972
878
1035
910
2351
1004
1444
940
1005
1324
1492
975
998
1018
938
952
902
1028
955
1092
948
1170
1027
1055
703
1116
1130
1481
1088
1360
1130
993
983
1036
1444
1217
978
1144
1061
1060
926
1064
839
1095
974
1042
981
1100
1488
1134
1136
1003
1496
1098
1166
1138
2399
1301
1092
1066
916
1060
886
1120
954
1235
1021
1196
1009
1129
997
1836
1351
2200
1303
1476
1116
1228
1115
956
1117
1103
1074
932
1039
1023
1054
1066
920
1041
982
940
1101
944
1061
1124
1002
1236
1169
985
1010
1064
1152
1023
1055
981
910
871
1020
898
873
920
911
952
955
958
1095
1064
1031
960
987
1212
1128
1179
1252
938
1052
1760
1024
888
1959
1226
1122
1198
1145
1282
1013
1515
1060
968
1141
909
1256
943
1049
973
1068
1235
1371
971
2466
1119
1426
934
1167
954
997
888
900
1016
898
957
902
1050
1058
1092
1095
920
2750
975
1251
940
988
1028
1490
1072
918
1146
3964
976
943
1099
906
1047
1022
964
882
967
782
877
846
1444
903
1578
1904
1392
1579
1068
956
1289
924
1117
929
1636
882
1152
911
1006
914
1014
993
1114
941
1070
934
1084
1128
1635
1155
1164
911
1479
2470
1132
1150
920
1036
1036
945
1005
1021
1349
981
1376
932
1390
945
1476
940
977
1064
1046
1043
1174
2257
985
1191
881
996
1103
1752
979
1000
1098
1056
1138
865
940
901
1282
1061
1155
1043
1142
1101
1023
980
1093
1151
1068
1260
1156
1053
997
1236
889
1012
1018
1027
1009
970
1034
1059
1070
1030
1243
1007
1276
1001
1276
1922
1255
1192
982
1256
1187
1069
1270
1206
1056
1003
1100
963
1108
1037
1055
1094
1018
1174
1024
1410
1070
1174
1134
933
1303
1194
1398
1419
1971
1115
932
1192
1140
960
1210
933
1002
869
1040
958
1078
980
1062
1085
1177
1268
1440
1165
1019
815
1088
2287
973
1084
1586
2151
1000
983
1143
909
1134
946
1121
940
986
929
963
902
962
908
1000
977
1257
1307
1244
2243
2166
2043
1097
1108
958
908
1001
914
1009
932
992
862
1114
953
1083
897
1030
1077
1894
1710
1244
1297
1103
1103
1158
2071
1361
2372
1068
931
1008
1092
1390
1070
1548
979
1392
1085
1180
1083
1654
965
1090
798
1276
954
1235
1213
1085
1104
953
929
1149
1063
1176
1341
1152
1005
1124
1072
934
1035
982
1057
1102
1288
1155
1336
1637
2358
1259
1009
1030
1460
1146
1135
1023
947
1234
1018
1186
1022
1279
999
1192
966
1478
851
1140
894
1068
2401
953
1120
1024
1309
938
980
1083
1060
864
958
856
1051
899
985
937
1110
938
1130
985
1214
1075
1213
958
1386
903
1217
894
1469
971
1283
1034
1344
868
1057
845
1011
970
910
1166
871
985
879
1042
1004
1101
1188
1177
1016
1014
894
1011
971
3781
1040
1620
1020
902
959
974
982
1260
927
1056
892
980
819
1036
869
1556
2011
2052
777
1293
866
2264
1380
1242
903
2615
952
1130
950
1152
947
956
943
1028
966
992
962
942
919
970
865
1071
816
1475
794
959
917
1016
1098
1171
1394
946
825
962
859
1081
924
1089
959
1227
1055
1624
1028
1045
1242
984
985
2146
990
2092
896
1588
932
1414
887
1412
1071
1248
1041
912
1094
860
982
968
1126
984
986
1132
934
1005
963
1093
982
990
894
1039
902
1036
891
1160
1017
914
1011
980
1063
1003
1015
990
1024
1000
973
1048
1065
1602
987
1254
980
1308
985
1056
829
956
1020
1054
874
957
990
902
1037
922
1074
984
1142
938
1138
879
941
802
946
824
1023
862
1043
877
1110
987
1144
792
1083
862
953
870
946
976
902
1031
931
926
931
939
1033
949
1167
840
1259
864
793
1786
1723
1770
969
938
944
895
934
1019
1123
1008
905
1038
901
1082
981
788
830
869
1100
1071
819
1279
910
1104
997
1181
930
1136
909
1061
822
1094
837
1151
934
1069
1079
1099
939
1118
1629
2768
981
1272
911
1085
878
1040
1210
1074
857
958
954
1118
920
1394
1037
1077
951
1076
817
938
1031
1282
944
1101
1193
966
867
1051
920
993
905
1008
1395
902
1082
955
1030
1046
1043
1042
978
943
971
952
1149
1016
1011
928
1045
986
1019
962
925
1028
1020
1076
978
892
932
840
1012
948
1049
956
1095
978
1131
887
907
1080
1077
1099
979
1098
1025
999
1156
989
981
1010
979
971
1040
1090
782
916
1106
940
1290
1012
923
938
1358
931
963
1007
1412
2324
1153
1147
1005
841
1113
905
1209
879
1068
950
1067
940
1027
925
943
896
1012
927
979
1075
1027
1658
879
750
777
784
849
787
870
959
825
908
1047
1150
927
1274
1049
1704
898
1130
842
1132
887
911
816
1054
875
1163
1019
1457
915
2166
1958
1632
881
1106
838
978
891
993
874
952
920
1155
871
1114
869
1108
936
1278
988
2253
862
1148
1097
1235
855
1940
1551
1107
855
1152
1020
1090
991
1228
1154
1350
996
966
1002
1435
1043
1233
892
1171
941
1746
1081
2809
960
1640
909
1008
1022
1184
989
1280
998
1190
966
1002
1147
1350
948
1203
902
991
985
1036
1014
2684
831
1563
940
991
979
830
1033
998
1033
908
1233
1136
1129
986
1227
1114
1082
1125
1057
1193
990
1021
1008
992
975
1244
1023
1569
1505
1008
1057
1016
998
998
1049
1102
1221
1040
1071
992
1249
1200
1021
1050
1029
830
1008
1024
1110
815
1068
956
1040
1020
1066
876
854
876
939
968
1074
963
860
1006
807
1180
938
3420
1171
868
869
868
998
875
874
1884
1097
1367
942
2178
913
1256
971
1110
852
995
882
960
910
878
996
1231
741
1052
996
1072
910
1268
843
1139
787
1006
910
974
912
1241
883
1124
913
998
906
950
831
1164
865
1008
889
1590
866
981
805
1184
927
1225
990
1118
922
1105
905
1065
910
1180
844
1477
898
1283
1017
908
939
875
970
1037
929
945
987
1096
945
1047
970
942
1105
1584
937
1118
962
1399
929
1301
1106
1012
1033
942
917
998
924
980
903
803
876
776
923
1024
968
1140
1054
1783
1129
1462
1153
1949
1057
1552
1137
956
933
984
889
1313
997
1252
989
1233
1017
1026
971
964
1033
914
911
894
1093
1098
1118
3782
1139
2256
975
1640
1342
1060
915
834
921
905
1035
1416
1019
979
1065
900
1023
798
1269
952
1067
1156
913
1223
955
1814
818
1382
941
859
851
944
867
891
860
1053
967
1446
912
1018
837
1113
971
1180
931
1696
955
5320
919
1622
878
1599
929
1283
810
1185
819
933
871
930
964
1183
924
870
872
1768
945
1356
873
1756
974
2353
878
1386
775
1770
898
855
870
2698
991
2145
1045
2076
920
1872
860
1006
913
1115
894
1029
936
925
967
1285
1144
990
892
968
939
988
928
1616
975
2031
995
1116
934
1040
887
1078
933
1296
913
1250
909
902
857
1672
935
1379
1075
978
928
923
993
1361
1047
1248
1247
1073
1045
819
939
855
897
792
921
995
985
1324
1109
1318
1065
1458
972
1510
981
1112
953
882
971
1233
1106
803
973
847
1005
1309
965
1330
858
1089
998
1912
858
1392
954
1260
1025
2108
1514
1039
968
1180
994
1013
1063
1666
1125
1510
945
1053
1003
762
1318
1366
1146
1863
915
836
972
1318
1044
1386
1016
869
893
1028
1629
877
1123
846
961
833
906
988
885
2081
934
3510
950
2071
936
1774
849
1639
835
1460
923
1058
831
2495
909
1037
992
1179
1019
1962
947
1022
1231
2837
951
1250
931
1369
882
970
846
1301
1065
1006
1404
1005
982
1114
1107
1666
880
1338
975
1118
1065
1103
1141
1588
962
1598
929
1234
902
2038
1036
3243
845
1415
999
1228
1001
986
966
1604
1227
899
1164
1350
941
984
861
814
896
1176
906
1577
916
1830
971
1652
947
2811
947
1112
1109
936
1279
1046
1026
1026
1058
1261
981
1407
1077
1218
999
1530
1046
1633
1091
1178
824
1661
937
2364
1157
1334
1046
1155
927
1038
962
1088
960
1053
969
940
965
8674
827
974
933
2160
1181
1952
806
2669
1029
1424
1288
1007
973
934
947
989
947
1019
893
1105
929
1030
1174
2438
1131
1276
957
1258
881
1981
1045
1103
915
1170
942
1192
1069
1137
936
1133
763
850
930
1147
926
1005
900
1204
920
1478
943
1066
930
1116
881
1572
813
1342
972
1108
1063
1145
1288
985
2361
1108
1236
1054
1074
950
1221
2096
922
837
960
1092
973
904
892
810
891
953
993
1076
1055
1045
1078
2055
1122
1009
946
1032
963
1155
926
1240
906
1214
1001
2195
841
1374
898
1339
910
1348
1022
1370
903
869
958
1024
1196
1583
1116
1175
975
972
1037
1478
951
1264
1349
1268
934
1734
999
1156
961
1868
971
1040
1091
1161
1135
968
1431
1027
1037
1306
1201
1364
995
1374
984
1514
1009
3490
1205
1465
904
1080
923
1078
1006
1130
925
1093
959
1845
1432
1540
911
1130
1119
996
954
1122
867
1753
1065
2579
1019
2166
966
1642
1075
1802
1162
1119
977
1226
977
2045
1045
928
1034
1013
862
1057
1087
1099
1241
1266
907
904
926
1682
1012
904
979
939
1033
863
972
1265
966
861
926
786
921
808
959
1335
1058
1116
973
1028
997
1271
979
2116
986
4282
1001
3017
1018
2147
903
1027
949
1235
919
908
975
1057
1114
1528
1044
1430
938
1410
926
1570
924
1508
837
1157
848
1140
942
2199
951
1130
937
1187
913
1218
963
1030
909
1024
925
1338
891
1000
970
1892
920
918
873
1160
976
2044
937
998
900
903
971
954
949
1194
925
902
915
1138
983
1052
941
1378
971
2570
908
1490
870
1330
1001
1617
987
1069
962
1117
1105
977
911
936
935
966
995
1422
1067
1151
1006
3440
1095
1645
1129
3110
941
1930
978
1728
1091
1418
1217
1297
967
1254
1023
1017
1065
1058
817
2053
988
1417
1058
2802
1195
1144
1003
2095
1020
1884
1051
1726
1194
1011
954
1084
1415
1156
969
1077
887
1628
1208
2002
959
2636
984
2098
1076
1092
948
1070
910
3930
966
1315
933
925
928
2278
929
845
961
876
913
920
1218
1574
1109
1875
887
2329
942
947
935
2484
890
1650
934
2961
983
1285
925
966
920
1401
915
960
913
1686
879
1271
933
1132
1033
991
1090
2580
950
1516
814
1114
852
3030
950
986
885
1583
895
1154
879
1093
933
2010
978
2010
765
884
918
898
824
5761
916
2100
870
1676
998
2420
950
1996
962
1030
925
1152
1013
947
947
962
950
1060
939
1014
939
1582
893
1074
902
1814
898
2298
907
4491
859
955
926
1022
1453
828
936
1000
895
947
935
1051
1058
1498
931
1216
961
1069
1063
1796
936
5438
1283
1225
1093
1334
1158
2634
938
994
833
958
1076
1037
905
943
1293
1604
1139
1638
1274
1178
1396
867
1047
1851
1075
3896
1363
1258
857
1039
1105
1002
971
1531
916
1130
877
1061
890
756
850
964
859
1196
855
1106
914
1982
953
1445
897
1122
821
1036
861
843
975
817
959
980
919
1218
921
1070
913
2060
927
1046
823
1002
924
2616
840
3502
927
2347
1125
1112
876
1016
924
911
860
1078
826
1374
883
1244
911
901
923
1892
930
1250
925
2804
881
1716
991
1125
827
1618
863
895
883
1193
890
1238
970
1415
879
1653
885
1764
915
1844
934
1151
1241
1405
967
1260
959
2336
957
1065
941
1334
1067
1189
901
1296
957
896
939
904
817
1446
1057
3898
886
1860
905
1636
1027
1284
1212
1399
1160
1734
874
1066
977
1201
911
1145
1018
1847
929
2114
1005
3916
968
5781
1086
1289
973
1588
1076
1600
1127
1785
969
1150
982
1177
985
1228
1121
869
923
968
885
2012
1091
1302
1064
1100
1157
1362
1170
3452
1292
1607
1112
940
761
837
809
854
934
1254
1337
