5102
5418
2465
1768
801
5820
6008
22504
2451
2265
6450
1160
5457
10471
1233
2307
3263
8520
8848
2306
3721
3768
2026
3203
4221
2216
3212
2546
5379
1933
610
1332
2271
2710
1860
3305
2020
811
4596
1875
2730
7223
3865
3244
6807
2418
1443
1075
5375
4883
1145
911
2083
2968
1364
3049
5291
3480
6297
2013
1537
1584
2130
4227
4689
4154
20118
3029
4567
1056
3458
1137
7214
1733
2093
3416
2480
3778
1680
2793
1558
1642
634
1292
978
1855
3222
2228
3493
2694
5119
5740
2493
3802
4000
1241
1717
1093
3123
1739
4181
1618
1361
6729
2896
2022
3182
7526
2633
3961
9675
10483
2208
3022
7550
1394
1862
1926
4768
3115
1865
3505
13998
2061
3283
1401
1417
1268
1389
5574
2720
1182
1577
1411
2415
1559
4608
12084
1045
4132
5247
3015
1898
2387
2197
2144
2491
2403
4797
1548
3739
1746
7823
2473
2565
4131
3951
3802
3154
2008
2108
1461
2166
2708
2613
5214
1934
2739
5020
3283
4353
9764
3188
4832
6882
2809
1873
1639
1626
3632
2624
994
4824
3400
2905
6954
3422
1776
2522
1713
2194
2729
1244
2474
593
1748
660
1840
733
5583
696
3453
1307
4885
664
3552
5932
2814
7413
5525
8556
4602
1669
3682
7120
1375
2582
2032
834
4513
624
8509
648
4809
681
3106
622
3038
702
2228
1671
2304
5638
6171
1839
10338
12868
1082
2104
2731
3129
4228
553
1622
602
811
715
5320
671
1833
2968
2911
521
2331
879
5761
2697
8570
2525
4893
3793
4429
2797
4549
788
5059
548
4575
669
5582
835
1666
529
3466
577
5954
488
5300
5704
2014
4852
3932
2645
4463
1268
1214
2445
671
982
2147
1045
5518
1575
3561
986
3475
1236
2275
643
1747
670
1857
4981
3070
4628
5152
2087
3267
2174
1282
3973
4038
1230
2704
851
6075
1767
1530
690
6610
630
2529
687
2764
1048
1595
1705
3182
4463
2979
3281
3424
5351
1832
2403
5598
2217
4776
1267
7018
823
6468
672
7845
833
1623
675
3285
683
2990
1918
2825
11162
5196
3068
2160
5561
1512
1808
2683
2549
4141
559
2321
625
5608
560
944
571
2782
579
4079
519
2392
2233
6991
3164
3086
2016
2085
2240
1506
9235
1551
2007
1426
539
1396
635
1924
589
1431
610
1371
566
1608
585
4839
2565
1658
4531
1409
2428
1713
5222
1417
3418
1025
3234
902
531
1797
649
3258
577
2561
658
2341
636
1791
591
2518
2668
1060
2296
2752
5930
5017
2379
3515
3471
3440
2211
2187
532
3717
512
1593
610
9020
445
10202
2392
2548
2396
9521
1884
1615
8935
7569
2510
2894
4951
1822
1825
2033
3449
4024
4276
2846
4785
5408
4001
4535
4971
969
1933
1473
4386
2575
2917
1542
4103
2482
1170
2190
4114
797
2133
1379
2279
1424
565
6616
4656
1933
4063
2482
2083
2270
10343
5498
3428
1040
1441
1661
5860
1614
914
2503
4809
2424
1127
3403
2253
1361
7367
6687
3994
2504
5115
3262
7300
8346
5650
1356
5686
1959
3202
1862
8492
5269
6304
5119
3647
3946
3574
1557
2733
4880
4654
1129
1954
1531
2167
2176
1767
8017
10935
2936
1744
904
1573
2508
1540
4840
3091
10359
10028
8664
1358
1126
2184
7982
1541
3582
7826
1921
6207
3825
5604
3912
8218
4199
1492
1153
3502
7440
11150
3719
6343
9019
3664
2701
1758
1487
4176
1742
528
1873
3121
1314
3560
1984
3149
6656
1273
724
1155
2066
1341
1079
1296
593
1147
1108
1894
1064
5140
438
564
671
763
866
1182
2441
4655
4572
899
1008
4825
5156
5271
1396
947
3058
1049
7282
10452
2005
1979
3232
2235
11230
6227
2860
3406
2452
877
1078
1609
3065
1410
1767
1405
974
1447
1476
1826
2156
1392
1746
6460
1776
2621
1283
7322
1154
7611
5971
823
1504
2549
3189
1645
4070
771
1290
5286
1677
1621
2353
2364
1078
1663
862
1271
2575
3852
5750
1293
707
725
646
600
2606
2277
3071
3896
1473
1409
1866
1585
3067
3780
2651
5434
2191
1515
2183
3053
1892
3970
3918
5145
1067
2794
2501
2817
5794
852
2014
1798
5165
5399
1667
5268
2880
5575
2087
2322
3510
1127
2413
1755
1738
2365
1968
1619
1401
2839
1853
2682
3202
3182
6358
1412
1466
1798
1500
1071
1448
860
1407
1877
1478
5720
1901
3436
1228
4700
1141
1019
1462
4783
1791
2065
1232
3919
4378
2453
7245
1772
2115
1553
3097
2303
3792
8473
1153
2641
350
2684
379
7382
1048
8506
6056
2724
4337
598
3184
2439
4945
2845
4620
2162
1584
4110
5268
4082
1491
2173
1543
2786
2704
2415
2078
1530
3640
10863
3996
4616
1699
1796
3297
2179
3988
3758
3411
2995
2248
8339
2877
1773
2444
1759
991
3354
2999
9093
3208
2766
2110
8441
2432
5739
1838
4414
2182
2636
2517
6129
4972
1899
3030
2401
1549
4901
13392
4308
3072
3170
2556
3072
3883
3743
1467
2333
5803
5675
7136
2754
2779
4897
2231
3893
3441
2877
1219
3921
1951
2445
3518
1815
2809
1575
3955
925
3430
3851
2077
1112
1978
1496
1746
709
4129
5050
3497
9951
1438
2905
1064
1967
3998
4046
1709
9212
1735
2298
3760
1876
1614
3293
2445
2975
4528
765
2983
1313
4991
787
3975
2132
1213
776
858
1663
1385
1028
1006
2854
2088
3343
2948
1617
1190
2218
2213
2936
846
4140
2917
2874
2878
7444
8737
6592
2070
2072
1232
2234
1667
2224
2071
6362
890
2044
427
1195
315
6878
546
3763
2596
3698
3546
4154
5668
880
2771
2822
4868
2469
1749
1613
3060
7399
862
1726
1893
1553
1238
2142
968
2850
1061
2975
5194
2009
1706
583
982
2976
2125
2852
3989
3801
3397
2926
2570
12356
8958
3055
2265
1898
5151
6352
1294
3766
4246
6815
1943
1968
770
1361
2453
3726
2586
1453
3358
7906
8433
3579
3588
2902
3395
5669
4267
4238
2516
1794
3706
6935
1599
2486
5002
3473
5512
5138
3707
1217
984
2598
2633
1282
2246
3667
3910
6147
2430
2378
1946
8340
4916
5584
7141
5390
2687
4620
3318
4666
1893
808
1283
2707
1551
1379
2772
1564
1902
6252
2324
4037
2053
4778
5161
4014
2118
1540
3947
1497
2137
3362
2969
1522
1209
1237
1685
2882
1438
5822
1982
2076
1952
8864
1296
1373
11964
1602
1816
1200
1731
1763
856
2014
4429
3911
1038
3088
1425
2751
1324
3364
6776
1892
3444
1576
2600
2606
8933
1836
809
1418
740
4113
566
1096
476
1974
1291
1472
4961
2413
3635
889
1977
1644
2806
1403
2465
1319
2482
5243
1498
1319
1133
1748
2655
4994
7830
2907
1863
2116
12520
9767
2909
936
2964
2400
1679
2292
3968
2259
1927
996
5146
2216
1015
6249
1905
4310
1099
2095
2529
9348
3874
2242
2985
7191
3702
2651
1321
2482
3257
2279
904
2184
1908
5229
3877
4654
6777
7533
2280
3578
1670
3764
3517
6857
1493
6177
3330
3601
1762
796
1588
4848
3764
7111
2405
1978
1122
2313
1941
2739
1936
3506
1761
1380
3769
4109
2762
4605
3619
4720
2048
2667
6804
3641
3114
1614
1939
3634
1336
2801
5267
7178
1660
1037
2511
1263
1796
1362
5781
6614
2398
4978
3101
2606
2474
5062
3534
1651
3423
1768
958
1182
3245
1759
1687
4557
2719
19577
1601
3015
2594
1498
1554
3693
2520
1970
1449
3663
2388
2132
1541
3352
2582
502
936
1001
1041
1707
2266
3563
3601
3312
3925
4948
4515
2717
2716
2863
1715
4913
4304
3804
2892
1510
2062
1903
3727
1136
3087
2127
5791
2287
4134
2523
3033
1462
3848
2345
5755
6456
2213
2911
4786
3629
1148
1376
4260
1441
3132
3447
2355
4128
1547
1738
1750
4285
2585
1738
3619
1990
2059
2557
947
1633
1615
4060
938
1619
1745
785
2502
4190
4686
4729
6197
5543
1419
1955
2321
5463
3629
1285
1686
1964
1206
6156
3012
4180
5054
889
2259
4391
2920
2891
3944
3862
3316
6548
8894
594
1682
6485
1977
5477
5632
2170
952
2655
1807
2172
1182
9461
1429
2999
2493
672
1889
1956
3874
7060
2567
2150
5906
1932
3223
2439
5332
3576
1223
12239
7391
2769
1607
5673
2290
3144
5119
3878
2570
6049
1576
3334
3031
790
2031
2530
1349
857
1228
1936
2318
6325
1481
1640
1603
1421
2123
1013
898
1228
2197
2625
1906
2999
1445
2419
3877
5757
3328
2842
2797
1727
4366
1144
2695
3094
1566
4974
3818
2578
3185
3796
1274
2960
1864
1325
1544
3506
2873
4217
3102
3119
2229
2283
762
551
1823
9747
4498
2271
2976
3454
5764
4008
1731
2081
2000
2111
5158
6588
1050
4051
3661
3147
2150
2669
1330
2084
3649
4639
2726
3242
4139
2104
3309
2575
6383
2300
4124
2140
3152
4579
2932
1604
1735
8376
1842
2644
1653
3328
2894
1744
4587
2364
3100
1987
2434
10062
1788
2534
4270
1799
3509
1080
1181
6774
3557
3894
4623
3151
2342
7453
5294
1838
3430
3574
2094
1027
820
3033
1118
2203
1800
1311
4893
4211
2056
2548
1311
4355
1250
1662
1902
2631
1210
2238
2045
5279
2973
5006
4692
692
2192
2263
1288
2054
2350
4242
1350
6316
1092
10772
2618
4402
1286
3789
1522
2433
2475
1772
1202
4493
2403
2326
797
3549
2274
1876
2872
710
1017
4099
3303
4204
2044
4992
947
2874
4559
4195
2551
6025
2012
3514
2434
4145
1284
2702
3460
822
3592
1925
3754
3053
1190
1558
1770
2398
1528
3117
2015
22714
2839
2376
7717
2205
6880
3575
2942
3131
3160
2376
12058
1644
1701
2448
2775
3841
13905
3817
1622
3844
7248
1702
1682
1474
6188
3242
4422
2191
5519
3027
4564
16184
2198
7990
2624
785
1950
5043
5538
2972
5234
15612
2433
2079
2283
1373
3596
5659
5672
3839
3791
2252
2820
4310
2694
2003
1525
2381
2118
3820
5096
1086
2508
1980
1734
3071
3455
1204
1342
2193
2218
4090
994
4317
1637
3073
3318
1161
2171
3081
2829
3848
5183
889
16470
2795
3042
2626
7059
2257
1675
4435
4294
1369
1321
1614
1767
2668
4799
7015
3067
1649
3127
1707
1191
4707
1906
2128
4005
2969
2380
11346
1809
9351
3496
5883
2521
1397
2001
5479
2698
2911
3514
8104
2105
5211
928
3178
1646
3392
2108
597
1912
1936
3493
1268
1681
1365
1053
3445
4513
4282
2931
2530
2212
7605
936
1010
1711
3769
1397
3107
3796
5840
4460
871
6322
1062
7396
1363
1569
3598
4062
4243
3484
3970
3066
3078
3464
1739
4110
3821
5284
1589
2895
2920
2082
1806
4074
2949
8756
3156
4743
2539
3280
4545
1552
4732
1988
2383
2576
2099
8215
2330
2894
3544
5609
9918
11058
11433
2054
1088
3540
1396
2387
933
2632
1442
496
1977
5036
7168
10659
7911
1433
2684
13096
3625
6255
9323
4694
5909
3674
4462
759
1763
5405
538
885
1938
2267
8484
1905
5375
6406
2976
2256
1708
1183
1426
1252
2534
1953
7513
6088
2947
1238
5214
1428
4194
3014
6614
6980
1146
3531
5204
2986
4961
3006
1881
1195
2158
2216
4592
3220
4926
2425
3515
3934
3374
1535
3948
2751
2151
2535
9039
2338
2673
2984
10086
8747
10391
2544
2522
2960
5161
765
3700
2203
14102
2132
8193
2712
963
2750
5386
9610
6659
2934
3687
2832
2789
1873
1822
709
7346
1643
1591
1194
2407
2703
8764
2513
2816
1641
10898
2638
3053
1428
4574
2146
2579
2309
554
1398
1536
4200
1857
2205
3791
2013
4509
7367
2523
4649
3967
703
2482
1686
3157
2913
3039
3823
3079
2445
7209
1572
9506
13812
6894
5486
2395
3281
3517
807
1513
2074
1788
3378
2535
3201
4563
5580
2615
3868
8653
3517
1947
1374
1363
3702
1048
1383
1523
2680
10109
4035
2967
1800
1760
1840
1715
1659
2651
2690
2045
3913
10821
3848
3188
1942
2298
1860
2259
5093
9235
1419
5123
1744
2125
851
9966
1261
1211
1940
1535
2151
1958
1672
1897
2490
5623
5002
2234
1841
2459
2499
1424
2160
3513
4575
3507
1544
2282
1647
5583
2032
798
1575
2960
2856
1456
3201
3208
3853
2429
3813
2730
1376
3528
1457
3180
2563
4330
4485
3569
2250
3970
3381
3990
3447
4433
1506
2929
2081
2609
2758
1225
1351
2481
6222
9183
4075
3609
2834
6503
1623
1615
1717
2765
3712
1655
2174
2759
1997
2479
2718
437
1796
2140
897
3054
1184
2608
1858
2814
1317
4595
1190
6403
2221
3261
4763
3153
1236
11226
1455
1122
1758
2339
3193
1239
4574
3225
3448
3055
4557
3328
944
639
749
3536
5649
2638
1542
511
949
1814
1471
4437
2596
1208
4699
3977
2759
2524
3632
2983
3539
4716
5535
3184
1529
1570
1809
4677
6578
2342
2606
2130
3625
4674
3180
1989
9743
4177
5297
9277
3818
2797
1580
2076
2754
2540
3652
3620
1698
3719
3991
3520
3399
1169
2052
2566
1452
2462
4189
3584
1498
929
1731
2321
3666
4515
856
1740
2540
5471
3001
3712
2064
2480
1880
4651
6980
1884
1523
4517
992
3611
3670
5610
2368
1584
2113
1359
1438
820
1655
1566
4333
768
690
2196
2891
3144
1776
5993
1465
3912
3522
4754
3373
3344
1959
4817
2778
2634
1254
1077
2433
9849
2970
1788
1727
5772
1987
1859
2226
4701
2394
2502
1477
4765
4373
4322
1060
1475
1120
5116
1617
1020
1081
1685
1913
8057
1432
1078
2657
4661
3562
3464
1667
2162
1304
2359
1434
2199
2074
1907
1486
839
3148
6614
1513
1999
1649
3402
1851
12952
846
1575
4331
2277
2041
1697
2034
4686
2825
2286
1046
2339
2679
1401
1963
3477
1409
2915
8762
5577
1218
1882
2085
2518
3262
2238
4609
1959
1405
4344
3782
2676
4460
3960
3855
1657
1658
1770
2779
796
3281
781
3485
2912
2899
3172
2613
2193
2657
1480
2800
4425
1708
8430
3571
1375
7259
6718
1916
5739
920
1203
10222
1126
2863
1849
2416
3659
4089
2116
2216
1390
1657
4091
2216
6992
1161
925
4409
2619
3739
2840
3601
3033
2380
3109
3387
5192
1657
5100
1300
1380
1346
4948
3922
4154
1261
1637
2775
7932
2090
1303
3042
1906
1371
2758
3489
6108
1091
794
5333
2191
5022
1992
2792
3024
2955
3961
5944
1154
1432
4558
1625
1861
8695
6399
4825
1782
2863
3712
2802
2331
1094
2652
2992
1563
8396
1850
1959
2804
2393
2772
1513
895
1021
928
2388
2242
1906
7447
3374
1665
1482
1805
1357
4637
1148
1888
2103
1653
1609
2286
2886
4455
2879
3769
2173
2242
4376
4360
2661
5931
8604
4324
2877
5372
12174
1547
3553
1473
6949
3221
7416
925
2483
4927
1852
3370
5162
1925
3780
2375
3272
3813
1987
1973
2951
2798
6201
5606
6132
2746
3826
3010
1669
780
4384
2648
4608
2296
1722
6898
1904
4708
6578
1447
1645
4740
3181
7574
1927
1133
1176
1454
1310
1445
4910
10790
2769
572
3067
1773
1554
1341
1169
1570
1869
2123
2536
2723
825
1682
1182
2851
1931
2100
1457
5177
6092
8692
1380
3936
11882
1708
1169
622
1269
641
3737
625
9284
612
5798
538
1941
1887
1704
1624
1521
963
1316
1639
1131
1436
3855
4198
6681
573
2942
670
2535
571
2048
521
1779
537
1872
552
1301
1565
2718
2619
3541
1098
5907
4324
8149
5058
1874
818
1083
601
2562
1072
3726
576
4086
568
2976
837
1446
573
2097
1470
1632
2299
1868
4970
1289
1253
2863
9496
1867
2384
1397
590
2579
550
1098
558
3402
546
6247
503
6312
2513
4577
2733
1538
2885
2922
1731
4234
3323
1618
3052
1973
1621
1193
1082
5126
2376
3119
5256
2369
14127
2268
5983
2565
1900
3719
1371
4164
3107
1656
8992
3070
2622
1365
1169
3503
2987
1438
1001
2564
963
5810
4991
4036
3707
3359
2825
3954
2930
3770
1962
9490
5068
5061
1772
6453
4638
4800
8322
3513
6268
2631
2545
1767
2318
2530
1987
2032
1783
1583
1468
1476
1749
1459
2127
1745
5558
7896
2445
2234
8356
5359
10505
5850
1665
3121
988
2127
1596
1735
975
6894
8425
2001
1102
1250
3866
1759
5279
2014
1623
3365
3222
2699
7229
2500
5469
5305
5604
1572
3576
8990
1899
1378
2901
1509
1114
2716
1580
1559
5459
2131
3342
1959
1690
3728
1775
1628
1838
3105
702
831
5565
1306
3695
2618
6340
2559
2063
3011
1868
2115
1259
1607
3145
3911
6836
2073
6075
3001
5799
4078
2514
2327
12690
2148
940
5026
1312
4490
4800
6910
3008
3648
7325
10612
1516
3502
1797
2187
5025
1906
1665
2511
8960
6382
6105
1249
2309
2849
789
1103
4845
1939
775
782
2018
2885
2690
2795
1305
4976
1871
854
2247
3210
9748
1142
8032
3471
2107
3748
854
2942
3935
1085
6437
3212
4108
2286
4648
4833
2911
2479
1240
3552
2976
1035
3147
1249
1669
2914
10059
1668
2225
7615
3126
5032
5555
1065
1505
2896
2011
3279
1133
1624
3976
7237
2400
3348
7712
2017
2035
7780
1197
1475
1815
2359
1939
2010
1513
2634
5044
1224
1683
1850
1742
1169
3166
1916
845
2475
1798
1600
1764
3594
645
940
2964
7961
4888
6838
7405
6060
1336
2021
4608
2057
2009
1772
4051
1573
2359
1656
2164
2168
1651
3159
5097
10834
661
929
2079
1450
2962
1694
1238
1041
849
2426
18211
2095
2710
1292
1763
1031
5513
3143
4392
1206
4855
2293
2799
1945
1712
1063
3707
2202
728
1326
4629
1881
1892
1293
13935
2733
2369
886
3558
2898
1259
1627
1389
5899
3776
2781
4721
3788
1138
1274
3963
5519
3248
2882
5087
3824
1706
5178
4127
2233
1236
3184
3218
1792
676
1766
2042
4503
3639
1607
1500
1330
724
2939
2474
1708
3629
1008
2032
1437
9107
1382
5012
3573
6971
4860
2299
5292
7111
5644
2022
1435
2754
3699
6153
1834
5169
3884
2684
2475
5697
1453
736
6131
3723
1093
640
9573
3374
4330
965
995
1241
2610
4858
6890
6607
1940
2798
2376
4720
6623
663
1620
3472
2344
3080
2303
881
7041
1392
5232
815
684
2172
4838
6036
1002
3125
8593
1732
3098
4286
2814
2197
2724
7801
3312
3335
3289
3698
5400
1494
1546
4292
1854
4463
1541
2226
2693
3908
1835
4640
1478
1272
1760
2114
1445
2589
2554
4181
3195
5255
5150
4022
3496
4506
3315
4771
2250
1002
1323
9753
5612
1591
1234
1878
1845
2616
1835
1443
1452
2122
2064
4574
3185
6652
2669
1848
1019
12310
823
986
1006
3224
4304
2836
1313
583
2292
2275
4986
986
1146
1793
2455
1442
6736
3157
1033
1820
1180
3865
4046
6410
2013
2934
1486
1563
843
1505
3057
6039
1732
5299
6830
5578
4702
2670
2407
4373
1746
1211
4518
1304
3413
5666
12724
4189
5361
4095
957
6570
5847
1672
2698
2643
4883
5274
2899
2039
4517
1943
936
614
3033
7213
1551
3398
2147
2430
1609
2686
1412
2067
750
753
3253
3324
2873
4043
2196
1354
963
2439
1340
3010
1615
541
1051
1946
2576
4347
5538
4096
2316
3166
2474
2341
2113
3118
1086
1224
1489
3679
3038
2050
2382
1004
1172
4614
661
1645
4614
1099
4812
6490
4696
7616
4933
1609
1419
1415
3191
4871
2468
7135
5745
2606
5516
1721
2532
2088
4570
2431
9152
4954
3704
6897
4251
3101
1626
1762
2688
3577
6393
10471
13599
10036
1281
8968
1788
6553
1429
6262
3634
5798
2988
5958
1240
642
960
1398
2715
11319
1568
6900
2409
3650
2120
4266
2056
1221
1618
1875
2044
2326
2570
4239
3676
2689
1865
716
3830
5329
2516
1357
2693
1422
1382
1728
2383
6363
3781
3212
2992
6807
3403
3964
2430
2033
2264
1780
3540
8757
2381
2241
3023
2412
5108
4477
2750
9378
11263
4549
792
2840
3705
2422
2134
1529
6152
9924
3698
2591
2083
1817
9844
1500
2154
959
3168
3321
8974
1481
2919
1505
1006
1033
10777
3613
3360
862
4195
4859
2402
1334
1211
4175
2403
2011
2416
5077
1245
1291
5693
2226
5539
2319
1611
2205
1626
2835
3127
3911
3340
11764
2869
582
7962
10726
1167
2039
3567
4213
1028
3079
1360
1652
8323
2015
9702
2687
1554
2216
3727
1786
2465
4383
2043
1050
6186
1712
3499
2616
3114
6042
2211
1286
1989
3135
3753
1544
4177
8430
1682
4625
3152
1754
3604
4461
5144
1069
8080
1370
3274
5819
3615
4549
4446
4420
2521
3213
1931
2017
1859
2021
2931
2913
2207
2587
2628
4981
2647
3072
3638
2038
3626
3140
2451
1879
8241
1774
2067
2363
4561
3549
3098
3353
3055
2731
2484
2376
2248
3387
5389
5108
1726
3196
812
3280
4010
4672
1831
654
1846
6634
5666
2030
3654
1604
1534
2714
2888
4822
3510
1391
4129
1217
5787
2019
752
5894
3114
1055
8614
8181
4851
2992
4895
1566
5138
1347
2954
3865
2042
2331
1785
1811
8555
843
1603
6581
5370
2890
3695
4360
2546
6307
4520
1542
5401
1330
1355
1805
2062
2706
3538
4156
2170
2547
2098
3682
4023
8756
755
1373
11196
6943
4372
15770
3584
6856
5197
1799
2522
1976
1489
1573
6895
2891
2759
4552
2193
3618
8038
9940
1234
1425
1583
3527
1609
2311
5395
1605
3705
1791
3406
3885
786
532
2094
3658
3182
2178
1311
5046
2760
1473
7587
5838
2409
3550
1796
3608
3630
1254
1150
4498
5051
1501
2514
4329
5140
3612
3064
1380
2688
3273
3733
2397
1889
11164
3191
3791
3427
2362
2754
1658
10755
4177
3765
1544
1128
2130
1834
3246
2525
5888
6897
5143
1343
2100
2763
2369
2607
14994
4367
3861
2824
3970
4114
1476
4235
2200
8612
2610
2528
4144
2208
2838
811
1862
1765
1230
4106
3112
1964
6183
1161
5651
6261
4254
2737
1906
3346
1516
898
1036
8516
1632
1032
2426
8653
6594
11244
591
2187
2509
5023
2164
1548
3416
2824
3722
3637
14573
1588
3410
1495
6823
1455
9767
5636
6133
1708
609
1525
815
1689
3578
6266
3713
2037
6609
3483
2156
1641
661
2225
3577
3036
1682
3346
2724
2995
3933
7263
3710
2466
4561
3096
1653
1716
2079
1628
2370
1791
4636
2678
1953
6566
5225
1453
612
1824
3051
3703
1842
1767
3234
4342
3639
3719
2560
1491
2524
1316
2589
3657
2407
1387
3977
3378
1536
1533
3916
1821
4012
5756
7600
7775
3981
1890
1645
2043
2490
1467
8186
5738
13536
6328
630
1922
6945
1717
6072
2298
3418
2430
2489
2475
2133
2243
2255
3101
1002
1290
1403
1393
1576
3361
1258
1832
5477
1809
1060
5363
2616
7258
8866
5640
848
1988
2108
5314
4474
1290
1689
1300
1369
1721
1149
805
1485
3246
2311
1692
2950
5610
2643
1963
1859
3637
4264
8486
2193
12105
8411
5042
1806
2343
2014
3819
2739
3229
816
4569
4171
2716
1086
922
942
2302
3395
3694
2089
1868
3067
2617
2135
1762
2748
4497
1464
3331
3797
1726
6178
2302
3312
1554
1322
1237
2043
2387
2663
1058
650
3180
5370
2812
4423
1078
2096
4291
4199
1964
2933
4242
2604
1532
2092
2025
3434
3148
4097
5452
3183
3587
1960
1715
4762
4393
4488
2803
6654
3664
1552
2305
3957
3279
4343
1428
2882
2183
4623
2620
1494
7563
10075
1635
1045
2566
5280
3593
3639
4795
3281
2241
4143
4396
1942
2036
1376
2624
4497
2295
1929
905
3247
2646
2797
3699
3906
1980
3713
1369
5073
1212
1787
1131
8337
1283
3142
1966
1635
2144
3490
6047
7067
3903
4164
9312
2774
872
851
975
645
1108
556
1153
1421
2175
463
3338
1743
3257
1115
1836
2397
1712
2353
6056
5816
1228
1474
4336
1910
2637
2552
8971
10563
3535
1862
4467
7062
6545
1071
2900
3109
6783
1797
2937
2219
2652
1062
2084
2258
3483
1411
4107
2531
2934
6278
3128
3795
4210
2051
3141
3423
7237
9762
3698
2245
3486
1448
2040
1699
1309
1866
1429
5236
1076
2986
1375
2320
3180
1735
1652
2213
3205
1075
1974
2791
2432
4130
2311
1299
2160
4349
5680
1290
3256
4499
9176
4051
5337
7386
1405
11263
1843
3425
2071
1691
1808
1319
1821
1986
1730
589
2053
1864
4363
1305
559
1946
4088
1781
2082
3217
3274
2656
3638
3722
1513
1082
1367
2018
1556
1794
2057
1508
1945
1917
1893
1616
1053
1689
1494
2313
1795
1324
3531
1611
2202
597
1603
2178
6565
5681
1675
1382
7619
19494
2404
1224
869
1115
3923
6102
2221
5291
1507
7565
1668
1568
1251
1299
1807
2656
1794
1289
2391
10036
1725
2049
3607
3332
1190
7926
1415
1791
3775
2029
4747
1696
5296
3263
2665
3258
714
5612
724
1300
6664
2208
4683
8951
7385
4163
5408
4423
3613
6424
15206
441
2873
2418
2701
2566
2781
3853
2058
1959
766
691
1714
2123
3076
4132
5833
935
3991
1905
3713
1815
9452
4125
2885
4374
1436
2595
2407
1984
1494
3618
5512
1795
2537
1388
6959
3064
2850
3479
2754
3248
1702
5781
9914
1056
951
1195
2845
1180
1045
972
1703
1787
839
7555
2154
1981
818
4033
2246
1622
2955
2869
1202
4699
5798
3703
2804
2601
3259
2791
6279
2399
4473
2872
2119
4380
2010
832
1033
5157
7129
17069
2026
2594
3469
2440
2060
1321
974
5158
3626
2228
1383
1830
2361
662
1179
2853
2524
1516
1342
1585
1387
1481
2167
2591
2455
4163
3058
10325
7302
2890
1914
1253
7760
5257
4277
9780
6799
2408
1707
4591
3568
4392
1245
2248
1835
1739
2043
2575
1717
1346
1679
9848
2311
3141
2528
5466
1849
5021
2160
919
1894
12700
6256
19974
1950
12330
1392
914
6721
3158
1734
2023
1973
9265
2270
5107
4577
1641
1982
2649
2184
3604
2733
4072
1628
2164
4951
6871
2841
6960
6837
5359
2691
1702
3664
3779
1015
3174
2792
1058
1735
4100
5117
5104
7728
9629
5691
1771
1808
512
2073
4578
3446
10893
2109
2095
972
4059
2860
2613
1337
1042
3561
4113
3988
2538
3398
4387
2435
1325
5905
3004
1255
5209
2543
948
8268
2033
6557
3867
7686
1381
2056
4357
5254
4222
6057
1722
3045
5088
1320
9781
3492
2212
3415
2152
1090
1629
2017
3277
1019
4987
1209
5154
2407
2910
1634
2040
2268
4200
6377
2683
3426
4961
11103
2759
1876
1724
4781
3212
2465
3562
2000
5645
2073
5589
3243
12438
3580
1388
1378
9230
822
3629
2710
982
2972
785
5337
1251
2111
1470
2554
1473
1669
559
1996
661
4560
927
1990
2594
1723
2363
2545
3011
1463
3641
2568
1054
5842
5195
1870
5905
4122
6896
2180
5601
781
3282
5222
3478
4388
1283
4809
3746
4754
2178
2192
9327
8393
2655
6630
11874
5486
9051
2691
2235
2372
5838
4254
1607
3849
1711
1132
689
3168
4539
1769
1202
1390
2150
2264
1039
888
3295
3296
10461
4176
2827
1060
6544
4296
3017
1838
10040
2719
5070
3920
2432
2591
1199
5124
1395
2177
1771
2332
1240
881
1873
2669
1881
2049
2494
1520
1727
2955
2343
6525
5428
2075
507
1134
849
2138
1349
2936
5996
2462
2441
2383
1671
8713
1564
1670
659
1982
10262
2422
2078
3348
14101
4094
2648
1752
3908
2797
6098
2507
1735
4552
1843
3041
1592
2155
1368
2365
2957
1273
1662
3336
1555
1700
1305
2699
2799
1625
1043
1670
7508
2368
1321
1237
2736
916
1554
1935
4547
2663
6623
3969
785
2033
7453
1488
2651
697
4206
9459
1239
3720
1660
1150
2705
3279
1620
2530
1158
1510
2872
1755
1477
2102
1331
1080
2014
969
1173
1181
3113
2211
690
2871
4933
2144
5554
1106
478
1995
1427
2387
2614
2678
3671
2364
3101
980
4679
1654
3295
2299
4463
8641
2498
1564
2902
1272
5981
11558
8799
2574
4626
5879
2668
2577
1194
5806
5942
2204
5345
3651
1414
3743
2168
1141
1409
1640
2562
1542
5563
1608
2405
1217
4444
2680
3236
2554
1597
2601
10918
1771
2284
2985
5056
10139
3601
1885
1395
2247
3061
3048
3965
1725
2618
742
2279
2104
4560
627
1078
1715
4787
1795
2908
1887
1555
4588
8335
1169
1559
3877
3495
1780
2859
2225
5076
1282
5795
2171
2734
2712
2071
3270
429
4276
1765
1782
3739
2572
3718
1005
1266
784
2190
2847
1124
2351
2609
2274
2060
921
4568
1245
3070
3626
1147
2807
664
2664
1560
2830
1901
1763
3766
1809
4641
1374
2414
2868
1721
1531
9750
2225
4075
3399
1254
1527
3050
4097
3113
1515
6681
1637
6229
12822
2040
4099
1870
1655
1830
1085
1786
2323
1348
1226
7312
4030
25284
3398
3036
936
2278
1358
4015
1565
4671
1934
2717
1362
1261
2879
3785
895
2634
4167
3335
2551
2388
7359
6959
1688
1277
9604
969
1934
2229
844
1713
639
458
4047
3096
2071
1400
6045
4729
5194
3477
1428
3376
2925
5035
806
3009
1506
3423
2133
3699
3447
2743
2512
1861
2154
8777
788
792
3889
2616
1889
1859
4279
3279
664
5674
1123
1879
4745
2337
1390
8655
4915
3397
3900
2961
5079
13066
8245
2694
1185
2743
5074
2304
8619
7294
1287
1147
2530
1037
8308
8066
1186
2084
3095
2732
2044
6782
3051
2446
2015
2507
4060
1316
2126
4899
4046
2860
1151
2380
1997
1815
1456
2947
630
3829
997
1930
1671
3610
1806
14462
642
10675
1748
5918
1982
503
2137
1523
1183
2582
3643
4690
1999
2271
1653
2355
1369
4444
2163
2017
1323
1541
2658
2875
1678
4305
2198
6665
2590
1701
2206
6602
3296
1560
4480
4077
2707
4768
3457
1044
1430
2554
1057
2428
2164
1562
1703
5727
1764
1843
1870
1189
1009
4006
3480
2188
1412
4829
3082
1660
7620
1432
1922
991
1745
6583
3792
5418
2736
1942
2272
1956
2328
3473
2762
2856
1569
3155
732
959
2220
5890
5584
2749
1429
2002
2086
2157
1240
2656
3263
6326
633
3601
1536
3580
6562
3210
1304
2676
1038
4150
1395
1181
2041
4735
2531
2170
1119
1636
1882
1296
2805
1038
2438
2267
1690
3244
2464
1271
1891
1642
1968
1693
1536
1828
2072
2294
1884
1981
1691
2538
2839
3245
2384
4886
1105
682
1151
1942
2422
3258
4888
1761
2335
1865
4071
1298
1439
1766
2529
5201
823
736
1878
2492
890
1033
1828
1882
1355
1309
964
2830
3270
2611
1358
639
1401
528
760
3089
3000
4802
1011
5214
2226
2793
1673
1756
2422
3285
3589
1925
1269
1890
861
5037
1390
3613
657
507
2120
1698
2123
2950
1209
559
2241
1665
1385
992
983
7893
4969
8232
2518
3939
2740
5784
1771
1775
1497
1694
3195
1909
3511
2880
1148
2002
1992
2255
3263
2109
2418
1997
2741
3045
2753
2369
1342
2910
2150
1507
690
5117
2214
3452
2015
2904
3804
5077
1332
1973
943
1547
2101
1796
2328
3189
4779
16397
2932
2083
1990
2863
2217
1747
1027
15181
3474
1498
1552
2254
3273
2612
1576
1399
1994
3106
2074
5712
3306
3084
4639
6806
2044
2061
2233
4679
1296
1794
1239
6839
3548
5235
4936
11541
1427
5283
815
2645
2614
2535
2506
2206
4743
1063
1526
2707
4715
627
6272
4857
957
1686
3551
7237
2037
724
2387
3030
1400
836
1265
4567
2300
3761
706
1746
2908
775
2840
2445
4382
3637
2167
1140
1576
632
7251
5382
5931
4755
3946
3115
840
564
2369
509
447
439
3552
951
1855
2684
5156
1469
2922
2018
4239
6636
1285
1184
1810
1415
988
7455
2679
1040
1656
3695
1511
2789
1549
3184
3161
1310
2704
1946
5984
2783
1156
2127
2527
2322
1911
3244
3140
4781
1605
3497
2171
4765
3713
9150
1560
2049
1581
389
1959
1625
873
3314
2521
2996
2817
3148
6459
2376
4075
2284
1908
4126
5007
2885
6120
4046
2173
2078
1898
2717
3209
4761
1862
1398
4057
6040
5769
6049
1169
4726
2582
2346
4157
1619
3522
16071
3843
6875
2928
3915
2137
3742
2475
2315
3716
6401
3678
5094
3267
5015
2926
2210
2989
3230
808
1905
998
1195
3119
8025
5141
4716
1033
17184
3297
3420
3383
3627
933
1883
1596
2492
1571
2248
2672
4475
4597
6672
1229
2040
4030
3175
1972
10746
1361
3688
5079
2048
5165
3598
3113
1362
1817
443
880
1582
2334
2332
2607
3758
1614
2416
4189
2584
3083
2389
3416
1881
5794
3520
1572
2022
3041
5075
3218
2943
2850
1647
2265
3582
2010
3027
3030
2914
2042
4142
2160
4566
5479
4419
1070
4223
1665
1163
775
5340
4872
884
2502
1871
1799
1871
3469
1444
1678
6524
2449
4520
3006
7450
1895
1764
1372
3340
1559
3111
1265
951
1899
4286
1567
1900
1331
1802
1529
899
7092
2107
2581
2268
2862
5363
4037
2054
1584
1700
3496
4381
3888
4495
1942
11246
1498
3214
2147
1571
1349
1255
918
1762
3918
2289
2336
646
2101
1199
3270
1767
2065
1681
1661
3015
2951
2042
1681
2726
875
5019
2676
1797
6014
2595
4610
2984
2531
1075
2158
1762
3480
1111
861
2745
3581
871
6139
2833
2988
2313
1328
2979
2267
1750
2244
1723
1780
1047
4401
2336
996
2079
4423
3986
1484
2788
1298
1426
913
2796
1135
1135
1458
1892
1313
2588
6991
7358
1286
1542
1197
1478
1801
1888
2397
1351
695
988
1262
6931
9213
1239
2008
3295
3371
4392
1394
7700
3475
4525
3596
3571
2813
4052
6385
9034
1202
1808
4539
6629
3988
3264
1417
2904
2105
1548
1191
1811
2353
2688
3599
4404
2987
6539
6006
3832
2805
2770
1139
3081
2613
1188
1480
1370
1955
7755
3244
1575
1157
675
2490
1904
2397
3752
2194
1546
3078
22657
10256
1709
2443
781
1335
1873
2407
3248
7530
2415
1414
1909
970
9077
3031
1240
2589
2013
6216
5143
2047
4204
2616
13689
1903
2669
2072
3229
2594
2909
2706
771
3283
1348
6271
1393
4904
4531
10027
3823
1042
5478
6015
4566
1012
2857
1267
10899
1044
2511
2617
1703
935
2649
1941
6033
3927
2717
1486
3444
1050
2419
1603
1150
2196
2277
1304
15391
2344
3718
1706
1464
1538
6525
4304
1513
2561
2581
2260
1842
5052
983
3851
3541
1758
1816
2185
873
1786
4237
1980
2032
1383
2888
1836
1350
1690
9418
1103
816
1072
10047
1764
4852
1805
1300
3068
3258
3187
2889
5128
3820
1594
3078
2463
3694
1945
3320
2315
2246
1333
1075
1959
2629
4809
5658
3385
2229
3085
9341
8415
2813
3449
4357
2599
4947
1942
2924
5765
5353
3077
2631
1038
1977
2425
958
2674
2184
1020
518
2197
2405
2282
10465
4412
2073
3228
4737
3236
6952
2974
2587
2096
1501
3073
3341
9090
3400
1810
2556
2100
3880
6874
10667
2958
6557
1526
4147
3322
2377
1082
1675
2261
4018
3024
2444
1496
3465
2227
9431
1472
1877
2311
2841
1407
4716
5310
3506
4605
5011
2978
5728
1665
1269
2562
7536
1030
3948
1076
8059
2265
3257
3365
3071
4820
5696
2298
2502
2828
5095
6513
6915
5820
2998
2815
2825
5316
2779
2060
3183
1201
1292
2393
7527
2065
3826
3035
3575
3062
4287
2718
4355
5552
7762
2723
4979
805
441
3568
2274
1637
5410
1883
2424
2118
3305
3024
3406
1124
10414
1735
3305
2953
2448
1442
2872
4570
2466
2232
3364
1961
1501
1556
2404
1183
1325
2274
4335
2022
5870
2383
14514
2045
2170
7042
1427
1978
2162
1831
5249
2381
1838
1807
4762
3660
6003
2772
2726
1352
2258
3830
4671
2129
16081
9292
2414
2917
2600
10763
5044
2846
2222
2346
1009
2693
1583
1737
1923
2651
2139
1715
3000
3220
1728
2572
2434
3866
2728
4849
1078
2749
3011
2109
2095
2400
2686
2640
5850
3671
3949
2176
2582
2545
438
1440
1110
945
1777
1036
2114
1625
8928
2161
6019
2895
4849
640
11526
1665
3236
4620
4525
2113
6293
5016
4714
958
2171
1781
2871
3402
1826
1158
1572
3755
3950
4512
7656
3575
1397
1376
2306
9336
4573
2766
4302
2453
2185
4446
4836
4800
2022
3600
1824
1127
5879
2237
2198
1959
5388
4284
3113
2168
2397
3908
5982
2865
2649
3415
3572
6365
2605
1495
4208
2388
2961
2663
6574
1613
5538
2607
2805
2817
4734
1342
1410
1849
5512
1761
9024
3287
8626
4054
5890
2478
6244
2815
1449
1219
385
5556
2559
2677
2270
1293
1578
826
9209
1803
2762
5652
8997
10590
9229
1017
1609
3083
3651
4107
1173
2153
7148
1502
3139
1810
5110
2708
5867
1681
3275
2162
4054
1526
4702
3784
7741
1348
2620
1885
2005
2223
2686
2766
6912
1764
5047
5846
4887
1365
2249
2181
1487
1659
1739
4674
7641
3998
2029
1679
3061
692
654
984
532
3496
5501
7394
