3643
12218
1043
1740
1578
8770
5664
9527
1838
1397
1553
964
4079
9306
1018
1881
7621
13176
13796
2768
3850
1572
2396
3777
2964
2763
1954
2236
4243
1828
798
2029
1436
2964
1027
2297
1377
2611
2296
1869
2080
6710
2290
3330
5267
3379
1249
1395
6183
9427
2507
1180
3721
3671
2463
2775
2444
2425
5866
2144
1562
1471
1732
3589
3028
4783
17750
1424
4120
1113
4528
1394
1374
2110
1515
6814
1926
3361
1439
2222
3034
3251
890
1088
1183
2362
1508
1418
1087
2116
1337
3770
1023
4947
1756
2146
805
1220
2603
1602
5695
1339
1293
3578
2499
2555
5492
24043
6866
2470
5946
12564
1164
2193
3874
1359
1157
1429
1648
1894
943
2103
11906
1582
2432
1518
1931
1400
1468
5544
2105
2733
1907
2233
3729
2564
3220
12681
909
2278
2882
1711
1359
2059
1339
2572
3536
3011
6723
2167
2131
1365
5015
2615
1182
3588
2240
4394
1984
1554
1364
2804
2388
2345
1714
4485
1509
1862
3746
3245
2067
10855
2390
3660
6723
4322
1670
1422
1841
16071
1532
1147
4530
2889
2322
5962
1756
1382
4948
1382
1400
2233
1368
1987
547
1504
567
3077
627
6066
695
2415
677
3066
654
4541
10557
5406
5873
8684
9116
2859
1674
2884
3995
3551
2866
2893
665
3835
823
8749
666
1601
697
2402
717
6608
780
1823
1812
5927
14127
6670
1629
10537
17502
1260
2325
2155
7211
3583
722
1360
784
1115
738
4687
678
6899
693
2238
709
2561
1020
12633
2628
4434
2628
3344
1903
2368
1239
7580
756
2713
693
2825
659
3428
653
2088
634
2696
650
3248
716
4502
3434
1486
2637
2858
1477
3644
1114
1674
1480
918
937
2042
2361
6480
2595
3608
1296
5522
7021
1678
805
1729
752
1947
3172
5835
2463
3410
2703
1908
4336
1736
2610
3002
1164
1624
837
9760
2722
1227
727
2978
730
3715
748
1819
949
1768
1292
6567
1473
2115
1398
3341
4352
1188
1551
4509
1814
3600
752
9003
720
2687
687
5062
668
1871
656
6824
633
2481
1201
1825
7100
5159
1848
2350
3670
1263
2082
1650
2791
6146
598
2754
611
4203
642
1638
657
6272
685
5240
661
1984
1505
6838
2884
2571
1678
2305
3628
2154
4513
1539
1271
1566
686
1457
658
3130
608
862
669
1273
693
1086
721
2666
2010
3639
3907
1489
1684
1845
6480
1908
2378
1355
8934
1594
837
1115
707
1509
707
2215
720
1343
700
1781
653
2138
1239
1910
1097
2033
1472
2971
1260
1477
1838
2080
1173
1905
711
1794
632
1572
640
7115
628
11274
2172
2594
1627
3429
1085
1125
3822
5443
1336
2167
2072
1862
1375
1552
1067
3521
4989
1799
2277
5080
1813
4469
4494
1363
2167
2023
2778
2962
938
1330
1702
1933
1760
2198
1609
889
1479
1181
1319
1401
685
3540
2534
1984
2316
2353
1829
3437
6660
3270
3388
2600
2048
1997
3502
1266
1426
1756
4119
1755
1331
2079
1344
1295
7243
4966
1876
2663
3656
3209
9107
9171
6191
2012
5197
5465
1383
1392
3778
1499
5142
6221
2688
2815
2131
1580
2065
3765
1893
1360
1799
2005
1618
1825
1920
3061
6494
2975
2322
1284
1305
1757
1250
4679
2537
17408
13542
8399
1278
1164
1363
2640
1371
2345
5716
1792
3185
3996
5187
4225
5240
5813
2107
1658
1743
4218
11612
3460
5428
7942
3447
2457
1835
1846
3784
2390
702
2051
3713
2591
4176
1699
2472
3137
2446
2562
1397
1551
877
1101
1663
1358
872
4826
1021
1168
2770
712
746
875
2070
2426
1484
2465
4035
4471
950
1471
2296
3845
4476
1029
994
2720
1071
6514
4816
1282
2800
3409
1557
7126
2314
14164
17338
1687
1156
3505
1416
1996
1659
1873
1534
2497
1668
1749
1284
2637
1050
1269
2748
1672
1764
1653
3241
3065
4450
7579
1460
2147
3338
3204
1640
5320
932
1754
3402
1684
1410
2540
2176
1585
1213
958
1132
1729
2781
4641
1173
1847
1168
1208
658
2216
1718
1797
1683
1471
1518
1432
2082
2295
2492
3390
3550
2295
2698
1920
2663
1151
1998
2883
2613
1371
2306
2608
2642
8616
829
1500
2731
6003
3490
1545
5383
1794
3744
1992
1842
3589
1510
2902
1072
1948
1833
2066
1840
1505
2204
1622
1292
2750
1843
5986
1281
2076
1315
1253
1295
1514
1154
1367
2115
1905
4460
2155
2439
2420
4726
1374
2106
1534
3770
1750
2770
1184
7899
5605
1736
4670
2122
1964
1604
2096
3171
3784
3975
2979
1540
2095
1629
3990
3821
4557
5696
8708
1248
3251
634
2192
1467
3029
2432
2600
1751
1463
1864
2593
2480
2973
1528
2586
1442
1475
1096
1479
1141
2296
4023
3328
4275
1421
3832
3550
1842
4634
1898
7955
2946
1794
3643
1326
2633
4673
1558
1592
1335
2406
3652
3552
1822
1662
6708
1942
3987
1113
1950
4815
2746
1496
5250
5163
1338
6239
6769
4511
5343
5438
5080
1199
1779
1526
1385
2341
2634
1158
1409
2997
2142
6413
2837
3390
3523
1357
2093
2588
2176
1294
3710
2268
2365
2084
1630
2438
1250
2620
900
2106
2291
1972
1083
1735
1094
1859
840
3964
4087
3063
8160
2676
1517
1646
4824
4394
2904
1934
4812
2227
5930
5293
1625
2317
2904
1684
2008
3981
1256
2609
1830
7166
2510
2448
2665
1792
2100
3338
1287
1792
993
1601
3341
2829
3331
5996
1492
1515
2177
2318
2536
1622
3769
2590
1371
1507
7596
7532
4307
1481
1707
1138
2331
1234
1934
3612
2532
1969
2181
6704
1148
1020
2512
1750
1712
6478
3471
1781
3749
6484
1292
2425
2190
1969
2704
3030
2248
2170
5747
1045
1273
1794
2406
1186
1007
957
1948
2055
1591
5125
1199
1729
698
1496
3018
3118
4207
4430
2567
3712
2671
1586
6715
6541
1392
1390
1505
5451
10794
1357
2217
1975
1624
978
1109
1754
1496
1389
3506
1660
2394
2194
4371
9456
6844
3419
1808
3547
4596
3056
2050
1540
934
5145
13496
1286
1496
1266
1459
3459
2509
5828
1407
1599
2074
7493
1480
6755
3934
3344
5264
3301
1568
2028
5387
3750
1804
3292
3318
3720
2047
1950
3065
2230
908
2809
2009
1240
1648
3087
1543
2650
17275
1934
2566
2142
4113
7293
4648
2111
1516
3626
2337
2163
2611
2477
3815
1465
1832
3706
3641
1489
4181
3751
2983
4347
10642
1103
1537
14170
1480
1472
1212
2081
1732
2746
1921
5781
5573
2016
3632
1584
1668
1573
2623
5712
1576
2196
1634
2116
2229
9912
1375
2597
959
1297
1199
1459
875
1229
910
1789
1040
3185
1288
1300
1072
1901
2552
1547
1095
1262
1983
2302
3646
3439
1416
1678
1262
1712
1864
8672
1513
1051
1356
23865
12460
2017
990
2026
2746
2249
2254
2935
1565
1566
1142
9120
1168
1313
6738
3639
2495
1455
2875
4655
14352
7107
2074
6112
2479
2886
1619
2197
2222
3453
2664
2345
1895
1940
5912
3054
4393
14593
9014
1990
3835
1936
2918
3197
3050
1538
2043
3489
1618
2056
1955
1865
4939
3281
4918
2938
3095
951
1689
1625
3833
2273
3178
2182
1306
3707
3058
2506
3193
2813
3089
1509
1787
4106
2516
5369
3694
2240
2788
2363
4032
3530
6910
4267
928
2720
1071
1628
1415
5543
18035
9302
7038
2596
4554
2930
5172
4415
1634
7308
1410
1341
1323
5010
1791
1058
1909
2323
5180
1583
4654
4952
1684
1827
2739
2549
1471
1391
2850
2544
2681
2296
3949
3089
782
1061
1233
2028
2085
2263
4172
2981
3753
3833
5243
4184
1224
2370
1000
1899
1406
2799
2097
2869
990
2310
1515
2814
1563
1655
1710
1369
2136
2275
2259
3187
1915
2788
3110
5840
2079
1765
1735
2660
3987
4425
1362
2687
1283
2301
2238
1741
2772
1168
2474
1247
2826
2192
3842
2780
2178
1476
2986
1104
1533
2404
2900
1490
1601
1292
1441
1329
2052
4478
3772
4883
3125
1589
1702
2095
3242
3185
1809
2317
1930
2486
3779
3270
5485
8198
924
5043
4564
3038
2450
2562
3472
3949
1398
8442
787
1242
3499
2365
5003
3215
1676
1822
1982
2497
2088
2384
7881
1365
3155
2036
843
1237
3279
3067
999
2062
2219
8062
2192
2968
12760
7532
9042
2120
4990
14622
1766
2019
7656
3080
1668
4958
2262
1962
4540
2351
4861
4469
2668
3593
2750
1558
982
1143
1536
3014
3618
1299
1739
1407
1273
2054
2589
2119
1274
1733
2400
5918
8981
1312
1631
3607
3055
4211
2739
2890
2168
3049
1451
4117
2625
1528
6874
4898
2617
2839
2861
1083
941
1376
779
2487
1052
1801
1064
1590
757
5443
1065
2074
698
941
6025
2590
3761
2086
2522
2909
3959
1151
2163
1409
1107
4242
2554
2129
2039
2812
1809
1963
1679
4462
1350
4660
3602
2690
3462
3541
2282
2569
2020
3182
7602
4451
1905
2809
2813
2848
1120
1612
3367
2767
2790
1375
3045
2039
3406
5727
2186
1923
3850
1645
8034
1406
1988
3900
1298
2262
2998
1185
4448
3149
2365
5328
2892
1888
5750
3996
1315
2747
1532
1729
1176
817
1888
1008
2876
2566
1335
6214
3453
2026
3051
1411
6156
1416
1284
1229
1292
1304
1873
1944
2886
2157
3837
4402
1413
2596
2043
1298
2146
2136
4410
1376
9742
942
10463
2831
2677
1628
2990
1178
2684
1502
1576
1303
4224
3626
1870
1066
2750
1376
4774
3117
782
1258
3161
2089
2026
3312
10698
1105
4782
3720
2320
1878
7046
1545
2474
2521
2902
1514
3823
3086
1219
1984
2205
3932
2620
1038
6086
1936
2606
1849
3918
1828
10745
1371
832
2380
774
11517
1348
1949
1265
1851
1030
4967
1378
1069
2118
1994
2867
11906
2879
3232
2242
3630
1806
5631
1035
4611
2161
3168
1327
4372
1878
2014
3526
1505
2605
2536
856
1425
8838
4541
2108
4775
4763
4292
4364
2467
1020
3905
3263
3923
1845
2857
1617
3035
5647
3206
1927
1205
1440
1520
2152
9564
869
3348
2877
2040
3396
4139
2482
2268
1387
1530
1776
1148
1211
5491
2606
3451
1167
1402
2285
3365
7550
5428
2974
17391
1784
9497
2172
2290
1886
1803
4412
2934
5092
1448
1093
2087
1481
4546
5392
5203
3115
2300
1175
1077
2167
1651
1932
6651
1737
2758
4152
2139
4271
3425
1691
1549
1120
2433
2617
3314
2346
11200
17401
1955
4023
1433
2152
1878
8196
2599
656
2039
1183
2647
1163
1588
3581
1298
1214
5194
4102
3855
2304
2160
3533
3033
3842
1643
2102
2702
9693
2780
8407
2444
1068
4851
1255
8554
1446
1207
2736
2749
3295
3877
3475
2111
1154
3740
1023
7992
1891
3085
919
2385
1544
1511
1248
5521
3674
10487
4006
2895
1984
1966
6474
1228
3932
2154
2245
1587
1174
7320
1116
1675
2494
3712
9460
12333
1203
2028
1053
2096
1483
1936
1047
2236
1254
747
1870
4407
4810
16366
6444
2932
965
7158
2881
2725
3298
3432
1809
3609
2056
1026
1214
5823
1366
1072
2058
2412
8713
1768
3270
2907
3125
2118
1626
995
1209
1244
1544
1564
4850
9477
2339
1280
2625
1754
2614
4280
6635
9508
1202
4842
4924
3003
2989
4284
1629
1557
2168
2323
2707
3979
2114
2230
1437
1514
2664
1527
2516
3913
2192
2205
5630
2326
1828
2784
8255
10224
6065
4814
2116
3956
4817
1119
2272
2665
21798
3053
9954
5084
1230
2157
6083
13660
4916
3307
1818
1990
1638
2416
1702
990
4887
1775
1184
1139
1206
1614
1141
8700
3449
1871
8328
3424
2378
1764
4007
1681
3432
3522
781
1073
1477
2688
1393
1368
2296
1814
4540
4627
2121
3481
5200
906
2279
3052
1420
2414
1059
2953
1355
2328
4932
1683
7253
1719
3610
5161
2044
2513
2336
960
1384
2195
2640
3044
1326
1548
1462
2682
1427
3025
2309
2374
1061
2784
2128
12179
1115
740
1290
3470
4694
7079
3126
2510
2277
2562
2615
2192
1356
3349
2135
2405
4429
5598
1440
2324
1467
2594
1724
22837
3577
1345
4638
1614
1611
1024
3800
1435
1144
1884
1162
1828
1794
2644
1405
2121
3231
3287
1696
1400
4880
4222
3414
1942
6662
2120
2555
1395
1922
1736
3273
1945
1941
1185
2197
2490
1120
2169
1513
3157
2331
3262
2089
2405
3152
1860
7916
6077
1464
6103
2489
2152
2183
2530
2952
4214
2813
1482
1492
2572
1532
1354
945
1532
4245
5207
8975
8131
2088
1793
4273
3182
1470
2331
1884
3273
1063
2886
1842
5916
2248
4269
708
1578
1295
1468
1472
1556
2074
1700
2142
3912
3215
2041
6659
2084
2262
2252
1610
866
7004
1413
1249
1250
1488
2670
1274
1539
1307
3029
1231
2980
1176
2023
705
2666
4031
3497
965
1508
674
1190
2137
1461
1954
2103
972
1024
1654
1870
3020
3700
1771
8643
1945
13126
1095
1268
1273
1774
2070
5614
1398
2131
2416
1223
3108
2000
1287
4892
2819
4565
4211
1869
2135
1759
1205
2763
1522
3883
1149
1201
2064
4168
1737
3444
1269
1657
1616
1253
2006
3378
3300
972
1158
3357
2219
2885
5730
1182
1416
3425
2171
2187
1004
1635
1491
1801
2653
8780
2005
1402
4342
1025
2164
1055
3148
8155
1209
3957
1476
1776
856
1344
1181
3702
806
886
2070
4154
1787
1893
4373
1743
2638
8580
4464
2796
2180
1574
2897
1725
1291
1154
1023
2494
3951
3092
2248
3748
8358
2144
1527
1950
9477
3629
2323
2327
2854
5074
2602
2955
1324
1354
4651
1443
986
1523
1098
2054
4509
1255
1205
2633
2392
3559
2247
1726
1944
3713
1686
2795
2465
2798
1955
1280
977
2829
4207
1134
2058
1747
2031
1754
3081
899
1076
3333
1266
3103
1054
1699
2875
2958
1027
1707
2373
2882
1935
1947
3746
1400
6096
11646
6052
791
1731
2916
1922
1511
1179
5050
1520
1359
2315
2937
987
4346
1656
3369
2891
1573
2020
2595
1220
1264
966
1853
3066
2322
1968
1958
1622
1811
923
9133
2618
1803
1967
2841
1456
7637
1880
1868
1997
2170
1513
11740
1234
3468
1604
1711
3406
7492
3548
2964
1898
1473
1741
17155
2638
1450
2210
11794
2952
11030
2360
3199
2831
3337
1953
1629
3706
1306
2878
1847
3770
3715
5743
4097
1460
1118
1625
3522
7963
2070
1884
2875
1507
1885
2613
3443
5520
1473
869
5688
1215
5688
1766
4892
2540
2098
2422
5104
2431
1189
8222
2564
2700
26482
4841
4594
2624
2348
2532
2933
1706
2321
2169
3280
1120
7003
1685
2165
3512
3831
3993
2053
4508
1244
1332
6678
2943
2337
6025
3521
2593
2338
1393
1699
3480
1178
1057
786
1153
2185
2006
1767
3126
1817
2530
2650
2300
4801
1879
1768
959
9561
1196
2060
2629
16446
1666
3332
1300
3109
3678
6777
1424
1878
4206
1173
1933
2672
1901
3078
2096
3061
1576
2017
1101
2755
1210
3191
2108
6575
1226
2889
1458
3448
1094
2607
2303
3190
1606
1578
5552
2851
2897
7633
2214
1257
4037
1299
3752
1114
817
1215
1144
1456
1118
3904
4892
2143
671
3687
1434
1634
1153
1125
1577
1411
1396
1662
3165
1618
1748
1647
4195
957
1675
5024
3600
10654
6869
955
1734
7542
1748
1384
3515
1080
704
1271
664
9140
656
9023
690
1497
1287
1304
2211
2306
1261
2163
1723
1202
1332
3904
6480
5289
637
1757
654
2783
660
2882
642
1129
654
1517
662
3433
1553
2423
1916
1205
1111
4279
2575
4043
4769
3199
1973
1170
654
2696
696
2357
637
2866
625
7295
663
1276
611
2116
1478
1715
2241
2599
6555
1493
2080
2353
11467
2555
3537
1510
787
1346
732
2420
854
3914
742
3287
757
2792
1256
2166
1334
1774
1378
2343
1112
2517
2397
1661
2353
1907
1081
2365
1108
4306
1044
2731
2246
1415
5094
1470
2348
1151
1651
1837
1328
3369
1495
1410
4568
3409
2681
3399
2247
4489
1854
2193
1066
2549
831
3643
3808
2031
1813
1690
1492
2235
2740
3506
1366
6657
2819
5373
1150
5210
4075
3587
2665
3097
2486
2444
1652
1509
1500
1854
1850
1493
1404
1705
1292
1308
1300
1519
1418
1436
3445
6329
1718
2608
6689
5618
7041
8014
1795
2165
2220
2212
1726
1428
1103
3966
7393
2203
1531
958
1777
1342
3841
1284
1309
2498
2263
1243
5528
3277
3960
8648
8328
2884
1699
6442
1105
1262
1471
2166
2008
2200
874
1268
17260
2263
2136
1922
1128
10259
1712
1629
1980
2520
1102
1136
4823
2089
1390
1559
4334
2628
1361
5022
1126
2763
2573
2050
2355
3698
5852
2769
1773
8043
4577
3347
2811
2809
3323
5077
1140
6609
1114
2624
3419
2262
3280
3248
3791
8363
1097
1620
1225
1356
1534
2032
1090
2630
3109
5468
4901
1411
1247
1669
828
1964
2060
4782
1424
927
2019
2282
1649
1859
1247
3032
1976
1009
1274
2223
1664
968
3251
3900
1532
2669
872
3414
2311
1913
4840
2025
2920
1810
2620
3294
1727
1648
1101
2486
3378
3790
7856
1445
1258
3949
4770
1342
1215
6202
1814
6963
4504
2475
1934
1749
1534
1866
1988
1872
1990
970
1775
2525
4948
2494
1846
9694
1532
1741
952
3939
1615
2466
1272
3028
2530
1366
1704
2010
1366
1227
2332
1422
1424
2478
1902
1152
1375
3080
1135
1866
3086
13474
2435
4236
3414
7560
1600
1589
4339
2450
1334
1548
2298
1755
1356
1596
1503
1129
3255
3507
3371
11536
893
2827
2016
1484
4137
1162
988
4187
1171
3043
25627
2448
4639
1521
1044
1057
3544
2812
2032
1469
2669
1723
3527
1781
2068
1205
5289
2835
1095
1428
5162
2957
1476
1682
11620
2759
3176
839
1631
1246
1446
1255
1060
6098
1643
1274
3496
2054
761
1720
1432
6483
1498
3141
2409
4904
1011
8678
1181
2118
934
2384
2978
2396
906
1704
1749
3328
1214
1352
1466
1121
795
2569
1973
3526
1620
2429
847
1204
1385
1271
2620
1281
4058
1654
1602
3352
4827
3769
1003
1207
1110
1377
3825
1678
2783
3012
2100
2096
2678
1855
817
5060
2024
2228
988
8179
2041
3259
968
815
986
1444
1665
7123
5351
2288
2074
1836
2492
8872
817
1474
1785
2787
2249
2764
2510
18534
1634
5790
1062
946
1547
3847
5139
851
1980
2710
1540
2311
2157
2295
2894
1951
24731
2924
2540
3635
1827
6679
1861
1286
2550
2844
2387
2191
1682
2866
5742
3729
2629
4966
975
1297
1112
1773
3544
2961
4051
2501
3255
6337
5813
4332
4544
4048
3835
2230
859
1245
2172
2297
868
1108
895
1683
2388
1739
1547
1394
2892
3122
2721
3093
4597
4036
2577
1628
1609
3403
3240
2420
2330
3112
2346
1015
957
2019
1796
2748
1111
1195
1421
1781
1394
9189
1410
2150
1057
1382
1429
3544
2509
2244
1085
2291
1233
810
2984
1802
7090
1616
3054
7193
4614
3179
2744
2072
1393
1818
2060
4015
1091
5123
4804
13121
4161
6482
1466
1392
8466
9344
1307
1507
3099
2127
2590
9027
2543
4715
1896
795
791
5121
2588
2297
2232
1856
1567
5662
1284
1873
1498
1295
1051
2422
1694
1367
1621
1110
3106
2100
3185
1924
1999
1414
815
1299
1339
3457
3191
2863
1646
1727
2215
2150
1642
1936
1785
892
2001
1493
1414
1285
950
3420
845
995
1799
857
3179
2733
1155
5665
3352
4643
5892
2439
1563
1437
1497
3452
1977
4195
7047
11558
1458
1706
1341
1413
1182
4575
1444
2008
4723
3853
5806
5086
2535
2277
2830
2988
2286
7729
14762
18826
5526
1068
4154
1532
2762
1728
3003
1772
2153
1716
2190
1534
1507
1175
1330
2650
20244
2721
12837
2751
3682
2921
3391
3895
880
1199
1425
1431
1390
1480
2340
1747
1210
1235
1170
3146
2183
3531
920
3225
846
4029
1411
3435
3191
4890
1593
3438
6509
3087
3820
3137
1913
1798
2301
3496
8537
2179
1901
1650
1907
6853
1511
2609
8198
10023
2029
1376
1326
2952
1306
2780
1411
3622
8059
3419
1740
2807
1093
2315
949
1414
1006
2775
2272
17259
1251
2979
955
1151
980
21040
1594
12719
1121
4887
2428
1193
1022
1260
1425
1410
1270
2627
2942
1259
1178
1377
1044
5260
1374
2316
1681
1724
2475
9275
1393
2877
6916
2809
690
7460
1457
3009
1568
2531
2966
905
1470
1608
1347
5228
1585
8144
2428
2705
1851
4740
1600
7252
4120
2106
4295
6081
1646
3923
2602
2165
1721
3272
1191
1810
2122
3166
1914
2609
5979
2374
2875
4191
3263
5386
6023
8131
1654
21849
1694
2830
5883
2232
4190
3760
2798
1757
2812
1429
2702
1898
3843
2943
2321
2142
2528
2104
3672
3211
3762
6212
1678
7767
4031
3074
1471
19652
1797
1836
1963
4064
3379
1545
3567
1892
1769
1051
1054
2346
1482
5878
1948
1695
1321
1518
2109
4696
3687
7458
1102
1313
4795
3818
1491
3233
974
1084
2054
1628
2970
3801
913
10956
1423
10265
1677
3168
2069
3007
883
7615
3781
6964
2022
1387
1106
4151
1727
1818
1663
1181
2034
1396
1834
10155
830
1675
1219
3925
2120
3466
1839
6600
4371
5331
2248
6420
5452
1029
1333
2364
1943
2726
3358
3242
2919
1924
1591
3154
11643
4359
1439
11783
3139
4038
10583
3675
10008
6639
13940
24021
1416
1340
2315
4996
2223
4075
4011
2148
2162
9286
13410
1215
1506
2771
3196
3245
2790
7023
6509
4121
2799
3805
2645
1228
710
2313
2274
3686
1383
1307
2424
2470
1754
2778
2921
1980
3273
2599
3444
6529
1336
1398
4094
6080
2826
2797
3114
6080
2411
1832
994
2391
2018
2799
1614
1647
5932
1509
2646
3579
2724
2183
2318
14095
8584
2774
1585
1437
1965
2038
3548
2105
3972
2675
2200
1176
1215
1592
2044
2080
7441
1784
3550
2093
2387
5121
956
11797
1202
9046
1082
3024
1448
3027
1675
2528
1861
1276
1124
2320
2168
1298
2940
899
1424
1009
4375
1430
1270
3070
1082
1152
897
13274
1549
2259
3190
15130
4468
14324
792
1198
1843
7032
2616
1176
2226
1800
4569
1384
6213
5619
1999
1701
4237
4337
4855
5723
3994
1890
742
4338
1612
2037
1785
3431
2426
1189
6222
2261
11398
1344
3072
6151
8845
1844
2152
4135
2512
4144
3790
14958
3377
2305
3487
2555
1155
1908
1118
1644
2956
1220
10234
5487
1712
5316
1695
2352
2043
2553
2988
7477
2571
2349
2010
4408
2904
5514
2817
2295
2148
1436
1430
2962
2139
2119
2316
2826
975
2086
3086
1570
1839
3070
9559
20456
5268
2754
2224
2953
2977
2003
5200
16479
19935
15103
746
1412
2668
1675
3840
6642
10746
1267
946
1681
1303
3265
3323
3779
2168
1654
1519
1837
2194
3571
1613
2082
1658
1466
944
2342
1289
4587
4872
2761
1488
2420
1028
1999
3863
958
1054
4677
928
2408
760
982
1000
3973
1481
3465
1476
7903
1619
1556
1701
2084
1491
5380
1893
5626
5809
7567
1136
1314
1089
3921
1467
2211
883
3782
4530
4232
1247
1825
938
3703
6163
1593
1353
1185
4454
1482
1519
3269
2364
2550
2782
2276
2872
1975
10720
3167
2706
5237
3102
1696
2245
4077
2199
1138
748
2633
2381
1842
1523
1299
2709
11803
8124
1656
2091
3624
1610
1349
1403
2146
1586
3262
2993
4800
1726
7750
2247
1882
1400
3704
3702
2412
1688
2490
1000
2793
3153
4049
1954
1116
4279
2639
3006
6025
1448
18001
17732
1826
1257
4061
3989
3377
2974
3867
1928
2594
4099
4406
1293
2066
1093
1491
3421
2637
2081
3318
3017
2165
1792
5644
11515
2234
11178
1857
6155
1687
1189
1195
11183
1429
1912
2153
1526
2069
1912
3987
7772
1796
1976
9707
2482
1163
1114
1333
1583
1711
2188
1402
2411
3615
963
1458
1115
2850
1324
1451
1100
2448
2882
4242
5861
1250
1715
4889
4803
2554
1547
2593
2394
4085
932
5059
2007
14524
1097
2225
1945
3048
1249
1621
1511
7843
2862
1812
1511
2618
1269
3580
1335
3219
2452
3755
3812
9647
1013
5592
2278
6824
14628
1997
1324
2450
935
1325
1217
1182
1088
1250
1956
857
1551
1598
1342
3039
1227
4853
2354
5686
2741
3053
3928
3069
1587
1363
969
1440
2649
4833
1201
2671
3278
15007
1675
15557
2126
1463
6136
1558
1350
1951
1282
3465
1598
3223
2445
2653
769
1978
1449
980
1426
779
954
3229
1132
2130
1940
4445
1686
2148
2162
2384
3088
2025
1811
1700
1715
2007
1022
1639
1252
1898
1097
1778
1022
1504
981
1984
1196
5098
3108
3829
7376
1746
3616
4628
11580
2695
1094
2057
15880
2328
1204
1363
789
5443
2882
1456
1631
1075
4028
1176
1049
1087
1050
1462
2135
2002
1420
3344
5771
8173
1754
11974
5602
1312
10176
3421
2022
5261
1282
2593
1614
3378
1823
6442
4467
746
3304
772
1864
6614
1450
4977
1777
4892
2841
4507
1374
2306
2725
15757
696
2145
1638
5866
4587
1438
2170
1412
1023
867
840
3047
1251
5501
2364
5664
1142
3474
1321
4709
1024
11849
2363
3130
1971
1113
1899
1662
1172
1023
1832
2121
3534
2195
1711
6880
3272
2272
1355
5484
1872
2152
3440
11190
1484
2976
1320
4110
882
1394
980
1458
1253
1638
4006
4132
1767
1000
6279
1277
1033
3756
2319
1507
4647
9123
2598
3633
1485
4655
1934
6003
1963
4359
1380
2049
4115
1380
1160
1608
1557
10428
2498
1789
2300
17508
2289
2673
1633
1156
2855
5786
7614
7740
1149
3289
683
1199
1314
2471
1082
1399
973
1096
1195
1978
1669
2170
3530
3408
12646
9408
3125
2621
1362
8266
3423
4287
10048
12715
2412
1391
3361
2919
2614
1725
1421
1454
1233
1440
1512
1982
1795
1363
15091
2188
5055
3207
3835
2789
4378
3667
1771
6433
7304
1622
2822
1335
4515
1014
850
3445
1815
1112
1054
1911
2749
3365
2010
5620
776
1920
1223
3722
6520
2255
1539
1894
1281
2836
3030
1790
2739
8261
2128
1465
1235
3997
2272
1146
1548
4131
815
1665
2419
6989
1328
3938
2871
8557
2511
2894
757
1588
1551
1661
4678
1351
1049
883
1449
2755
2288
1588
1706
3402
2852
3826
1369
8137
2884
4343
1465
12527
3923
1599
2676
1836
986
7808
1335
6155
1745
4470
1820
2637
1817
3711
1528
9180
1302
3690
4411
1996
11129
5464
2677
14219
2297
1231
2504
2220
2696
967
2003
1296
3381
2816
2280
1258
1701
1954
3156
11026
3191
6840
5583
18098
1572
3545
2102
7756
2214
3317
5952
3461
2321
1637
7269
3154
10274
3553
998
2445
9070
1171
3652
3759
1376
3594
1031
11785
1664
3490
1369
4683
1412
2138
761
1231
721
8373
1037
2761
1184
1769
1697
1817
1953
1334
3543
4512
1247
14306
5592
2069
3985
5594
7502
3703
7043
3607
5352
1423
1689
2246
948
4506
1354
2418
1551
1629
5850
6847
1067
8951
2661
5774
3117
3109
1331
2197
2773
5012
964
3362
1664
846
856
2942
1630
1379
941
4642
1087
1281
2393
1026
931
4120
5093
12784
1324
1761
3206
6086
1754
1376
6405
6853
1038
971
1373
1650
947
3945
1439
1283
974
1856
1046
1091
1216
2364
1709
1839
1377
1891
1360
3322
1865
7618
3506
1302
723
1006
1000
2201
956
3471
2510
2622
2233
1941
1322
16903
1437
4042
906
1698
8786
3591
3351
4566
6301
5657
923
2847
3788
2366
2911
1775
1674
2707
815
1971
1291
2048
1295
2217
4717
2080
1461
5574
6381
2575
1145
2970
1270
2765
1510
1898
5903
2768
1167
2179
1126
1076
1362
1725
2154
2522
2466
6666
2747
2270
4764
5438
2767
1000
5363
16050
1446
6033
3358
1394
1438
5430
1356
2374
1342
2160
1443
1312
1503
1874
1051
1016
3910
1389
2700
1613
4460
2428
1109
3894
4108
2585
7027
1604
695
1853
1111
1989
1361
1871
1751
1535
1279
2030
2164
1303
1659
4563
2417
8656
1527
1840
2469
1702
2528
18889
3087
6048
1267
4437
1702
2808
1102
7035
2938
1290
2436
3232
4485
1646
1525
2650
1033
2551
954
1692
1986
1467
2036
6174
3150
3629
1935
2017
2486
1108
4929
2263
1200
1813
1861
5549
7397
2964
892
1870
1586
5068
2037
3432
1202
1153
1368
2141
4271
810
774
5867
6306
2032
1460
1145
1053
5752
6366
1030
2469
1812
1938
3044
3572
4369
3496
1703
3424
2157
2332
2605
2135
7519
710
2403
2334
1480
1448
1288
2076
2726
3573
1353
1649
4300
1684
2399
6492
2232
5535
2298
5413
1730
4171
5800
2676
5006
739
2264
2576
2031
1749
1228
1516
2031
1961
1112
1195
1770
1849
1719
11791
3387
5913
4364
1866
5790
3855
8749
3173
2402
2584
1571
2614
4902
1124
2307
1535
1760
1443
2588
1898
1640
4528
3698
6891
2840
31349
5270
10739
1546
3181
2252
3972
2419
1873
1139
2653
1030
949
1832
1733
1259
1206
5129
2633
2199
1283
7784
2800
1404
1219
1217
920
2566
5213
1145
1097
872
717
2516
2073
1171
1093
5242
1333
4168
3792
1306
1645
4717
5139
3150
1752
2069
1821
1988
2680
4780
2876
4390
964
2294
5108
2255
1724
2663
2168
5765
1056
3772
1263
1425
1645
1347
1762
5560
1251
2191
5289
7258
1843
11194
2624
4600
6900
4576
1666
1048
1851
3553
1283
3236
2062
1247
936
1541
1034
10685
15605
1704
1423
4035
3838
2985
5164
2254
4290
2041
2095
6375
1264
1696
2058
3720
1424
1234
2061
2320
1687
1513
1949
895
2310
1378
1459
2187
3333
2319
6429
1065
7390
1738
5004
3965
631
2435
1788
2246
1597
2285
2611
2473
1093
1897
3829
1707
3954
2692
3359
1857
1789
2317
2214
1972
4454
3672
5882
3772
1022
1645
2978
2533
1014
4445
4229
1454
1137
2064
899
1956
5629
1758
2113
3393
1800
2795
8496
3249
2709
2499
1397
2337
1983
3228
1290
3564
1736
2224
1216
6340
2663
3757
880
856
2522
5348
1892
5826
1092
2461
1362
1933
1672
2862
1948
2123
1518
784
818
1562
1381
4146
1540
1136
1190
1181
939
926
1030
3900
2997
1656
2748
3001
1929
7089
2070
1818
1787
1730
2041
1618
1062
2003
3271
2210
1605
1023
1923
1447
1206
1440
1321
2869
1857
2841
5194
3774
1520
2806
2356
2662
2049
2625
2060
1653
1201
1958
1433
1177
1445
3459
1841
1977
3323
1744
1670
1757
1611
3271
2703
7701
1845
3664
1889
5146
1436
1953
989
1834
5129
2160
1240
1664
2057
943
846
2145
1501
1363
1396
1363
9405
2435
2808
1615
940
1650
946
1354
2169
1671
1487
1311
1802
2679
1522
2178
1660
1916
1923
3194
962
1184
2866
3194
2631
1973
3935
1451
962
7374
1967
3088
3353
1897
713
2011
1270
2506
906
2022
10138
5755
6200
2050
3481
2050
5502
2560
2817
1908
2276
8692
3577
3800
4869
2458
3779
4490
1252
4562
1051
1122
1039
1990
1158
960
1529
2661
1845
963
1224
1062
1193
2134
1475
1497
1045
7449
2322
4323
1443
1067
1035
2764
3163
1810
1717
2709
3275
1670
1640
1901
1758
1945
1083
2009
3549
2861
1412
2222
1463
3900
3824
2400
1197
4672
1103
2060
3686
3850
2143
3967
3170
2063
1617
1953
7107
874
1071
2208
5758
7423
5673
5845
11058
2248
2578
998
1970
4091
1435
4614
1459
1733
3654
3607
2141
2612
1232
1781
3749
2504
1436
4791
5538
1231
950
3020
2593
1830
1512
1719
3624
4656
1412
887
1723
2920
1315
2770
1158
3048
2425
1732
1639
1874
1034
9604
3409
12949
2698
6332
10116
1325
860
3055
774
1120
677
2506
915
2672
1376
2197
1735
2704
1973
6714
3185
1272
1310
1761
1713
1733
9109
7369
1278
2020
4906
6845
10101
2993
1848
2810
1119
1358
1281
9351
2889
1097
1376
1637
1322
1467
2381
5718
15134
2407
3058
3804
5418
6732
14774
2577
3078
2424
734
2019
1264
884
1197
2025
1092
1515
1175
3733
1366
2998
1090
1786
1830
6657
1386
6489
6116
6765
1442
2407
1774
2850
1992
1344
967
1449
1974
4000
2782
1582
3148
1832
1505
3092
1111
4404
3503
11881
2413
3596
2478
2248
1989
2819
1535
3284
2242
1704
1438
5344
2123
1772
1272
1741
1351
2977
1260
1653
1492
3165
5426
5096
2647
1363
25794
3425
1925
3838
2212
1060
1082
1786
1029
1023
1769
2422
1817
2211
2003
1300
1306
2304
818
2961
3950
1720
3662
20276
1787
5579
1951
5444
1289
2575
716
2104
920
2933
1935
3063
2180
1184
2798
2814
1233
4277
2248
4032
1655
5973
5183
2466
2404
2836
3284
3247
3377
3488
1088
3204
3796
2941
1944
3069
1810
1659
1796
1835
2269
1996
14032
1840
2135
2419
4499
1028
9030
7006
1366
4498
2419
2875
1352
2737
1005
1678
4334
2266
1995
4144
11511
1617
1299
1301
2280
1562
4543
2090
7232
4498
21552
4626
4930
1264
2448
2562
841
8376
1101
1690
1136
1836
3322
2787
899
1095
1339
1417
1487
2655
2343
3084
4765
1151
2369
1374
2821
1271
1255
1062
1262
3593
2021
1479
762
2263
1250
2470
1143
1706
1320
1140
1802
3699
1828
3478
3269
1119
2857
4991
1686
9524
2381
8016
1388
1369
1048
1666
1175
5795
937
983
1497
1949
1754
2018
3022
5324
3781
4353
1663
2732
1747
3469
1973
3270
1248
8583
2039
1788
1727
4326
1854
1060
1544
3263
2081
1206
934
1351
1113
5799
3580
1467
3155
10844
5157
2913
6759
1899
2263
13216
4569
1707
3626
910
893
1121
2178
6741
970
1969
1505
1684
3973
1309
4925
4086
4510
10568
3062
3503
4122
9996
12521
1474
1091
2864
3477
2715
6503
1101
2787
2292
1571
1549
3582
2381
2466
5250
2934
3049
3637
1325
3084
2467
3140
2894
3498
3208
1490
1616
2067
3734
3568
2072
1180
1029
815
1828
1301
3493
6633
2392
5449
2154
36885
5303
1659
2726
1549
1309
2161
2415
2347
7999
1170
7013
1068
937
2465
5811
868
1161
801
3036
1931
2380
2258
2053
7486
1948
1544
1877
2235
2851
2971
4160
1112
3051
818
2499
928
1663
1520
5012
3713
896
2453
4393
1821
1035
3387
1126
8888
1455
1704
3060
1950
943
1159
1255
2079
6521
1652
1126
1631
954
1652
3014
1501
1809
2445
1584
12162
4912
2907
2282
1855
1340
2378
980
1590
7939
1966
2949
1049
6678
844
3500
2208
1619
1181
1766
1140
1490
3158
1873
1588
1453
1830
2912
1841
1593
22010
3432
1334
3417
7272
2637
2475
1565
1513
3717
3612
7498
6664
4015
2090
2604
3530
1847
3522
3212
3436
3583
2181
1979
1431
2414
4003
11706
21355
5286
1307
1880
3492
3148
1345
1728
1648
2442
1740
3737
2901
1864
2422
1308
2111
1635
1921
2543
3422
3035
1830
1374
903
7535
1807
1800
7702
5523
1467
2443
3057
2597
3704
2347
4950
3601
1695
3632
9888
9162
3059
3590
2461
2175
4356
3838
14967
2636
2082
1329
1652
3072
977
1085
823
2398
1358
2404
1211
1295
2334
3623
3929
1497
1354
4383
2023
2291
2881
7486
2714
10606
1738
2727
2466
1074
940
1759
2829
870
1333
1144
3625
1605
2347
5040
1735
4780
2630
3422
5072
2977
2341
5767
5730
6804
1884
2384
1665
2670
875
987
2356
1670
1054
2066
3676
1778
2067
3681
2841
2882
9375
4365
3123
3407
5469
6262
5379
864
689
4544
1255
1496
3712
1921
1883
2207
1790
3751
3547
1580
16588
1471
6667
3187
1980
1891
3292
5029
2051
2001
3242
1719
1244
1388
1486
1047
998
1530
2044
2344
4983
1812
10008
1731
1322
7214
2633
1847
2165
2050
5225
3572
1540
2357
2280
3479
3604
4835
3784
1218
1211
1994
1836
1784
6194
4947
1775
2251
3832
8188
1350
3767
5096
3407
2283
4603
4624
1739
2092
2198
1504
1234
2234
3722
1245
2115
2533
2313
1987
2742
1103
2973
2275
3286
1883
2737
4427
2213
10888
4813
6045
2457
3956
3831
740
1306
1439
1777
1280
967
1193
1290
3227
1241
2191
4297
3111
857
6475
1907
2100
2571
1648
2266
3672
4938
3469
1213
1303
1640
1406
2619
1213
1264
1126
4502
2362
9125
3231
2596
4758
1585
1649
20397
3547
3372
4140
3136
2458
5665
4967
5891
1394
2418
1069
1198
2821
1730
1213
1400
2507
4069
2459
2807
2162
8941
5553
2450
1930
2888
2826
7530
3047
4325
2519
3249
1398
2091
4258
2208
2383
1748
1019
1480
2093
1120
1975
3884
6054
2420
4979
2978
7029
4154
5859
7099
7414
3515
1563
3167
654
1494
1438
2005
1338
2155
2997
1678
4751
1946
1648
10101
9264
18703
13454
1445
1906
5131
2748
5630
3901
4842
6263
2107
2006
1639
7177
2222
6214
2015
1204
1752
2799
1822
2233
3476
9737
1827
2551
1879
2513
2515
3255
3930
10232
1950
12142
6120
2772
1431
2950
2099
1070
2755
1889
2249
3562
2099
1744
1317
2248
856
915
943
794
3537
5300
8618
