869
889
805
868
837
902
834
766
1443
1693
1595
1597
1578
2033
798
864
838
942
878
894
956
884
818
912
851
920
1763
1540
1606
1230
1749
1210
1758
1317
1646
1581
1695
1584
826
965
784
994
810
1066
925
1118
796
1147
979
1275
1437
1407
1922
1467
1213
1605
1348
1355
1649
1304
1748
1319
926
947
919
924
986
1069
1878
1369
1897
1461
2056
1625
939
946
914
806
923
874
849
958
871
884
925
815
1447
1543
1227
1561
1413
1665
1401
1579
1422
1398
1339
1384
966
842
904
864
850
874
819
916
1079
908
1109
860
1678
1698
1120
1515
1314
1432
1661
1377
1432
1389
1346
1376
952
804
935
847
833
926
916
902
834
876
931
728
1412
1382
1563
1655
1129
1585
1586
1363
1500
1456
1280
1553
831
931
1063
990
912
814
969
857
754
876
803
901
1444
1339
1410
1248
1016
1425
1368
1347
1359
1214
1488
1412
933
888
1022
877
899
952
924
858
893
950
897
938
1604
1413
1464
1764
1694
1473
1622
1392
1249
1869
1671
1573
802
934
734
900
735
1020
763
1062
757
1208
853
1156
1641
1629
1693
1656
1585
1615
1312
1171
1442
1314
1712
1407
810
1004
771
902
781
1045
702
1034
794
1077
775
1154
1661
1417
1879
1507
1672
1692
1896
1520
1649
1630
1730
1216
851
796
846
848
801
996
810
848
794
841
851
838
1207
1467
1104
1404
1242
1515
1411
1498
1196
1559
1198
1319
823
965
856
988
811
924
795
948
829
982
750
933
1396
1418
1213
1501
1247
1376
1246
1457
1403
1459
1502
1534
812
810
892
860
935
878
891
805
818
888
842
855
1354
1325
1476
1451
1404
1259
1384
1199
1170
1377
1256
1412
855
900
862
984
749
840
760
811
782
814
802
850
1332
1306
1161
1085
1258
947
1418
1000
1460
1174
1123
1226
744
858
846
938
801
1028
845
840
807
894
833
892
1320
1359
1469
1387
1529
1324
1538
1281
1163
1379
1780
1576
777
934
785
1164
737
1044
753
1163
760
1238
793
1248
1473
1611
1404
1647
1209
1629
1268
1319
1211
1360
1246
1552
840
816
819
900
837
946
753
968
822
1060
833
1137
1257
1473
1486
1449
1303
1490
1374
1536
1710
1480
1670
1280
773
982
774
1035
782
909
794
798
828
888
823
989
1247
1318
1040
1323
1203
1418
1144
1364
1129
1353
1225
1426
793
840
815
877
767
879
776
908
936
912
979
1052
1358
1339
1182
1334
1120
1471
1252
1490
1013
1377
1005
1237
1045
940
1107
954
842
944
965
974
861
890
939
842
1040
1275
1150
1380
1100
1385
1186
1265
1035
1225
1151
1244
825
1100
983
947
815
992
829
931
893
961
995
867
1134
1332
1287
1138
880
1174
1102
1102
1140
1167
1122
1151
934
962
936
938
895
952
1062
1088
894
896
948
1036
1080
1101
1229
1263
1112
1285
1126
1322
1063
1254
1117
1237
865
924
778
994
821
1144
967
1218
1006
1374
880
999
919
1195
928
1499
1128
1540
1407
1304
1032
1229
1051
1139
887
864
1037
880
1022
1180
983
1180
946
1302
921
1130
1202
1540
1496
1540
1304
1590
1175
1400
1037
1404
1837
1353
912
990
920
1204
903
1068
896
1086
856
978
880
864
1256
1065
1304
1175
1106
1167
1266
959
1360
861
775
1107
991
908
1078
904
931
918
846
825
961
944
968
892
1136
1333
1335
1228
2199
1287
1451
1316
1292
1420
1117
1138
824
992
785
902
819
982
824
1003
835
1030
880
874
999
1282
1032
1280
1278
1250
1078
1234
1054
1248
1278
1313
1048
1080
913
1052
813
841
807
864
844
980
916
980
1152
1164
815
924
933
1096
906
1184
998
1097
822
1033
879
851
936
886
901
930
879
929
801
1008
826
914
1082
1141
1114
1141
1186
1155
1159
1277
1052
1171
1138
1272
778
984
755
1044
871
1116
854
1120
914
1234
935
1256
916
1245
1082
1374
810
1180
897
1065
868
1259
1250
1196
911
1018
922
986
1048
1141
1156
1300
1910
1093
959
1058
1289
1290
1330
1279
1155
1453
1252
1468
974
1604
1177
1692
886
1018
904
1642
894
1145
939
896
850
992
1098
1017
2634
1231
1507
1089
2562
1251
1246
1245
1213
1313
1551
1179
928
922
1002
898
927
932
883
957
972
982
995
949
1492
1172
1392
1120
1298
1183
1350
1285
1862
1235
1343
1190
983
982
878
978
896
1084
877
973
920
1024
905
884
1182
1169
1348
1472
1420
1413
1255
1264
1636
1332
1327
1499
953
918
920
1068
876
1078
916
1000
942
1018
970
1013
1124
1320
1167
1276
1064
1240
1177
1197
1171
1269
1159
1322
898
958
968
1001
902
1087
959
934
962
969
874
1036
1204
1315
1109
1320
1450
1497
1486
1395
1081
1397
1168
1228
857
945
860
1027
929
1064
824
1177
961
1202
849
1144
1264
1473
1125
1505
962
1393
929
1155
916
1309
1050
1192
885
929
839
881
999
1008
994
1072
1288
1253
968
1304
1408
1229
1188
1281
1183
1360
1088
1841
1310
1665
1194
1759
1076
906
1059
924
992
940
996
848
939
910
999
1046
1540
1082
1466
1146
1536
1217
1207
1109
1107
1236
1182
1098
1042
1002
919
928
1013
976
938
976
956
960
1052
873
1086
1088
1336
1093
1097
1096
1153
1149
1396
1123
1133
1029
840
848
975
856
962
969
955
1034
1048
1098
968
928
1080
1055
950
1309
1138
1331
1277
1281
1045
1510
973
1294
937
1025
973
1057
899
916
940
984
988
1015
958
1065
1072
1261
1046
1043
1034
1379
1321
1368
915
1656
1270
1397
945
969
959
1000
893
968
989
892
953
916
928
930
1130
1292
1254
1210
1113
1424
1233
1308
1149
1385
1173
1412
1042
1014
873
1064
836
1248
879
1278
941
1158
988
1244
1234
1576
1118
1394
996
1521
995
1225
1132
1272
1359
1359
1018
877
990
882
985
1033
907
1070
969
1116
931
1426
1290
1233
1145
1285
1249
1644
1083
1885
1246
1880
1070
1628
1066
886
1111
1019
990
905
1012
966
1097
908
1050
978
1294
1128
1287
1072
1214
1070
1239
1115
1180
1208
1226
1100
983
965
1292
1036
1063
946
977
958
1059
872
934
903
1142
1066
1205
980
1392
1072
1518
1430
1648
1072
1002
956
924
878
1001
934
940
964
930
1168
1208
1074
1255
961
1099
1021
1231
1149
1512
1141
1184
1169
1243
1279
1304
1161
880
1003
958
1000
899
830
949
872
920
962
876
990
1201
1152
1154
1449
1298
1475
1409
1566
1048
1505
945
1445
880
952
929
1076
839
1123
902
1039
919
923
946
1011
924
1384
1118
1391
1374
1392
1460
1244
1351
1589
1316
1581
892
947
894
1048
934
1200
1013
1336
1321
1393
904
1212
1224
1386
1298
1580
1159
1650
1329
1263
1162
1292
1205
1332
938
836
872
934
1037
1053
1026
1107
1083
1104
953
1418
1510
1226
1345
1434
1502
1694
1322
1494
1231
1480
1105
1568
1022
814
1027
802
1040
871
1149
952
1224
1004
1125
944
2005
1239
1230
1120
1444
1161
1241
1109
1084
1124
1155
1116
1050
926
978
1232
1016
954
1076
982
1128
910
1096
1035
1262
1100
1171
1177
1299
983
1139
1167
1227
1075
1223
1076
1073
864
1038
824
1062
987
984
1090
984
1008
1032
952
1099
1024
1051
1029
1098
1104
1081
1047
1560
1143
1252
1233
944
932
991
1082
1000
889
901
972
973
997
1064
1024
1168
1260
986
1242
1199
1399
1097
1436
1055
1427
1100
1540
972
1018
988
1037
922
1160
1047
958
1009
1011
1181
1039
1406
1480
1026
1380
1133
1524
1134
1404
1418
1385
1134
1564
1087
1054
1225
1132
970
1078
1036
1301
1018
1216
1106
1321
1080
1535
1055
1265
1092
1142
1027
1234
910
1261
1186
1482
1117
984
1048
996
1126
936
989
918
848
1104
840
972
924
1289
1047
1301
1317
1287
1021
1295
1266
1393
1377
1717
1162
920
1047
923
1031
822
1114
953
1036
1002
1176
950
1509
1136
1101
913
1122
1067
1192
1099
1371
1080
1251
1125
1128
942
1206
1034
1078
935
1057
1114
1100
874
1067
944
1142
1074
1205
1105
1296
1021
1319
1047
1224
1035
1063
1042
1024
904
1119
965
1069
1014
1112
1032
1017
1048
935
888
1198
1004
1244
1084
1330
1021
1064
1022
1172
1076
1250
1111
945
1018
1116
1011
1168
916
1461
1006
1688
966
1759
1037
1224
1197
1086
1272
1237
1373
1585
1410
1059
1397
1007
1494
1544
1166
1197
1038
990
1076
979
1062
1101
980
1101
954
1171
1375
1023
1387
1239
1440
1068
1539
1242
1614
1275
1487
964
1002
952
1102
922
1142
985
1014
1082
960
1086
1292
1265
1407
1031
1402
1178
1329
992
1116
1068
1384
1088
1669
1078
858
1075
963
966
974
949
1068
950
1069
945
1114
1302
1435
1286
1508
1216
1659
1421
1404
1511
1664
1183
1524
1089
976
1151
924
1005
798
1183
1068
1245
1018
1308
1068
1244
1179
976
1065
1192
1106
1174
1073
1200
1136
1436
1089
1096
962
1144
978
994
1066
989
1149
1311
1031
1090
978
1052
1176
1312
1112
1318
1144
1337
1069
1406
1041
1324
1035
1008
934
1175
978
1112
1055
1224
1063
1100
1206
991
926
1360
1181
1272
1161
1113
1224
1444
1125
1276
1149
1080
1195
1131
998
1001
1088
957
1049
956
1013
874
945
914
1040
969
1053
1076
1201
1117
1324
953
1352
1220
1385
1408
1615
959
1151
1071
1094
1047
1134
1021
1006
1172
967
1016
1006
1173
1261
1068
1419
1201
1431
1089
1441
1190
1727
1138
1566
959
1052
944
1015
925
1208
1002
1175
973
1222
940
1254
1132
1644
1015
1609
1329
1362
1351
1428
1226
1434
1332
1530
1005
851
991
926
1166
1046
991
1018
950
1238
900
1156
1388
1467
1261
1513
1150
1556
1308
1349
1365
1731
1336
1509
1043
1039
1036
1096
1059
934
1264
1004
1200
982
1024
1013
1149
1172
1232
1085
1075
1020
927
1107
1104
1043
1104
1051
1138
1096
1311
894
1097
1060
1188
1048
1064
1093
1016
1032
1123
1167
1072
1137
1245
1291
1800
1155
1539
1271
1132
1256
952
999
945
916
1014
823
986
1252
1112
1252
934
909
1400
1239
1496
1227
1485
1181
1301
1161
1235
1429
3278
1353
949
900
968
1148
961
1058
993
1084
1052
1060
1190
912
929
1024
1003
1085
1267
1397
1283
1235
1160
1175
1244
1435
1331
1058
1104
1200
1011
1084
1084
1076
913
934
1085
954
1161
1453
1064
1304
1100
1183
1102
1382
976
1429
1045
1238
998
951
888
1051
919
1262
953
1176
936
1189
1024
1242
1202
1383
1380
1363
1251
1219
1259
1144
1065
1402
1183
1252
1053
831
1014
937
1029
1246
972
996
885
1044
919
1162
1061
1507
1097
2221
1457
1920
1314
1991
1143
1624
1328
1669
1016
964
1177
908
1016
906
1206
888
1168
887
1102
963
1322
951
1093
1095
1125
1113
1312
1131
1176
1061
1202
1020
1130
1126
1118
950
964
1044
1081
1192
1120
923
1045
943
1106
1036
1155
1101
1151
1153
1286
1123
1014
1193
1192
1323
981
972
1012
934
1048
1055
952
1060
1024
1032
1010
864
1168
1132
1220
1216
1378
1193
1143
1161
1139
1211
1155
1317
1111
1204
1049
1000
936
976
1019
903
922
960
1046
943
1060
1115
972
1149
1129
1252
1050
1156
1088
1259
1244
1316
1120
1106
1144
966
989
967
1121
966
920
976
950
1062
981
1303
1045
1410
1164
1196
1094
1241
1004
1237
1325
1339
920
992
944
1026
930
1116
999
1126
1052
1079
871
1228
1692
1444
1180
1230
1147
1430
1383
1180
1091
1112
1256
1195
968
820
1004
917
911
1017
996
1092
1028
1060
1031
1070
988
1139
923
1604
1107
1732
1106
1723
1117
1324
1126
1272
1250
974
1233
904
1128
1040
1196
1012
1160
976
1389
956
1267
1045
1147
1088
1408
1119
1529
1231
1054
1129
1114
1073
1157
902
1240
778
1241
965
1018
1166
1086
1008
1124
1034
1090
1111
1063
1142
1128
1073
1149
1130
1120
1041
1135
1165
1115
870
1029
956
1176
1106
1066
1066
1069
996
1247
868
1171
1153
1177
1166
1229
1148
1081
1191
1161
1231
1016
1142
1043
909
1054
1244
984
981
1193
999
1073
1033
1053
892
1086
1060
1297
1137
1083
1240
1128
1078
1102
1301
894
1303
1182
1079
1017
1010
986
952
1065
955
936
944
894
993
970
1427
847
938
949
1363
990
1249
1160
1257
1076
1297
942
953
1016
1102
962
1118
1013
1150
1065
1160
995
1205
1154
1276
1198
1367
1079
1255
1293
1212
1005
1363
1065
1404
986
822
1129
906
1223
998
967
1002
925
1134
1029
1218
1052
1455
1020
1497
1126
1768
1279
2029
1161
1760
922
1425
1319
1028
1658
946
1264
1028
1213
1028
1187
1012
1320
909
1103
1021
1150
1104
1098
1149
1108
1164
1088
1100
1141
995
1220
958
1215
966
1153
1022
1158
948
1241
962
1214
954
1066
1067
1104
1095
1216
1204
1118
1037
1188
923
1172
981
1073
970
1080
1118
1173
1078
1044
994
1088
954
1105
903
955
1103
1230
1186
1169
1228
1079
1155
1140
1211
1076
1095
1096
952
987
904
918
906
1012
940
1085
962
1142
952
1061
1013
1121
1044
1076
1081
1078
1086
1021
1156
1169
1227
1211
962
1214
1080
1136
932
1177
990
1191
1118
1146
1002
1168
1259
1174
1190
866
1189
955
1203
1205
1281
1138
1100
948
986
1029
1101
982
1236
1078
1090
1200
1252
999
1203
1155
1196
1163
1468
1268
1296
1110
1353
1041
1521
975
1571
1102
1014
924
972
1059
1002
1015
1077
1029
1006
995
1028
924
1592
1083
1651
1206
1953
1119
1970
997
1848
968
1855
1500
1024
1348
1048
1342
1008
1312
1060
1270
983
1252
1014
1138
1091
1088
1111
1064
1072
1398
1316
1024
1106
1116
1115
1214
952
1137
898
1162
937
1149
970
1142
979
1177
856
1100
1109
1113
1191
1302
1149
1347
988
1255
937
1126
1102
1218
869
1117
1063
1056
1012
1036
988
1174
1013
1057
908
1226
1030
1560
1091
886
1061
1200
1078
1203
1229
1453
1108
1032
1046
1012
1043
989
902
1016
934
1008
1066
1136
1002
1398
940
1092
937
1112
1094
1018
1123
1021
1239
1030
1269
1264
911
1227
963
1184
1012
1158
1022
1191
1050
1208
918
1048
1101
1040
1159
1010
1191
1084
1168
1079
1346
1162
1203
1044
966
996
998
925
1110
945
1107
1055
1138
959
1119
1010
1234
1489
1398
1792
1232
1075
1400
1062
1589
1038
1333
1086
892
1036
954
1095
1006
1028
1089
991
1146
918
1084
1039
1581
1217
1638
1245
1376
1046
1758
1232
1701
1029
1577
1156
1076
1060
910
947
1054
992
1038
1017
1005
1241
992
909
987
952
1093
1077
1184
1091
1281
1124
1171
975
1157
992
948
1058
851
984
996
1233
1028
1234
1029
1132
892
1089
1199
1002
1213
1354
1108
1153
1133
1144
1120
1216
1199
1020
848
1015
1014
1114
1108
1048
1070
1031
920
1138
951
1130
1028
1236
1131
1172
1073
1248
1107
1231
1083
1286
1113
869
1112
928
1122
901
927
924
1223
959
1052
1073
1017
1279
951
1234
1028
1296
1171
1346
1189
1336
1315
1188
1184
1163
1018
1290
960
1091
1085
1316
1050
1038
981
1194
1104
1322
1308
1176
1171
1228
1308
1361
1225
1214
1206
1438
1155
1078
1053
1002
983
929
1088
1000
1112
1104
1226
1135
948
1221
1361
1096
1390
1114
1265
1258
1425
1187
1625
1160
1400
1054
846
1076
924
1024
1048
988
1036
1126
1176
1131
1294
1229
1540
1208
1548
1180
1748
1192
1572
1241
1544
898
1598
952
1020
955
993
937
1015
918
1104
854
1016
924
918
927
1020
927
1154
1010
1149
1172
1154
1065
1025
987
1006
985
866
957
786
998
894
1045
930
998
988
1055
882
1123
1141
1149
938
1200
1009
1168
1017
1320
1015
1352
1003
1088
872
1168
840
1236
918
988
1039
840
944
949
941
1671
981
1657
1049
1950
1073
1274
1183
1245
1234
1191
1131
755
942
869
1120
931
971
1052
1014
990
1064
1012
892
1162
1064
1190
1052
1183
1142
1088
1173
1202
1230
1229
1115
1035
942
1068
1006
955
1067
932
1024
1072
1152
1077
1076
1048
1257
1398
1190
1354
1267
1165
1243
1116
1235
1347
1338
970
982
809
1082
884
1200
870
1174
882
1120
888
1039
988
1427
1026
1311
1110
1164
1029
1414
862
1462
1319
1253
907
965
957
894
1108
1000
1042
954
1027
1093
903
1083
1160
1352
1133
1582
1065
1519
1100
1588
990
2007
1230
1743
970
924
987
1010
978
906
936
1030
1099
980
1160
882
854
1055
1050
1271
1139
1114
1081
1224
1044
1182
918
1028
1028
938
1165
915
988
916
1035
921
1097
858
1029
890
877
1040
1063
929
1112
963
1078
1004
1257
963
1298
999
1044
909
1117
1010
1098
1076
944
946
1067
824
1044
877
1504
999
1844
1069
1441
1042
1120
1163
1306
1118
999
1185
942
1058
970
936
846
898
929
923
978
909
1044
1022
1320
1010
922
992
1157
1057
1167
1140
1082
1166
1066
1225
1041
1018
885
936
931
990
985
1022
892
958
1016
970
1192
1155
1316
1182
1182
1283
1091
1232
1108
1201
1007
1122
932
868
912
997
893
1060
996
1074
909
1144
910
888
1188
1355
1196
1321
1109
1279
1129
1422
1005
1589
1167
1416
915
864
1008
966
979
982
952
968
1007
904
881
1067
1172
1699
1229
1685
1287
1985
1485
1735
1442
1289
899
1349
932
902
920
926
727
904
878
902
845
918
928
901
1073
1195
1138
1056
1060
1128
1119
1099
1108
1141
1069
1029
864
852
1016
943
1048
894
1138
966
1085
970
1016
946
1114
1053
1130
1109
1084
1040
1414
1200
1164
1084
1227
960
1165
1012
1211
911
1088
990
973
926
955
855
915
905
946
1021
1261
1070
1381
1050
1468
1053
1070
1040
1311
955
723
992
899
924
857
866
859
954
932
967
967
911
1172
897
1226
1025
1358
1174
1154
1105
1120
1193
1152
1218
872
978
856
930
1023
962
900
984
997
912
1099
718
1168
1103
1100
1315
1208
1173
1404
1140
1164
1125
1008
1179
975
875
870
1042
816
1156
798
1122
970
1223
888
950
1219
1343
1120
1228
1005
1111
1114
1424
1156
1661
1406
1857
1167
880
1184
1000
1283
978
1281
1152
1388
1078
1079
1116
1049
1300
1001
1665
1390
1670
1290
1948
1222
1848
1098
1570
903
1018
1315
921
954
962
916
888
1013
976
974
1090
860
1057
891
1107
862
1207
926
1207
977
1069
967
1161
1014
910
1061
881
1018
930
1027
992
1175
1008
1010
924
1075
1158
1029
1051
1302
1114
1250
1082
1136
1120
1233
1148
832
990
1142
1008
932
1098
877
1011
933
848
1013
988
1069
1143
1047
1109
1260
1152
1160
1244
1117
1143
992
1096
832
1049
735
966
804
850
788
936
819
905
795
1006
956
1063
1076
1113
1115
1009
1213
1048
1084
1124
1260
1213
935
1054
936
936
943
1044
902
922
989
1060
1001
1163
1136
1171
1094
1132
1134
1227
1058
1226
1190
1124
1140
1141
928
1042
916
1147
938
1140
930
1067
993
1314
975
1257
1184
1282
984
1302
985
1325
1051
1619
1036
1788
1029
1658
1215
1074
1022
1050
1034
1031
996
1160
986
1169
960
1200
1220
1819
1326
2056
1260
1880
1262
2079
1029
2164
1153
1684
935
1030
965
1011
990
1113
1101
1076
1087
1039
1193
972
840
1087
832
1050
806
1167
823
1128
936
1163
1100
1257
1170
924
1112
884
972
1032
1038
926
979
1090
952
1044
1020
1276
1004
1266
1283
1129
1367
1093
1142
1065
1480
1136
916
963
1041
986
925
946
914
963
904
921
819
1024
1079
1150
1272
1274
1269
1164
1174
1160
1218
1079
1206
1021
780
1004
759
992
872
889
974
898
944
932
940
894
1512
1045
1084
1204
1305
1203
1250
1156
1273
1143
1140
1151
835
1014
951
1141
950
1016
1032
1008
939
1049
1297
1050
1139
1123
1289
1233
1257
1186
1133
1412
1096
1107
1105
1251
1039
1069
1028
1064
954
1084
972
1038
1089
1305
1220
1204
1104
1322
1093
1389
1058
1260
1242
1628
1089
1565
1183
1840
1295
1080
1231
1076
1112
1038
1047
1016
1108
1087
956
1179
1132
1721
1210
2027
1205
1804
1114
1821
1124
1664
1157
1727
1052
1129
1013
968
1039
1014
1043
1071
1127
1046
1022
860
882
1178
869
1055
963
1151
1020
1190
940
1052
1135
1180
986
942
1014
1005
1052
870
1136
921
1011
980
976
941
1194
1284
946
1168
1126
1203
1174
1063
1252
1071
1490
1240
876
934
850
1054
883
1006
899
1102
981
970
953
932
1290
1077
1293
1158
1233
1119
1149
1137
921
1131
1157
1015
809
1092
804
1066
897
910
856
1064
739
1026
954
1018
1236
1017
1140
1149
1098
1397
1367
1186
1190
1284
1227
1219
787
1123
931
937
1016
1066
950
1110
1319
1082
880
1133
1169
1245
1167
1267
1117
1273
1146
1163
1043
1166
1114
1204
925
1026
999
978
894
1078
849
1163
1156
1042
1158
953
1107
1514
1076
1308
1138
1194
1186
1375
1184
1697
1153
1656
1261
922
1310
1010
1184
1098
1142
1226
1106
1147
917
1238
1164
1697
1162
1746
991
1748
1141
1881
1203
1877
1169
1628
868
1042
1036
1130
954
1034
864
1079
933
972
959
1007
1064
1219
977
1083
1099
1271
994
1282
1126
1016
1148
1143
1023
1018
912
942
970
1063
903
1084
992
1014
1007
988
1073
1192
1040
1110
1226
1193
1254
1120
1064
981
1055
1274
921
1032
865
895
1027
1214
879
1035
848
936
944
938
1005
1425
1200
1340
1084
1181
1057
1144
1129
1201
1121
978
838
914
872
878
894
771
937
919
938
1006
927
1098
1143
961
1226
1183
1086
1374
1196
1193
1116
1037
950
1132
997
1146
1079
1094
1026
1017
1003
1078
1047
1120
1389
1115
1119
1181
1120
1209
1096
1370
1507
1159
1121
1231
1133
1218
1018
1064
975
974
1014
1143
1018
1123
1008
1131
1181
1010
1019
1287
963
1209
1141
1329
1144
1419
1034
1424
1198
1343
1005
958
1268
956
948
1044
944
1084
920
1180
1018
1424
1232
1600
1286
1246
1106
1345
994
1527
938
1412
1135
1603
941
1006
959
961
942
1002
988
1068
1028
1051
1094
980
988
1076
1017
1171
944
1379
1215
1300
1058
1187
1228
1080
1083
1030
982
1049
944
972
1044
982
960
1016
972
948
1164
1079
1055
992
1372
1084
1288
1148
1097
1082
1246
1341
984
950
987
1028
992
992
907
968
790
907
998
912
1193
1240
1160
1089
971
1233
1050
1164
1086
1295
1181
1117
952
983
912
941
932
819
1038
948
1030
918
1136
1036
1183
1069
1261
1172
1026
1237
1086
1174
958
1236
1032
1192
1070
1076
1138
1062
1098
1092
1175
1046
1233
1045
1323
1115
1228
1133
1382
1327
1031
1109
1183
1201
1231
1288
1113
1265
1148
1032
1075
1080
1144
1036
1239
1114
1261
1209
1544
915
860
1261
1052
1388
1180
1279
1051
1367
1332
1493
948
1743
1560
978
1243
1069
1392
958
1193
1093
952
1076
948
1189
1195
1491
1063
1745
1539
2085
1084
2046
1143
1963
1123
1574
999
997
981
1002
854
944
800
1015
968
942
972
1022
938
1185
1023
1081
1000
1273
1099
1185
1138
1185
1038
1158
865
946
907
898
891
852
886
838
788
812
744
906
1261
1226
1113
1114
1142
1114
1073
1062
1161
1062
1185
1144
953
965
936
942
984
911
897
1030
1010
922
922
916
1090
1265
1139
1221
1082
1068
1088
1155
1126
1108
894
1063
798
898
989
987
984
866
966
864
805
837
1016
1004
922
1080
980
1196
944
1269
944
1211
903
1270
1055
1260
894
1046
1136
960
1028
979
788
979
1110
1074
1325
1036
1160
1237
1188
1097
1086
1232
1223
1278
1417
1269
1158
1318
1024
964
1084
1077
903
1006
959
1040
836
1022
1001
942
1247
1192
1314
1365
1235
1382
1127
1444
1190
1360
1384
1373
1097
926
1076
941
1112
940
1086
1044
864
1140
892
1198
1290
1498
1310
1675
1202
1823
1164
1962
1497
1759
1090
1503
1211
1056
1160
950
971
986
972
1034
973
908
911
944
1012
1181
1045
1278
973
1472
1031
1303
1163
1201
1226
1280
834
920
898
949
939
890
846
902
787
982
792
925
950
1379
840
1209
1009
1185
1090
1249
1290
1192
1119
1200
758
1001
875
992
928
988
919
906
1055
984
906
898
1059
1173
1131
1271
1097
1195
1045
1254
1028
1451
1137
1221
995
1031
934
1012
944
888
1136
922
1039
960
866
988
1357
1415
1010
1276
1044
1284
1096
1403
1098
1309
1076
1196
1012
1058
1173
1140
1118
996
1186
932
1100
924
893
977
1122
1129
1143
1155
1090
1304
1049
1268
1040
1187
1119
1141
1047
954
1061
908
1237
1067
1092
944
909
850
1088
814
1112
1192
1073
1457
1068
1405
1165
1401
1095
1233
1236
1225
951
975
1134
1026
1072
1126
1054
1199
935
1142
924
1107
1277
1549
1157
1859
1336
1738
1048
1837
1250
1813
1131
1616
1000
1076
1064
1057
989
1134
1016
1182
981
830
1031
1002
934
1294
984
1099
936
1269
1046
1417
1456
1408
1134
1376
1049
1025
1008
1022
1101
977
968
888
977
990
914
954
1139
1501
1324
1267
977
1124
1236
1136
1134
1078
1275
1246
941
1025
889
1006
828
1000
1065
1008
1074
875
1114
910
996
1119
1077
1115
1098
1080
1034
1185
993
1206
1071
1201
1046
901
1111
1001
1074
990
1180
966
1145
1082
1058
1097
962
1377
983
1400
1166
1315
1188
1394
1175
1426
1192
1260
1026
950
1076
970
1180
1086
1247
949
786
960
1221
986
1100
1177
1241
1213
1052
1221
970
1168
1019
1147
1111
1063
1114
992
791
1043
901
990
905
996
904
866
902
861
1086
1185
1049
1346
1184
1357
1143
1547
1144
1453
1279
1498
1080
964
814
943
898
1139
931
1145
912
1190
924
1048
1180
1549
1218
1619
1162
1858
1046
1732
1104
1733
1104
1524
974
1092
968
994
911
1086
894
1049
958
1022
1070
962
915
1100
860
1175
953
1250
970
1200
948
1396
992
1253
1115
1067
927
1002
898
1098
1125
982
1140
942
1125
1014
899
1321
950
1296
1227
1202
1086
1221
918
1200
961
1257
944
1065
1005
1098
1094
1052
1046
1031
1291
1142
1073
964
968
1216
1349
1220
1005
1060
1022
938
1034
1144
1054
909
866
1120
1324
968
1154
1000
962
1053
1189
966
1200
1005
1002
1122
1010
1344
955
1189
1034
1282
1068
1325
1087
1441
1047
1040
1045
961
1130
951
1146
946
1105
950
1033
1046
1051
1329
1126
1241
936
1228
1103
1249
1057
1168
1082
1249
1016
976
1076
1100
934
1063
1005
998
903
892
989
928
1102
1323
1098
1393
1132
1591
1146
1670
1097
1620
1108
1445
1062
996
1128
1024
973
1018
964
1144
950
1238
960
1238
1155
1843
1187
2001
1512
1934
1212
2016
1160
1817
1107
1761
931
1200
901
1126
964
1081
961
1004
1029
1157
1061
1096
876
1209
949
1220
870
1153
878
1220
987
1073
996
1161
990
1137
1069
1089
1052
1205
1320
920
1172
866
1073
868
1029
1237
960
1202
1126
1289
1238
1289
1112
1210
856
1283
1175
985
955
995
1152
1023
995
1049
1111
880
957
927
1036
1334
1076
1240
1145
1133
1098
1055
1095
1103
1336
1302
1000
874
1093
1016
1117
1034
1130
1174
1202
988
1026
1018
1122
1144
1036
1323
1037
1445
1172
1502
1296
1449
1236
1372
984
1062
1127
970
1205
944
1144
1024
1150
930
982
809
1132
1379
1086
1156
1048
1395
1345
1293
1266
1349
1104
1272
1031
1078
928
1072
968
1260
1047
1069
744
974
1044
975
1196
1487
1206
1486
1148
1573
1035
1744
1070
1732
1250
1802
1032
1144
1102
1106
1015
963
977
1156
980
1297
869
1410
1200
1801
1059
2012
1119
2122
1158
2113
1096
2056
1050
1915
1075
1169
1008
1068
984
1098
863
1287
1013
1106
932
940
1037
1189
1121
1227
881
1291
924
1125
893
956
1188
1191
1127
1300
1122
1054
958
1136
1038
948
906
859
896
920
991
1419
969
1390
1058
1411
1126
1281
1086
1251
817
1431
1040
952
913
1000
1018
942
881
882
906
1011
851
860
1111
1405
1001
1317
1154
1235
1067
1274
1099
1391
1176
1396
982
1125
872
1028
875
956
820
930
1160
1040
1120
1042
965
1338
985
1548
992
1800
947
1605
991
1610
1080
1688
843
1028
1188
913
850
1048
1110
898
868
1018
795
876
994
1357
1077
1505
1098
1372
922
1592
838
1253
1079
1346
810
924
1008
1155
972
1089
1274
1068
1046
929
832
880
1110
1552
1161
1679
1142
1689
1153
1726
1184
1865
1108
1808
1011
1002
1021
955
950
1036
1257
1220
1224
1270
1074
1362
1186
2070
1010
2074
1013
2295
1258
2188
1060
1897
966
1921
1000
1381
994
1337
1080
1102
1057
1240
1093
1052
1013
1186
985
1197
887
1186
941
1172
966
1246
1096
1212
936
1284
899
1169
1051
1043
1154
1080
1321
1060
1059
942
1004
1048
1261
1461
1118
1527
984
1416
1019
1364
1028
1256
927
1434
898
1066
991
986
1148
968
1094
867
779
1021
916
1138
925
1416
1331
1381
1335
1333
1168
1318
1184
1370
1049
1312
875
1089
866
1036
995
1058
852
1106
722
1088
1000
1066
1081
1409
1188
1625
1262
1811
1002
1701
914
1750
1006
1616
868
842
978
950
899
1005
1100
974
1003
980
872
853
958
1595
1100
1608
1306
1743
1214
1667
967
1618
915
1218
650
1121
914
996
788
1191
939
1170
869
1050
914
862
1108
1793
1146
1472
1234
1736
979
1543
1078
1916
1279
1855
852
1002
997
1129
1033
1196
1061
1100
998
1260
1110
1654
1220
2036
1160
2115
1206
2250
1320
2251
1162
2019
1060
2004
1044
1346
1154
1305
1106
1092
989
1040
994
1176
1018
1230
840
1159
976
1246
907
1302
977
1199
975
1116
980
1297
1174
1174
1221
1138
1163
1178
1488
1087
1278
1075
1094
1082
1032
1324
1197
1285
1028
1263
1082
1208
1017
1087
1052
1330
1279
1150
882
1096
1050
1166
911
1127
922
1024
999
1175
1069
1353
995
1392
1126
1284
1108
1409
964
1332
1000
1400
984
1006
910
993
858
1055
932
1190
1029
1079
910
1213
1133
1367
1016
1445
1038
1765
852
1586
985
1693
911
1522
912
926
872
1024
1006
998
1087
1014
1023
1111
1163
1173
990
1495
1069
1724
1132
1500
979
1639
1024
1681
1109
1705
819
1220
900
1138
1143
1206
1175
1142
1150
1125
1129
1172
1091
1688
1138
1603
1196
1452
1213
1759
1008
1701
1178
1843
1858
1110
982
1000
1097
1243
1049
1280
1154
1247
853
1276
1128
1825
996
1906
1257
1925
1333
1947
1178
2047
1159
2157
1249
1166
989
1188
1076
1140
1069
1296
908
1100
919
1252
942
1140
838
1202
1002
1188
844
1269
1022
1173
892
1138
988
1105
941
1190
1000
1200
970
1249
900
1072
837
1226
994
1352
917
1461
950
1543
971
1398
927
1274
985
1467
1061
1103
1066
1052
970
1122
953
986
1064
1013
746
1123
942
1383
966
1342
991
1371
954
1414
913
1358
929
1345
1082
1205
892
1067
1096
1080
926
1104
990
1032
862
1268
1123
1287
996
1329
991
1582
1131
1566
982
1498
885
1772
1019
1154
818
1698
866
1021
1002
1109
1072
1087
1039
1109
1091
1527
1060
1544
996
1685
1024
1483
1030
1415
1053
1354
856
1312
1240
1236
1149
1579
975
1160
878
900
796
1102
986
1424
932
1385
1130
1553
1126
1499
1097
1824
1192
1727
874
1017
994
985
1032
1096
1082
1307
1049
1156
986
1378
1160
1768
1108
1866
1256
1984
1198
2001
1245
1779
1236
2077
1068
1356
954
1142
925
1141
1157
1261
889
1295
903
1434
889
1077
989
960
1220
1086
900
994
932
1042
940
1215
895
1301
792
1152
1028
1148
1092
1324
1199
1464
1125
1174
1142
1225
1025
1377
1175
1267
1011
1223
1049
1351
1057
1439
1176
1158
1107
1090
1100
1026
899
1016
1002
1078
1099
1110
1145
1393
998
1471
903
1382
916
1531
848
1363
839
1235
872
1142
908
1102
980
1132
1028
1082
780
1233
1048
1228
898
1200
866
1176
824
1287
1048
1393
854
1441
963
1510
1034
1022
1001
1092
1026
1028
1087
952
774
1002
903
1164
1020
1511
1106
1589
1071
1654
932
1576
878
1499
1027
1540
827
1204
1110
1356
959
1316
1004
1138
922
1044
986
1268
1055
1661
1051
1517
1288
1553
920
1635
1044
1900
1413
1860
991
1100
1118
1140
984
1130
1239
1326
1416
1284
1162
1397
1114
2176
1294
2405
1123
2056
1246
1883
1292
1912
1411
1812
1079
1184
1036
1273
934
1116
942
1214
978
1206
956
1212
918
1149
1579
1207
826
1310
973
1213
1041
1311
1243
1405
999
1073
1022
1092
954
1050
1115
1096
936
1058
1084
1176
1174
1273
988
1248
1121
1282
1038
1412
1172
1310
1248
1516
1065
1254
1119
1202
1003
1111
954
1159
982
1094
1007
1134
1100
1500
1260
1521
1106
1400
1080
1563
1318
1527
1286
1259
939
1260
947
1128
1101
1189
1032
1176
999
1305
1147
1260
1206
1265
963
1281
948
1461
1007
1427
1074
1341
1240
1431
946
1084
921
1054
910
1074
1127
970
1154
964
1142
1030
1182
1419
1309
1663
1140
1452
1058
1435
1046
1297
1108
1710
956
1155
1025
1226
993
1527
1078
1214
1128
1094
1001
1318
1112
1526
1411
1475
1130
1579
1094
1815
1108
1721
1246
1927
992
1093
1094
1093
946
1178
1003
1287
1138
1392
1316
1404
1152
2106
1216
2318
1255
2190
1535
2075
1296
1929
1207
1986
1024
1081
1038
1111
978
1144
966
1132
1082
1132
1070
1291
1069
1237
856
1160
832
1344
904
1337
1054
1359
1012
1245
1100
1060
1100
1136
1088
1182
1048
1087
1056
989
1036
1158
1430
1394
1166
1364
1058
1166
1077
1159
1118
1211
1224
1286
947
1165
1055
1161
1134
1168
1013
1161
1137
1146
967
1162
1148
1386
1148
1360
972
1377
1212
1469
1084
1445
1209
1413
990
1180
1008
1094
1220
1264
841
1230
972
1136
1070
1249
1076
1754
1002
1713
1090
1648
1033
1591
1283
1525
1139
1390
1015
1115
940
1161
1128
1019
1017
1001
1087
1059
934
1072
1415
1528
1390
1306
1166
1699
1199
1439
1053
1361
1226
1441
933
1231
1146
1230
1256
1488
919
1127
893
1004
882
1335
1219
1513
1153
1553
1172
1540
1238
1648
1226
1525
1433
1607
1109
1224
1006
1125
1064
1398
1213
1396
1292
1468
1188
1384
1293
873
993
1240
920
1852
1372
1839
