1127
962
987
976
1056
1184
1173
1416
786
1371
754
1288
752
1434
1080
987
1199
1074
1145
1030
1171
983
1049
1010
868
926
832
1135
804
1028
896
1199
870
1021
857
1179
911
1148
1030
867
996
1112
1005
1199
1079
1182
977
1054
1000
1092
883
1205
853
1165
929
1145
831
1451
1035
1003
927
1188
921
1064
932
932
1005
958
1071
1105
973
1229
1023
1343
887
980
763
1203
1063
1116
1081
1106
934
916
988
1092
691
917
641
1027
615
877
684
813
686
749
689
759
1225
936
1241
1004
1151
992
993
1068
1049
1048
1005
943
669
889
637
881
681
777
651
879
616
1087
653
1204
1051
828
983
911
1002
898
1046
920
1110
919
1079
984
667
1239
723
1429
668
1083
812
1091
818
1104
779
923
1152
1054
1241
961
1178
898
1433
950
1156
940
1255
1018
739
1003
702
949
760
993
771
1043
805
931
784
1126
1308
1220
1165
1016
1087
996
1097
896
1098
1040
896
894
846
1047
729
1561
799
991
871
896
744
1732
826
1063
951
812
913
1001
884
1050
988
1044
867
1128
888
1082
1057
1325
1001
1313
998
1298
861
1137
907
1332
835
1149
831
1126
846
1242
858
1104
832
1053
876
1328
900
1330
797
1361
1121
1638
952
1471
1229
1077
910
1303
970
1553
820
918
735
924
922
1088
916
1092
866
1108
998
1084
734
1225
649
1127
663
861
683
974
645
923
668
865
949
1080
825
1085
861
969
829
908
853
928
807
985
719
807
721
915
655
776
671
871
641
897
846
1282
986
872
914
857
999
928
1124
889
1080
844
987
940
687
1037
723
1129
885
975
833
949
742
961
679
1071
975
1041
1401
976
1063
923
1175
951
1150
928
1261
930
689
1149
726
1079
714
1217
708
888
671
1063
737
1006
1100
858
1156
971
1050
874
964
782
809
899
836
946
811
1315
806
957
816
1090
783
841
795
907
863
1217
980
811
880
1006
982
925
995
1004
903
888
867
1032
988
1269
850
1198
807
1288
859
1089
803
1160
768
1194
873
785
878
888
855
913
796
912
873
921
803
1553
746
1181
803
1249
819
1446
773
1356
969
935
1157
1155
887
1022
743
1008
957
1085
987
994
902
1106
926
957
612
867
632
818
660
882
620
873
590
681
618
765
990
881
871
858
974
857
912
865
921
840
1014
904
624
775
613
819
610
849
619
785
670
771
630
1027
1113
988
1026
897
1019
796
1065
875
1010
829
1114
819
628
800
658
833
676
806
722
1008
663
851
726
885
1077
924
1146
876
1170
866
1227
879
1156
924
1110
842
732
964
797
897
763
825
770
841
753
981
896
906
1091
858
1069
786
1000
848
1031
802
845
776
1063
832
778
981
1100
881
992
851
966
1024
932
935
1004
1255
966
788
885
750
919
934
931
976
914
902
898
803
862
968
788
1047
944
1783
1602
1671
834
753
874
1343
883
842
947
912
772
1008
802
942
795
1334
782
912
848
2144
970
1627
962
2071
782
1303
812
1342
1244
1944
916
889
877
931
1126
1040
1095
1196
1034
952
1091
1116
697
758
630
770
634
830
656
754
806
676
579
777
1094
940
1173
908
1192
830
1045
824
1137
858
1161
835
590
690
711
687
1665
720
820
748
811
836
936
741
1067
992
989
878
1004
831
1139
857
1132
806
1236
884
722
805
780
830
1032
878
774
818
845
904
1274
1019
1226
954
1221
986
1170
960
1071
864
1133
880
1033
936
812
988
638
834
722
880
811
997
854
946
701
762
1026
806
1013
766
945
782
945
831
843
823
937
733
848
842
1012
886
955
854
996
894
1144
844
908
975
981
858
947
870
1024
844
951
904
875
913
968
854
1033
1034
873
1065
750
1002
795
998
732
964
940
1006
949
967
1003
990
895
1032
893
1006
840
1011
738
848
935
1130
1191
1200
1088
1078
976
1120
810
1087
1365
1236
1162
893
1061
1074
1242
1310
1222
956
1213
1082
1179
1149
1758
798
1116
835
1466
800
1304
735
1084
692
754
760
1045
1026
1178
1126
1171
1120
1025
926
1098
1040
1177
932
678
697
810
760
734
748
633
762
1786
862
1004
850
1171
964
1186
1035
1228
982
1223
910
1200
898
1248
822
747
875
1170
1100
1080
1173
918
1007
1842
1086
923
1228
1241
826
1234
854
1200
992
1245
992
1186
990
1243
1004
1320
1179
768
1116
908
1297
938
1121
834
1314
1086
1306
1199
940
1055
825
955
860
907
732
923
782
1018
806
802
1110
800
925
1432
1116
936
1094
778
1206
794
1326
919
838
1131
874
1169
820
1085
802
1119
927
1063
887
894
1082
883
1274
797
964
782
1092
812
1290
760
1186
1058
980
973
909
1060
997
939
862
1049
1060
928
1264
916
1123
862
1180
802
1130
904
1226
877
1168
866
1278
1145
894
1143
1012
1221
891
1138
948
1133
1068
1007
1141
904
858
652
810
970
830
686
794
652
816
689
780
1103
1080
1035
958
1118
970
1078
921
1111
1014
1193
941
606
731
676
711
616
763
627
758
624
768
669
806
963
1003
1147
1031
1063
1010
1265
950
1243
952
1282
934
725
734
724
1010
805
964
831
922
784
1343
716
943
1158
906
1219
906
1097
1044
1217
1099
1181
950
1193
999
967
1070
730
922
696
1281
1043
1200
852
2278
856
1344
1217
900
1035
818
916
922
961
834
1106
842
982
861
832
950
967
1122
812
1444
779
1198
898
1064
800
1299
1229
804
1097
881
1030
956
986
890
1029
847
1002
806
820
1017
1036
1038
784
1190
814
1091
763
1104
862
942
993
922
1006
892
1005
1032
931
978
946
1028
821
1168
786
960
757
877
898
1061
896
1556
1096
1312
954
1136
1091
903
1068
1056
1121
991
991
1162
1120
1214
1051
1045
688
826
643
847
635
722
639
848
657
1273
670
1524
900
996
1059
976
1190
854
1051
932
1037
904
1051
859
682
804
878
960
881
880
770
2570
1010
806
650
807
1023
954
1067
962
930
923
1046
980
1259
818
1461
846
694
866
822
940
954
827
748
1259
711
894
733
978
1134
878
997
999
1036
967
1084
941
1083
976
1227
941
843
788
732
1425
989
1250
1000
1548
790
1139
740
1226
1094
956
1059
848
987
862
933
828
919
889
997
894
724
1344
798
1550
792
1213
840
996
814
2302
760
1458
947
784
1042
800
1097
981
1015
910
1211
998
899
932
788
1460
1146
2056
824
1586
851
1090
800
1168
757
1262
854
835
866
950
933
988
988
1087
1073
987
953
1160
764
910
842
1262
889
1610
894
1252
825
1117
994
1372
977
802
972
818
1251
929
1104
966
1157
1189
1115
1053
1096
1098
668
848
779
1542
711
1187
634
1210
668
1170
1073
1042
1092
1058
1098
974
887
1012
1009
990
1000
944
794
906
692
1164
704
867
651
1226
673
996
640
1020
1029
963
1038
890
1056
914
1230
910
1313
881
1109
838
690
940
778
958
702
1136
658
1368
794
1256
784
1376
1107
824
1025
936
1063
896
972
884
997
828
1094
921
906
2174
715
922
932
1172
964
1231
814
1468
810
1495
922
880
1119
897
926
902
856
866
936
897
807
862
1483
926
718
1220
715
1672
840
1366
1190
1368
740
1802
893
804
921
952
926
886
1072
946
1020
892
1062
938
731
1528
777
1272
854
1009
850
1337
842
858
892
853
945
876
917
938
957
909
891
948
877
994
834
1070
787
1013
784
842
910
928
806
916
904
1044
1042
1737
1022
893
1010
892
1189
912
1283
1044
1089
1048
1170
1028
832
1038
701
892
616
872
772
1249
892
1214
625
994
1066
938
1139
990
1066
948
887
982
984
899
933
947
637
835
666
876
614
975
665
1006
627
1049
672
1418
945
893
998
905
902
970
1175
894
1037
886
1005
852
728
916
620
879
873
921
818
874
790
939
803
929
1009
858
1100
878
1056
842
1029
986
1091
896
1197
904
1122
1110
816
999
858
906
1311
883
839
1140
770
1154
1071
1001
937
870
892
918
830
986
773
792
900
850
824
938
738
908
764
810
701
1078
885
1180
858
1554
865
790
873
820
857
874
1011
815
1201
911
1176
1005
910
954
858
1120
755
1122
761
955
748
992
808
1166
1005
945
958
926
821
826
861
981
875
1066
901
978
856
960
926
1004
960
903
1110
902
1260
1094
1041
1160
1110
858
1008
916
1165
820
1303
902
1163
916
1227
902
3038
936
726
804
748
918
786
802
786
794
768
1740
997
842
1085
884
1077
1010
1020
961
1051
940
949
880
704
870
726
1006
712
1056
758
1162
934
972
989
866
921
901
911
1012
1019
1004
1110
940
947
876
894
868
1076
1246
792
887
749
1030
1160
962
846
824
748
863
1038
888
1083
900
1007
886
1075
883
924
837
920
849
822
828
830
908
889
908
777
898
964
992
1564
1640
817
924
962
926
901
932
891
846
927
862
789
778
828
871
812
850
958
862
830
942
935
984
896
965
957
772
981
814
1044
862
1043
882
989
932
919
842
1123
1018
1002
1084
1642
1020
1744
1896
1070
858
1142
863
817
950
825
920
903
784
810
730
830
816
803
1141
1066
858
1432
926
1291
1133
1060
1128
961
1492
1820
1291
1049
898
1090
852
1299
834
1363
877
1297
831
1343
887
722
948
667
862
748
818
568
847
567
808
622
976
1193
891
1311
809
1187
832
1120
752
909
756
892
812
680
884
624
944
780
1120
940
1532
1234
1180
656
1064
841
806
808
766
839
704
861
853
937
847
890
834
799
2112
890
1320
748
814
816
1345
872
964
1519
1202
875
758
850
855
897
832
853
818
898
803
978
760
750
782
822
870
2077
1128
873
842
896
1024
2422
1434
953
761
949
846
873
806
875
892
748
794
805
762
1095
1564
884
1032
926
926
828
1132
706
1216
809
886
931
762
943
798
1201
895
1220
950
1139
840
1042
845
952
1530
2676
1350
1019
1680
1020
1252
988
3204
1117
1139
839
856
865
944
859
986
829
928
889
910
871
1060
911
1115
1048
4602
2596
1378
972
1430
924
1631
968
1476
958
751
1043
780
1367
781
1329
762
1423
840
1355
816
1051
768
726
792
616
890
640
1146
622
834
695
815
1318
874
1220
748
1041
724
970
734
896
694
862
722
708
744
636
806
715
921
746
851
692
842
794
1148
884
778
747
699
875
715
822
718
755
689
777
716
807
826
732
848
975
778
768
828
766
916
806
1314
966
722
923
730
847
700
895
687
811
710
797
741
942
1006
716
876
915
1410
850
958
800
1168
798
1042
897
804
869
714
754
724
925
698
741
686
788
721
734
986
835
1075
872
855
699
922
790
988
832
1066
799
720
943
764
1085
776
1093
772
938
760
925
741
964
1049
740
842
1068
1124
1482
928
870
838
998
940
923
731
887
784
910
736
944
716
979
898
999
990
820
922
847
961
1098
1619
910
1074
970
949
1340
816
1191
736
1042
697
1437
730
1367
730
1409
726
1394
704
760
1028
642
796
658
770
1168
937
658
855
720
847
1017
665
1058
648
974
654
862
686
818
677
874
644
776
802
706
918
860
796
656
920
712
855
660
784
847
680
763
694
836
660
856
634
875
615
818
618
700
848
852
834
851
760
783
726
745
818
634
1048
798
684
838
730
783
710
827
723
829
674
807
681
740
738
969
904
814
1034
870
852
878
1138
776
929
793
702
804
694
758
685
804
716
706
698
733
696
751
1177
710
754
849
958
868
974
1128
862
888
1088
791
668
783
702
853
688
861
710
841
690
910
746
836
830
1120
1026
814
1024
932
968
830
940
782
1064
872
666
917
734
959
794
819
806
797
790
823
788
841
1311
832
1357
866
1015
894
1266
997
1155
852
1034
1143
750
1284
794
1645
738
1428
723
1357
659
1383
726
774
890
743
748
576
790
844
820
692
754
782
867
1142
700
1130
724
969
744
943
676
825
715
803
843
700
818
704
866
1010
1053
867
1080
749
890
835
946
817
710
790
834
793
743
851
751
882
712
865
735
734
804
854
904
825
832
793
870
762
736
798
828
830
732
838
782
854
687
1030
794
965
730
982
712
888
1022
978
784
798
863
804
955
800
870
815
1098
1033
717
948
730
873
674
905
643
890
814
880
656
840
948
1144
960
766
972
746
928
1026
1158
1020
999
813
710
815
689
792
762
811
702
830
736
767
660
774
1014
722
1696
910
1525
820
940
866
1088
846
1185
774
824
764
912
774
878
736
884
773
892
731
964
758
1211
939
1155
879
1309
856
1256
800
1185
1039
1232
1286
980
1049
820
1375
786
1305
752
1210
798
1438
796
774
865
834
843
804
828
900
1050
771
798
670
968
1128
782
1047
772
994
714
870
770
820
770
830
780
770
856
684
880
762
1794
876
861
694
918
692
1149
853
772
852
800
823
712
932
756
892
762
851
740
1097
898
1199
792
692
818
720
772
764
1175
1232
930
871
822
994
791
1025
744
1031
834
1098
842
1066
802
772
874
784
928
780
874
896
980
876
960
763
1468
938
741
897
746
754
852
789
888
749
778
741
721
804
974
802
924
765
1090
721
874
718
920
972
1032
758
639
753
715
738
864
741
898
697
722
707
820
856
886
1098
994
2054
952
962
1218
1010
1113
795
899
677
739
674
792
695
980
684
906
687
988
698
1060
870
1094
1111
1184
1238
1099
846
1429
1310
1296
906
1322
1066
790
842
812
1077
812
1055
767
1038
772
1201
808
683
812
740
1102
830
1195
796
860
848
768
638
887
989
778
853
725
866
695
893
708
771
796
712
708
641
1032
637
872
878
922
670
914
624
914
796
729
715
854
792
854
834
873
900
882
966
942
1001
860
702
1396
908
930
732
1450
771
1048
746
810
844
1001
1086
756
1059
882
852
808
950
850
905
756
919
924
786
824
736
944
876
998
1056
1175
1493
1486
797
960
799
840
856
774
809
791
803
870
757
884
761
829
986
1414
959
1190
1020
1238
972
1139
840
1618
1146
1076
737
830
754
876
740
732
745
854
717
928
715
787
818
1112
726
1188
836
1104
933
1052
2035
1276
986
1160
720
810
725
864
773
1087
807
920
803
856
753
1162
970
1301
932
1098
918
1835
952
1192
1160
1282
790
1394
974
794
861
759
1107
828
1165
916
994
772
1034
757
730
841
822
864
843
1256
746
800
753
791
608
806
922
694
919
697
756
756
683
738
664
862
718
746
690
1291
1819
825
835
934
757
778
720
864
742
792
809
773
774
826
966
790
1011
818
881
790
875
766
1026
851
984
986
1950
902
764
1108
758
1167
912
1014
841
770
780
835
795
830
898
940
865
731
873
858
746
1960
762
941
732
1581
758
1164
766
1082
893
944
789
956
737
832
750
735
683
816
731
817
727
904
762
1002
1002
1024
892
1360
909
1172
790
1184
1724
1130
715
830
721
798
699
852
727
871
762
801
799
875
730
1097
776
922
884
1032
809
1178
725
1084
1066
882
810
893
740
782
826
892
902
960
873
838
851
902
782
956
973
1034
773
1106
818
1247
750
1991
1066
1312
1097
746
822
756
959
763
968
775
951
782
883
768
588
783
760
1382
751
854
742
902
615
890
616
1066
793
810
782
767
690
688
683
726
699
612
705
716
598
959
706
866
700
840
660
786
723
880
744
856
836
754
798
815
954
824
834
788
839
811
834
817
985
936
858
950
938
986
714
1522
781
837
722
1108
753
820
677
734
777
783
835
838
878
752
878
822
912
1070
684
868
842
880
851
1230
914
1505
764
1198
975
957
802
1178
746
1031
714
884
661
826
757
912
788
1114
920
943
789
951
742
1243
732
988
754
968
819
718
801
914
861
879
770
786
699
964
811
810
962
1087
1100
1130
922
1350
950
1512
817
1088
1386
906
751
912
874
862
806
913
838
1208
814
792
758
968
778
1292
874
1103
1086
1397
1027
1196
2380
894
776
1162
1009
806
897
769
813
792
925
760
795
748
782
766
798
1556
758
942
683
809
682
1060
786
828
734
842
755
726
787
852
756
804
678
800
683
747
691
814
712
852
783
1070
658
796
1098
2664
906
1200
780
814
810
800
930
766
857
814
743
906
745
880
778
734
692
894
774
1248
898
948
857
985
787
890
862
856
729
802
829
764
882
863
806
770
862
768
809
870
674
802
680
1048
782
1138
806
1212
802
1224
884
919
801
946
765
960
756
942
743
1062
717
852
722
779
744
1592
777
1328
1106
1260
2012
1169
745
915
715
1004
792
1034
801
886
777
858
787
960
801
1104
780
910
872
909
859
842
939
980
850
1308
833
1298
1764
3054
929
828
1101
870
1006
814
975
786
1271
1048
1069
872
786
822
855
1127
1031
840
922
1126
908
1852
868
1492
950
830
1134
766
950
758
835
693
797
738
711
796
916
766
681
936
596
873
772
946
926
898
666
1142
819
762
811
702
976
742
927
725
846
754
735
795
691
884
641
832
702
914
982
766
695
1162
752
959
698
800
773
722
757
808
765
740
743
805
737
783
779
1020
705
918
651
846
676
1324
744
1090
681
1090
829
804
712
785
827
762
811
788
895
837
824
736
804
1268
754
994
756
990
807
1330
844
964
1478
1231
770
826
795
916
754
1086
789
908
794
1006
780
986
796
1005
805
815
1056
1038
789
1395
840
1068
817
1105
796
872
826
908
896
830
734
932
812
944
821
970
874
922
750
896
773
1099
788
1542
720
1704
864
1189
823
766
911
979
927
1182
869
1054
1047
1096
984
982
1054
1315
780
1178
980
1311
826
1833
793
1682
902
2108
934
826
872
736
874
770
839
733
772
706
803
728
744
914
705
1204
612
1004
616
905
635
806
661
1041
714
738
886
797
881
798
743
728
721
810
731
762
582
905
577
861
624
853
766
880
741
909
896
923
710
764
689
876
761
793
709
834
705
850
741
987
680
846
788
1378
786
1133
807
966
830
1133
770
1212
705
815
741
804
846
811
752
860
779
942
834
858
1119
1141
755
3064
833
1668
925
1419
876
1159
880
1098
819
808
838
960
862
980
818
971
902
936
889
996
771
1180
772
962
698
1927
698
1776
727
1331
710
917
775
906
815
958
808
802
830
764
770
815
887
960
806
945
759
1013
692
856
890
1526
719
1266
806
1839
841
942
805
1022
865
750
915
778
907
911
797
936
882
1292
808
2276
858
1398
773
1214
734
1441
772
1632
939
808
899
782
911
772
851
814
919
808
824
789
615
882
608
852
648
789
642
864
616
790
682
812
828
709
696
800
750
744
799
741
690
784
757
781
646
854
609
815
618
1649
590
920
644
1233
674
836
606
785
674
778
707
797
693
854
679
776
854
868
725
837
768
914
722
1084
746
1238
642
1010
700
948
726
894
771
953
961
942
782
860
783
922
857
917
803
1122
754
1192
814
1680
906
1149
864
1492
886
1154
800
830
1066
846
908
916
788
1012
1078
870
810
887
919
1494
823
1364
784
1359
800
1260
758
1316
776
1290
821
964
893
872
893
935
834
850
837
783
821
833
836
2369
753
1084
735
1108
880
948
808
1830
788
2184
771
836
875
858
914
825
902
1234
964
1009
911
1005
856
1076
776
1136
752
1409
728
1414
729
1302
822
1104
756
838
860
858
938
760
833
818
740
790
799
793
762
860
638
764
594
996
610
1330
633
750
634
1120
743
832
756
830
690
808
721
800
753
831
702
820
607
941
613
842
622
930
626
859
684
799
560
1049
697
877
746
742
735
808
724
806
748
737
757
797
692
1135
722
1223
705
1047
656
880
788
1307
730
1020
649
834
726
853
827
831
765
834
840
890
851
984
748
932
746
1122
710
1158
908
1492
778
1090
796
1024
801
944
1094
820
956
923
737
1054
933
998
906
942
871
1190
799
1274
761
2053
981
1284
758
1280
886
1779
883
862
787
1044
827
976
820
902
770
796
891
1008
806
1108
784
1184
783
1176
938
1409
812
1156
883
1057
837
1108
957
907
822
829
829
819
954
849
1001
1526
782
1750
815
902
760
933
700
1162
715
960
862
1956
786
884
828
910
897
854
867
882
793
885
891
815
720
864
668
866
620
1248
788
862
634
966
852
957
756
840
802
816
679
820
694
820
750
764
725
800
602
816
614
948
890
1046
710
898
690
1090
712
1524
829
808
813
756
707
768
705
776
778
730
779
786
764
1202
677
1107
592
1148
642
1004
728
2010
710
975
718
766
746
790
799
865
778
772
835
883
874
1026
972
946
1127
1552
800
1056
835
1170
836
1114
856
918
751
988
826
1020
781
808
760
917
796
980
877
1129
906
1034
894
1180
727
1006
864
1322
746
1202
794
1082
848
962
833
888
841
890
824
1180
843
1105
810
1138
744
1344
844
1684
935
1298
750
987
2058
1422
808
1954
900
955
838
854
1053
868
1223
890
935
968
892
934
888
1180
787
1010
898
1581
954
3948
917
1674
951
1616
784
831
776
823
745
783
748
830
776
845
700
896
796
820
856
1046
771
818
740
954
820
813
822
2598
659
812
683
787
735
740
646
764
654
742
642
738
688
974
640
932
690
938
666
916
660
894
894
1079
699
766
681
760
745
712
724
791
718
722
746
718
744
1163
816
1003
697
834
852
1424
644
902
634
1090
715
770
732
792
800
828
820
868
829
805
918
898
675
942
770
1072
838
2052
862
1371
742
1124
835
1438
803
912
865
1044
884
764
726
820
800
957
882
1029
770
1326
820
966
717
1150
743
1804
838
1134
802
1314
724
980
776
1080
772
830
735
837
715
974
866
988
986
1103
2525
2216
1058
1148
732
1226
892
1310
1126
1542
783
1015
853
1038
760
893
803
796
810
786
800
1076
852
1159
1284
1096
940
1331
1043
1756
1053
1334
842
1248
989
785
993
781
828
727
800
770
810
778
679
891
798
996
797
1543
682
1060
910
1272
868
939
929
1089
650
856
661
802
726
824
697
754
762
792
726
810
722
940
598
876
770
796
822
1210
1032
1123
680
919
609
798
666
769
740
734
713
695
768
774
794
768
742
908
732
1060
671
1405
637
928
578
1410
689
1406
786
810
717
774
840
832
784
809
862
855
997
932
1184
1132
784
859
936
898
953
1181
818
1879
770
976
900
880
917
953
875
952
785
772
800
761
740
823
816
1126
908
1148
1181
2128
899
956
777
1254
880
1020
782
920
716
1004
758
1004
771
876
720
828
842
790
888
966
762
2548
698
1278
731
1302
770
1184
824
1219
722
1104
730
998
763
1038
780
970
742
838
730
809
940
1403
773
1990
879
1178
794
2198
1188
1483
950
1402
805
816
795
726
770
698
807
770
748
720
738
864
758
2321
1152
1715
1058
1057
806
853
830
1365
684
1210
655
770
678
802
797
824
712
870
686
827
743
780
1127
2673
915
985
673
871
912
1071
670
983
1221
1331
729
788
702
786
663
730
687
742
735
769
668
750
604
1233
656
967
739
1065
700
955
638
1054
734
1310
683
722
730
844
738
776
763
860
827
929
864
1027
633
1075
627
1125
1140
1049
922
1301
901
1074
788
936
1058
904
847
837
736
965
686
803
800
732
782
823
772
867
756
1237
898
1238
742
1329
806
1060
802
1134
842
876
743
991
664
960
734
1070
740
838
738
906
867
1281
896
1228
836
866
823
1429
738
1071
722
905
769
986
711
916
709
955
730
860
752
1040
728
994
890
775
896
907
890
1316
844
1265
905
983
908
1085
708
726
721
746
768
756
751
748
702
796
708
782
850
997
839
1166
832
994
748
852
894
1806
784
898
688
838
625
758
662
846
702
780
648
796
670
792
620
973
543
898
544
973
687
963
676
1243
798
961
678
733
664
754
723
740
716
724
718
883
724
742
697
1108
972
1200
774
923
629
779
650
1055
752
631
685
734
789
784
802
758
756
804
820
755
706
848
754
1147
764
1149
738
891
776
957
722
916
728
982
730
880
709
832
791
908
710
916
689
741
717
819
752
998
811
1081
784
990
804
1159
778
1039
844
1233
655
824
698
982
713
941
691
978
689
1016
662
858
864
1246
1069
1085
852
1085
764
1176
822
1201
884
803
725
832
713
868
697
1000
702
962
732
1069
732
1168
814
867
906
977
2546
1431
1172
902
935
1330
1014
1509
770
712
811
725
697
693
676
738
684
720
673
785
841
1761
1460
923
696
956
766
902
662
905
776
761
635
790
709
717
748
770
751
740
701
728
672
746
707
1042
628
1069
582
977
674
929
718
1084
696
839
763
720
681
690
680
748
696
742
714
735
691
694
664
1057
761
1089
1045
1005
698
927
664
1048
1308
2231
714
688
693
790
691
892
768
882
821
809
696
851
1192
1285
864
1129
782
1107
780
1535
876
1080
726
1381
651
845
767
956
767
902
740
778
718
912
694
758
928
1029
698
1125
676
1453
1368
1185
1166
1078
997
1273
645
794
737
828
724
984
771
1009
724
850
721
973
903
1511
867
963
768
1129
868
1133
905
1093
1290
1337
722
850
780
843
749
1006
738
1044
681
1262
703
1006
896
795
867
920
820
1025
994
1434
915
1435
870
1579
762
757
730
705
765
708
695
744
683
684
702
712
774
1001
1292
969
799
1055
698
1127
700
1056
878
1133
713
729
793
754
770
746
692
738
667
722
612
700
610
1032
772
1041
651
1164
700
1246
772
951
722
942
716
732
706
760
806
731
704
686
798
752
712
689
714
933
570
916
745
1027
637
1066
730
945
692
1043
750
752
714
760
710
794
706
807
756
706
764
753
621
1152
712
1005
740
1055
650
1299
782
917
730
871
658
892
864
954
760
990
768
749
773
819
728
861
668
1017
706
1106
730
1227
624
1140
632
829
756
937
700
704
782
743
777
738
1148
912
772
1107
766
900
868
1129
1010
1292
954
1082
905
1217
812
1195
775
1149
711
1062
773
990
803
848
962
957
787
1108
796
1251
939
1436
792
1289
851
1199
904
1503
982
1301
858
1609
708
783
839
784
783
712
747
688
769
666
736
688
840
1027
711
1075
738
1047
672
1034
891
947
737
1123
683
704
769
738
899
753
1014
732
701
713
669
702
640
1131
835
1021
608
960
673
1179
744
1090
607
973
766
722
760
726
794
734
778
740
758
724
768
683
687
1083
1070
983
871
1010
1181
922
840
929
708
955
686
708
736
749
712
752
745
806
754
766
704
806
720
1297
806
891
1072
1083
778
1199
751
868
802
1149
774
746
803
834
680
940
778
1012
793
890
712
726
636
1423
1042
1282
756
1577
733
964
632
1109
701
825
644
860
727
741
775
730
826
773
823
837
877
837
842
1905
746
1590
1010
1537
700
1277
724
2012
838
1607
782
1006
793
1147
863
1250
810
892
809
936
884
1268
766
1182
782
1523
811
1030
1121
1238
1362
1265
1037
1285
622
683
711
716
747
682
625
674
750
706
697
708
807
1108
856
1264
778
1377
776
1183
670
1154
724
1321
710
671
838
742
893
800
797
731
696
722
738
740
647
1107
904
1070
622
1239
712
1063
758
1022
596
1635
897
736
736
713
758
741
660
728
726
1110
676
1028
680
1163
807
2051
849
655
1983
1007
714
1109
902
1143
729
718
741
692
749
760
808
794
888
725
746
860
902
1321
712
884
898
1361
723
1470
945
923
687
992
617
748
778
837
822
807
800
852
844
932
789
785
778
1116
713
1735
797
1521
726
1584
743
1306
769
1423
762
756
831
838
781
732
808
661
798
762
874
1042
980
1238
752
1021
776
1186
904
1875
727
1521
797
1471
991
898
714
912
874
1060
888
1168
886
936
764
1036
870
1193
813
1363
868
1434
972
1382
1260
1373
1108
1561
836
829
670
718
667
681
737
746
662
700
677
772
1162
1115
744
1335
991
994
716
1043
746
943
670
1089
642
746
664
760
580
838
606
796
645
766
600
782
662
1058
739
1131
776
1496
708
1223
672
1103
636
1283
704
780
621
732
655
762
629
734
712
706
678
686
663
917
714
991
830
1126
614
1123
652
1203
795
1318
740
727
743
700
853
662
730
702
750
682
812
764
1162
986
713
769
836
1353
875
1231
698
927
668
1597
839
811
769
924
733
782
804
880
745
866
821
935
698
1400
765
1357
742
1883
760
1041
867
1359
892
1087
790
869
836
784
962
898
738
734
682
740
721
830
956
1348
769
1679
921
1565
900
1330
869
1562
864
1688
683
840
834
972
941
1041
870
1042
729
1068
788
1040
1058
1323
928
1888
2169
1624
760
1649
778
1189
939
1516
709
883
699
684
604
668
682
706
612
698
632
770
856
996
840
1015
1256
1116
718
1107
698
1021
848
1225
647
768
586
812
650
853
693
818
824
830
774
799
1118
918
739
1133
746
955
662
997
738
1204
692
1126
779
810
681
814
737
762
680
776
692
795
708
750
695
986
787
979
642
925
828
1279
692
1015
753
1256
676
776
659
884
792
758
646
791
701
749
759
845
766
1098
634
813
738
1078
787
927
693
954
925
1233
667
850
747
816
930
798
864
848
815
818
916
922
748
1237
823
1441
797
1492
662
1014
738
1133
1128
1355
805
1022
898
1184
867
880
923
838
874
862
786
827
881
2023
960
1394
775
1175
756
1546
742
1435
888
1537
761
916
1000
974
740
1028
865
989
891
950
880
955
843
1772
925
1489
903
1547
864
1413
850
1985
1388
1243
804
653
743
692
682
691
643
686
1005
720
696
746
866
880
2180
987
735
1037
814
1078
721
1011
1113
1227
699
776
744
738
603
832
791
720
697
790
837
805
816
956
592
1005
705
1001
662
986
674
1031
653
917
636
808
620
800
698
748
742
788
669
708
746
746
592
865
811
941
712
1007
772
1056
1172
1186
1072
1139
646
817
619
690
840
859
747
771
754
690
743
775
3284
1185
752
1005
696
1139
762
1103
670
1178
754
1544
696
866
705
754
722
782
826
776
980
771
1139
817
687
1739
664
1571
697
1165
738
1450
748
1166
711
1744
780
918
789
1058
720
1032
898
874
1218
994
718
816
776
1650
1436
1558
952
1443
779
1603
913
1507
776
1877
762
762
839
1026
698
1211
639
1226
842
1149
937
1349
846
1177
824
2018
960
1699
1226
2190
1016
1837
1110
1164
594
694
679
675
657
752
648
706
642
736
670
756
1256
833
1160
772
766
834
904
1212
891
907
782
851
621
756
687
836
670
781
629
904
685
814
713
818
809
1019
636
1055
618
1075
650
1021
644
1097
702
983
650
806
614
787
747
814
673
733
713
838
754
748
686
931
849
914
660
1266
671
1135
780
1251
762
1510
718
764
761
794
858
758
706
1008
855
838
728
840
1118
1403
786
989
834
1372
848
937
837
1103
684
1255
627
820
746
876
1060
845
1168
860
832
774
805
957
818
2157
974
955
699
1376
785
1492
590
1072
994
1124
713
855
928
954
1105
1210
743
1274
897
1168
810
864
1218
1415
848
1321
851
1746
888
1241
928
1589
882
1765
825
841
824
806
702
927
745
1204
1191
1150
769
1102
906
641
705
903
694
2207
1121
3139
