2957
15367
3070
1498
2394
4445
6554
8638
1986
3637
2477
2073
4807
8082
1047
1432
3759
4186
3185
1773
3367
1779
1218
2957
1263
2046
2484
1942
2579
2182
6110
2696
2883
3528
2310
2238
3414
2159
2872
2491
1880
4072
1795
4126
3725
2330
1402
2087
2252
4538
2235
1838
4337
2911
1839
2393
1957
3853
4420
2514
2406
2000
1478
4620
2623
2345
12734
8121
3657
1735
2762
1987
4127
2914
1790
2677
1669
2586
2000
2155
2674
4672
1938
1963
1603
1953
2180
3135
1606
2490
2799
3791
2161
4758
3194
2789
1901
1996
2494
1490
3256
1412
1332
3199
2103
1809
4274
13509
5483
2545
6216
9250
1605
2407
2747
2623
3702
3156
2493
2051
1866
2208
15324
1726
2174
1519
1461
1672
3517
5825
1946
2111
2138
3067
2671
2112
3359
8469
1798
3641
3133
2837
2339
2069
2095
2796
1835
2339
6250
3651
3845
1365
6290
2313
1287
3521
2725
5374
2099
2271
2154
1735
1420
3082
1869
2713
1770
2241
2052
2577
3588
7974
2359
2275
2583
2609
1824
1452
2071
4924
1316
1227
4218
2827
1985
18674
2970
1917
4056
1825
1941
10506
2448
2255
982
1671
918
2352
924
4390
911
4589
939
7566
1048
3148
2689
5746
4149
5004
4992
3442
1789
2740
2635
4648
2376
2404
962
3886
939
11262
968
5356
867
3448
953
3878
958
2311
2140
6488
5448
5712
2205
8784
7750
1942
2422
3536
3773
4087
1175
1726
1034
1156
1019
5304
980
6863
951
1482
1030
1441
1712
3346
2298
4167
4628
2322
2844
3805
2005
3077
1832
2738
1027
2771
1018
26436
959
1695
969
4714
976
3468
1089
3202
3138
1967
2236
3599
2000
2089
1739
1853
2440
3391
4153
2473
1365
6552
3651
4881
4068
8364
2486
2321
996
1499
1041
2399
1903
2919
2671
3467
1837
1683
2409
1709
1862
1921
1638
2235
1150
8696
3124
1519
1021
3077
929
2346
991
1821
1294
1501
1778
2460
1603
1624
1637
2227
2386
1474
2506
2884
1512
2385
1000
8192
1131
4229
979
5535
1013
2184
985
3222
1009
1938
1957
1938
3105
3022
2223
3778
2062
1690
1652
2867
2663
5010
983
2369
931
2943
897
1880
944
4621
957
3070
979
5336
13165
3956
2180
3001
1607
2871
1750
3426
3480
3205
1602
2358
982
1475
971
2467
1017
1151
938
1325
1006
2559
1041
3614
1732
4392
2732
1888
1948
1923
2498
2025
7917
2705
2813
1751
1137
6214
960
2950
1007
2484
958
1418
980
2120
967
1902
5489
1862
2114
2274
2944
2375
2242
1790
1924
2962
3562
2839
952
1707
995
1577
946
5883
957
2643
2488
2064
3378
4391
1977
1803
4096
2103
1662
3195
2164
2443
1389
2365
1411
2852
5270
4404
8198
2722
3368
2471
3205
1275
1519
1339
3868
2566
1813
1909
2806
1860
2074
1988
2100
3630
1416
1664
1688
1621
1049
4938
8046
2332
2475
3536
1582
3195
3744
5216
4886
2045
1678
6829
3498
1710
1080
2106
1740
2127
1940
1908
1437
1751
3429
3668
2458
5265
4034
2791
18562
8599
2319
1630
3373
4386
1452
1914
2304
2449
1763
3743
1467
2815
1922
2014
1584
3586
1684
1462
1311
1496
1763
2066
2875
3718
8230
6362
2911
1369
1135
1857
1171
4161
1781
8946
3452
13723
1389
1719
1393
3180
1300
3396
2235
1823
2160
3776
2444
5499
3111
4802
1600
1677
1663
5231
3231
3225
2015
9520
1664
2394
1356
2542
10534
3469
1102
1416
2881
2340
5028
2055
3694
3518
1970
1575
1395
1589
2168
1559
3556
1615
1700
3028
2120
1361
4270
1244
1060
1458
1687
1845
11096
1601
3340
1978
1147
1349
3182
2547
5956
1638
1545
8895
2091
3093
9257
1946
2703
2272
2124
16030
1954
2672
2817
3184
1106
1998
1342
2322
1599
1633
1573
1420
1404
1408
1427
2269
1545
1643
4237
2379
1525
2662
1604
2314
5319
5345
3266
3778
2226
2706
1943
4551
1177
1572
2664
2630
1411
2893
2083
1762
1099
1271
1298
1640
1269
2436
1617
1403
1140
1309
1068
2116
1689
2226
2000
1504
1328
1526
1312
4659
1294
1899
1653
2024
1461
2076
2378
1610
1555
2563
1429
1539
1837
2780
1929
5381
1093
3902
3087
3659
1504
2097
1697
1964
2885
2664
1215
3855
1550
3115
1021
1854
1109
2105
1153
1915
2169
1899
1465
2965
1519
7113
1426
6236
1819
15715
9747
1546
1298
2975
1849
2374
2150
2072
1656
4356
1973
1918
1247
2354
1947
5081
3269
1304
3838
3787
3562
5404
11022
1774
2468
2177
3685
2427
4808
1772
5773
2096
7155
2478
4309
1973
6480
3383
5906
1657
1093
2598
3593
2368
2637
2586
1633
1500
1742
2299
2567
1518
2518
1982
2336
1693
1670
1808
2018
3287
5382
2162
2618
5433
9742
7525
1505
5035
2779
8723
1998
1453
3118
1723
1554
2896
1804
1582
2944
5593
2690
4432
2003
1899
5913
2634
2210
3150
1901
2645
4164
1828
4451
5869
2956
3242
2574
2222
4722
5738
1722
3120
2520
2476
1471
2167
1933
2038
1641
2345
1703
4465
1913
2022
2751
1459
1639
7876
1504
1192
2724
2436
2044
2379
1967
2615
1690
3371
5506
6433
2663
2034
1429
2475
1544
2125
1051
2950
2240
5602
4233
1516
1358
2355
2358
3697
2406
2076
2243
2321
1976
4543
1326
2140
1560
1862
1271
3889
1402
1988
1309
9038
1531
3172
2570
2200
1723
2870
8929
13035
1258
3885
2479
2663
1651
4014
1733
1802
1592
4535
2116
2387
2043
5492
3748
1491
8109
5651
2356
1888
4421
1856
2098
1350
2268
2344
4454
1563
6241
3578
13425
4093
3681
1388
2815
2823
4143
2633
2570
2064
1206
1856
2766
2253
2498
2457
1954
2106
4939
1217
1552
1826
3915
1432
1630
1390
2221
2647
4439
4324
1568
1777
1042
1281
1715
1463
2055
3416
3157
3316
3334
2051
4783
5099
2502
1914
2016
2997
2178
2399
3436
1890
1536
11512
1279
2744
1309
1779
1503
2175
2027
5418
3486
5869
6517
2891
1922
2337
1632
2279
1552
1466
1338
2427
2976
1955
1284
8717
2122
3118
2497
3328
1386
1626
1580
2910
1326
2682
2205
2290
3367
2098
1479
1809
2294
1719
1705
4722
1788
2489
1577
2400
1826
3065
13459
1746
1750
1609
1685
3089
1271
2198
2880
1844
3035
3369
2981
3249
1757
1883
1436
8307
1713
2186
1662
2413
2292
6015
2585
2465
2979
1228
4724
3510
1725
3244
2604
2337
1341
8436
1749
2231
1609
2181
1961
3147
1432
8737
2556
2909
1487
6016
2338
1660
4831
4308
2522
2332
3405
1888
3186
6280
2197
1739
2245
2627
13905
1731
2817
1369
2045
1626
2070
3458
3704
6989
1678
2886
2960
4431
7355
2192
1853
2502
3228
1423
1284
1160
1739
1872
2280
1967
3467
1468
2763
37315
27600
1867
1333
1273
1721
1617
2084
1968
1975
1840
1222
6131
1690
3328
9936
2388
3162
1536
1884
1729
7091
3665
1671
2987
2369
2229
2612
1699
2055
3299
1668
1955
1622
2169
6273
2240
1781
3027
5266
3507
2040
2287
2466
11380
3751
2489
3462
2888
1391
3378
1328
2010
2405
1769
2306
2562
1951
3066
1650
1731
2251
3334
5870
2701
1220
2797
1673
3437
2289
4867
2937
1634
2054
7069
2344
4063
1519
1769
1628
2269
1665
3979
2992
2644
18008
8678
1417
1939
1695
4360
5106
6702
1693
5763
2677
2107
1847
3215
1495
4310
1549
1783
1151
2866
1573
4809
2217
3717
8214
2263
1598
4716
3283
2534
1773
2978
5045
12201
2105
4074
1647
3444
1582
3158
1270
1116
1759
1341
2869
1980
5818
3493
5989
4401
4064
2766
38346
26703
2538
1767
6405
3269
5836
2195
1601
1797
2923
5068
2507
1780
1872
10139
2143
2662
2491
2930
1786
3566
2790
3441
2512
2337
3222
3962
3000
1615
1651
2500
1756
1876
2109
2037
3793
1356
2117
1281
2840
2563
3062
2594
1658
1512
2632
10792
1529
1497
1521
1425
1484
1715
1590
1989
7209
4183
2958
3475
2542
3774
1657
4935
2408
2125
1416
1779
1697
2152
2940
2121
3017
4518
1275
3141
2418
2214
1382
2959
1556
2085
1521
3194
1245
3116
6992
3264
2107
5227
2078
1928
2719
1930
1983
1715
8694
2586
1287
2452
1568
24580
1579
6091
8261
3665
1487
5156
1996
2224
10495
9571
2534
2554
3046
5910
1786
1872
2300
2597
1497
2938
1517
2450
1717
2891
1693
3074
1201
2535
1979
9221
4057
22744
1621
5178
4030
1483
1742
1364
1473
2151
1473
2207
1220
2233
1461
4193
2567
2017
1343
3223
1979
4770
2421
4233
3049
3195
1579
2215
2013
1301
3554
2553
2285
2403
2349
1623
12822
1531
1864
1353
2040
1877
3645
2073
14793
2811
2179
2050
1444
1501
4470
2117
8128
1923
1801
4321
2402
1359
2457
2290
1664
2571
4726
1862
2610
1961
3159
2102
2012
2075
1573
1904
2346
1696
3917
2586
2345
4076
3807
2779
1673
2265
1472
2297
2343
3164
2057
2367
4100
1962
1896
1749
2036
2350
2177
2347
1455
3740
2580
2478
2343
1705
2694
5382
2414
1684
10462
2020
3830
2463
1627
2543
2192
2883
23947
3672
1523
2493
1448
2399
28795
16656
2669
1503
1826
2399
1244
4177
2290
1657
2406
3262
3512
2097
1461
3252
2321
2649
1414
2125
2604
3760
2468
4558
1351
1915
2638
2020
1955
2984
1906
1379
2955
1479
3252
3141
2271
2104
1482
5569
2035
3958
1304
1588
1402
3905
1409
31944
2202
2569
2610
5092
1201
1619
1618
2360
1602
3177
3449
1717
2677
4229
3884
3364
2035
11397
2476
2461
3198
2389
2847
3033
1605
2729
2301
2338
1658
1082
3025
3443
2675
5763
7700
2313
13162
3352
1511
1559
3280
2886
2072
1625
2020
1933
3639
2984
1420
1713
2251
1773
2372
7922
1576
3537
5146
3023
2360
2245
1606
3284
6064
2430
2417
3337
2090
2276
3830
2391
3704
1771
1278
1574
2690
3244
1441
3057
6014
3085
1773
3004
1242
3165
3494
2062
2358
4070
1493
5703
2936
4364
3409
1726
1537
1991
2683
2919
1634
2174
1587
4737
2056
3326
1083
1930
1519
1594
1269
1617
1700
2564
2114
2061
1215
1914
2028
1979
4620
6560
1256
12334
1494
2835
1965
3498
1557
1762
2380
2944
1780
2571
1625
2230
1535
4473
2284
3605
1629
2760
1942
10117
1568
3646
1441
3703
1707
1734
2188
2971
4055
4177
1833
4045
1175
1848
1839
5989
1377
5262
5350
2699
3825
11455
2257
2011
3848
3757
1200
3166
1276
3640
14687
2621
1650
1551
1199
13164
1722
4416
3512
2174
2778
2449
1632
2586
2820
2094
2401
4540
6259
4504
1272
2516
1366
5510
1842
1299
3109
1950
2292
1921
2094
3714
2398
2933
5516
1930
2826
1499
1240
1561
2484
1590
1582
1487
4128
7352
7104
1760
1842
3321
6815
2073
2172
2917
1791
1544
1974
6084
1593
1836
1888
3714
11386
5104
11980
9543
1520
6259
1472
1553
1188
1640
1314
1144
1499
3725
3991
7249
4739
1629
4923
5492
3638
2374
5435
3097
2537
2758
2032
25922
15311
4641
1684
1301
1858
8171
4039
1956
2836
2138
3043
2201
2108
1156
1263
1523
1436
2834
2480
10373
2607
1673
2202
1693
2746
6220
7217
3049
3839
12649
1683
1990
1824
2886
1404
1260
1543
2485
2249
5128
1422
3919
1513
1536
1510
2046
1322
2122
1401
2427
3146
2905
1321
2275
3282
6064
2809
4840
1576
2448
3239
2547
2184
2033
8441
1936
2397
3043
2430
2075
1660
6444
2520
2531
1491
1975
1816
1991
1361
25386
1847
1662
1342
1726
3734
2373
1513
4666
1558
43673
6601
4945
3516
13606
1573
2999
2804
5547
1297
1435
2049
1841
1666
1528
4136
1609
4462
3983
1962
2940
5257
1225
1978
1428
2154
1782
3832
4735
3167
1682
3750
1649
5346
16022
4075
3312
1621
1998
2328
10637
2225
1462
1579
1939
2428
1593
2761
1537
1917
2884
2797
1671
1401
2231
2214
3545
1691
3199
1471
1662
4104
4442
1528
1845
1472
2130
1588
1604
1707
2201
1844
2539
4626
2094
1757
1847
1875
4035
3589
2935
2750
2026
2629
1542
1535
1507
3067
1310
1185
1821
1658
1385
1693
1909
1601
2464
2498
2794
1673
2491
1838
1977
3492
2094
2331
6938
2075
1612
1579
1852
2998
1745
1150
1525
1425
2831
1275
3279
1685
3288
1995
2531
1469
2069
1392
1804
2048
3658
1294
3191
2026
1646
1777
2561
1882
2933
2721
5687
1199
2159
9082
4180
1626
1587
1847
5260
5514
4323
1607
2260
4707
2736
1263
2560
1331
2100
1125
2345
1410
4172
1554
2185
4050
4595
1255
2105
1229
6095
2026
4133
1672
4961
1964
2323
2471
2928
4139
2461
2566
1344
4919
1717
2755
1556
1573
1765
6702
2527
2643
2031
2663
1852
3408
1777
32656
2472
3896
2846
3271
2010
1469
1148
1928
1028
6756
1896
1372
5738
1476
1657
1886
2233
3881
3093
2450
4582
2899
1698
2414
2264
1897
2449
1647
1822
4606
1624
1378
2841
2144
10030
1997
2583
2381
1906
3572
2117
2361
1941
2048
3414
2782
1693
1917
2698
2590
2392
1458
1536
1569
1347
2065
2981
2392
1565
9097
3292
1566
2371
1538
1172
1440
2837
3259
2725
2025
1771
1807
1738
3358
2831
1304
2105
2940
2239
1483
4546
1396
2134
1329
1991
1249
1218
1113
1357
1311
4409
1100
1251
1614
3638
1388
1919
2046
1715
1701
4539
2622
1721
1475
2206
2085
1641
2103
1861
1678
2403
1716
2600
1491
2594
3532
3437
1556
2410
2827
2551
1424
2601
1578
8394
1527
1928
2112
1333
5840
4298
1270
1434
1184
2946
6093
2367
1469
5011
1606
5320
2309
2995
2587
3169
2039
2805
1716
3600
2267
1612
26932
2256
3709
1810
1977
1537
1969
2211
2695
1174
1635
1443
3982
3606
2203
1937
3499
2350
2259
1447
4807
1617
3271
1528
2200
1283
2591
7378
2712
2103
2358
2337
2113
2026
2803
2785
2411
1564
2876
3727
2997
1650
2112
1748
2621
1904
1933
2270
1690
9626
2616
4597
2600
1767
1781
1705
1649
1826
1424
2875
2547
1687
2321
2986
2097
2673
1890
1590
1755
1489
1353
7953
1351
1979
1448
1783
2203
2246
1658
2867
1701
1597
1659
2394
3094
1677
1645
2166
1648
4302
1604
3338
1895
2527
2872
2316
1908
2179
1729
1724
1805
2094
3043
2753
1766
1460
1649
3217
2829
2952
1225
2185
1297
2065
1929
3606
1846
2121
1179
1738
1794
2413
1358
8043
2176
2356
5064
4765
1461
2086
1554
2236
1573
7506
3455
3453
1779
7736
2341
4744
1383
4357
1699
13485
1170
3041
1460
2323
1576
2293
2063
1632
1251
1498
1165
5054
1725
2859
5190
4283
1652
3348
1282
2657
1742
6395
15243
9343
3342
2984
7715
1749
3880
1602
2591
2471
2455
2476
3853
3526
3033
2211
2028
1451
17536
7126
2798
2688
3402
1878
1975
2097
1635
1534
3063
1680
1782
2800
1738
2219
1600
1298
2237
3116
2829
3277
3472
9016
5805
3046
3109
4221
2097
3383
10111
2784
2385
5976
1650
1533
1572
1834
2535
3139
1510
1748
2605
1436
8356
1411
1356
1472
1626
1745
1912
4225
4702
2632
1320
2114
1515
1518
1318
1397
1395
1395
1271
2474
2026
4960
3102
1447
2204
1450
1952
1475
1705
6153
1460
3392
1523
12986
1974
1918
1544
2296
1481
1878
1446
3174
1435
3716
1442
1412
1773
1494
1467
1686
1455
1776
1535
1644
1565
4734
1870
5346
1320
1882
1215
1557
1146
2072
1195
1622
1363
1729
1206
2292
1289
2682
2093
8258
19834
3674
1865
6901
1900
10643
1437
1816
1318
1700
1284
3140
1366
2183
1279
4135
1244
1636
1166
2537
1489
5622
2924
2923
2686
2086
1472
3238
2566
2721
1556
3306
1391
1832
1389
1564
1255
2277
1237
4198
1285
4735
2249
2215
1857
1808
2642
2581
2645
1808
2942
2573
3783
1658
1958
1599
1403
3004
1428
1232
1441
2010
6868
2118
4420
3022
1430
1461
3650
2844
1722
3542
7351
2011
3184
2358
1999
4824
1855
2000
1330
2103
1380
3950
2554
1766
2243
1706
1650
1631
1875
1561
1518
3127
2909
2049
1486
5601
2302
1943
3172
2344
4640
2598
1150
1645
2129
1938
1413
1515
1683
18074
1256
1849
1504
2897
1872
1569
2479
2879
2400
2688
4995
4088
6428
4862
1885
2135
1648
3192
1687
1479
1370
5493
6085
1614
1417
1225
3577
2483
7169
6314
1791
2626
2170
3829
4260
2785
2062
5471
5014
2062
1816
6723
2598
1872
1386
1565
1442
1763
1690
2523
2594
1682
2168
3736
1702
10376
1485
3261
2068
3701
15404
18708
2992
2598
1346
1583
1775
2486
1398
3596
1331
2103
1515
1904
2129
5484
3175
3928
4413
4885
3570
5210
1947
4054
6294
5514
1239
8536
1234
1980
2228
2042
2259
2290
3383
4296
1196
2228
1453
1363
4118
1242
3036
2415
2920
3070
5809
1538
1674
1343
1239
1315
1798
1838
1451
1006
1567
1370
1663
2080
1430
3096
1546
1121
2010
1696
13061
1307
6023
1522
2155
2226
2871
3740
2802
1437
2674
1534
1877
1440
5648
1812
1632
2526
1266
2434
1505
1731
8150
1360
3194
1568
26168
1614
1907
7955
2157
4171
2860
1852
2207
1746
1343
2349
1430
1523
1796
4471
1971
3164
3595
1553
2852
5051
1678
1916
1668
2487
1464
2139
1899
2066
1897
1521
1381
1758
1397
1275
1398
1540
1188
1560
1511
14335
1318
2062
1368
3382
4404
10065
3045
4570
1747
3141
1381
4271
14646
3719
1456
1588
1111
2399
1380
1651
1159
2003
1371
1788
1650
12470
1242
5047
1505
1765
2116
2735
1343
3002
1101
2528
5731
2291
1425
5551
1184
1244
1687
2028
5349
1701
2849
3664
1804
2408
2231
2006
3234
3178
1330
2186
1824
3196
1222
19213
5654
11388
2126
1170
1665
1393
1821
1135
1267
2968
2916
2055
3938
1505
1514
1700
7555
5581
2854
1850
5227
6881
1889
4792
1469
1556
1350
2176
2230
1466
7615
1494
1783
2391
1439
1126
1340
1557
1187
2086
2095
1531
2814
1368
1422
1984
3390
1262
2173
1485
2139
1493
1709
2306
3333
5716
1190
1279
1612
1746
1886
1496
4718
2373
5104
2493
4093
2249
1469
3290
2878
1560
1298
5566
3775
2178
1390
1769
1277
1344
1483
3106
1455
1468
1454
1866
3210
2581
1178
1785
1789
2655
2036
2459
1792
6242
1425
4700
8210
15704
1289
2349
2469
3169
1499
3974
1208
1759
1510
1834
2149
2529
4786
2439
1640
2714
1439
7202
1446
2065
1255
2133
1969
1225
3804
2426
1652
1640
2508
2121
1428
1624
1273
1782
3241
3653
2773
4311
2237
2695
2301
4268
1439
3198
2529
3711
1156
1373
1927
3413
1244
1303
1662
1504
1632
1407
1230
1939
1925
6960
2471
3416
3077
5422
2954
4516
14501
1856
1144
3228
1363
1595
1709
1436
930
1476
1298
1897
1062
1214
1409
1723
4360
5648
5063
1498
1906
1597
2795
2214
2859
2763
2390
1822
1167
1115
1788
1514
2998
1418
2935
2807
1657
1891
1337
1269
7850
2030
3474
2642
1626
3618
6910
8695
2814
7248
3732
1540
2783
3160
12707
1672
2967
1799
1331
1593
1685
1474
1267
1188
1190
1822
2760
2194
2327
1659
2397
2218
2126
2058
2167
1381
959
1851
1384
1302
1253
1330
1414
1435
1561
1624
1254
1166
1479
1138
2462
1690
5937
3426
2053
1650
2570
2556
1702
2162
1093
1209
1154
1294
1717
2186
1334
1354
1308
1378
1782
1006
1944
5231
1584
6751
2212
5473
5766
2001
1964
1927
1403
2756
1496
3655
1838
3468
1071
1403
1095
1640
1345
3458
1122
3038
2673
5326
2046
2833
1882
2090
2307
3409
2470
6539
8598
15336
2365
1558
1942
1496
1882
1881
1938
14607
3263
3442
2027
1413
1293
1742
1372
2983
4074
2362
4355
6857
2534
5755
1629
6341
1417
1338
2469
1389
1763
1502
1369
1265
1905
1332
1186
2864
4363
2774
2823
2270
1727
2433
3496
2189
6705
2113
2348
2486
2510
1313
1689
1268
1692
1336
1394
2235
5816
2140
2150
1532
3877
2010
2418
1645
10591
2368
3143
1433
4036
9530
5411
2193
1056
1905
3672
2005
1519
5369
1150
2394
1401
1406
1306
1718
2359
9417
1349
2009
2314
3848
1863
3890
1942
3332
1343
1946
1443
1771
1013
1385
1240
1267
971
1288
1150
1132
1020
2252
1675
4191
1794
3293
1713
1534
2743
3266
1650
1921
8216
1764
1170
4865
1461
1218
1206
1905
1146
2010
1426
1655
1719
3682
2519
8647
2019
2044
2567
3278
1670
4202
2307
2122
1922
4900
1370
1970
1531
2217
1475
2219
1176
1492
1255
2182
1267
9736
4531
2217
1777
6485
1769
5144
1748
5965
1334
21225
1486
3088
2298
2175
2130
2170
1757
2234
1700
6636
1513
2130
1502
2626
2381
4229
4003
14149
2453
4227
2423
5700
1368
6407
2113
7851
1336
2996
1434
1347
2298
2845
2858
2274
2311
1422
1899
1410
4041
1929
4507
3098
4490
1997
3911
1462
3813
2199
4432
4262
1597
1580
4435
3304
1320
2610
1407
1233
1262
1798
1457
2811
1871
21487
2144
9350
2879
1927
10719
2579
1509
2171
30936
4672
1167
4352
1331
2335
1210
1592
1258
1363
1314
1404
1030
4487
1458
1672
4618
7555
5066
2735
2652
2336
3627
2644
2002
3043
1077
1322
1097
3134
1231
1383
1687
1686
1526
1439
1354
2201
27626
2281
1702
7494
4913
3957
6251
2895
2880
2028
1974
4443
1085
1477
1282
6409
1271
1744
1427
1907
1302
4165
2867
1315
1948
4594
3715
3260
2330
8142
3020
4316
1566
3286
3462
2985
1350
1473
2514
2232
1501
1815
1339
1286
1482
4095
2190
8363
4555
2508
3203
2537
1349
2253
4654
8444
1450
3137
2611
12500
2776
2635
1829
2745
1592
3747
1656
2399
2433
2004
1350
1913
2763
2492
2301
9197
2046
4904
1612
6107
2119
3583
3131
3390
3716
4728
2703
1573
6128
1863
3074
1867
7807
1913
2003
1111
1621
2913
1328
2490
2456
4362
6680
2039
1963
1681
3218
1803
1606
1232
1315
1628
1683
1190
4705
1184
1386
1766
1906
1260
3782
2139
1510
1548
1714
7080
2048
1491
3897
4450
5474
3850
1086
1314
1080
3680
1094
1904
1230
1540
1408
1432
1651
2340
1950
1934
2855
1609
3201
2521
3784
1826
1180
2874
1741
1642
1375
2285
1021
1770
1971
1659
1436
3210
925
2684
1601
1519
2386
2229
2291
2345
3470
14046
6044
1896
3040
10829
7159
4989
1064
6674
1420
1306
1858
2401
1308
3331
4754
2733
1205
2067
2849
5576
4577
13447
1881
9136
4368
2782
1809
2945
1490
2070
1289
2320
1655
1380
1159
1943
1252
1637
2120
2778
1732
2420
3523
12436
3115
2657
1798
3497
2139
2098
3770
7332
3224
11839
1571
1727
2060
1577
1668
3113
1999
10074
2847
2297
1367
4105
2412
3935
1802
2526
1242
2989
1470
3199
1792
4701
1622
2364
1100
2241
2086
4531
4906
2541
1206
1632
1218
1323
2298
1482
2519
2466
2372
2142
12045
6742
2327
4417
4906
2388
6543
2853
1842
1462
1344
1703
1847
3694
1266
4650
1797
3864
3734
2813
1791
2897
2117
2237
1822
4243
6565
1752
1521
1349
1439
2884
1683
10236
1191
1127
1630
10621
1606
1914
1174
1702
4000
1924
2788
2249
4327
3027
2668
2991
2524
1587
2342
2355
2296
1375
1031
1555
1184
1638
2034
1168
1371
2828
1803
1267
1237
1772
2130
1514
2773
2176
4466
3983
3597
4962
2142
2569
1546
2014
1332
5917
2133
2683
1603
1894
1356
5342
1570
3593
2855
1299
3956
2218
3279
4041
1444
11447
27241
2645
2130
3693
3334
6210
1535
2217
1308
1840
1466
2616
1389
1869
1324
1840
2244
5048
1952
2439
2151
3000
3029
6215
2851
3694
2104
3283
5856
1784
1323
1229
2339
1193
1218
2040
1202
1921
1274
4423
1842
3374
2015
3254
2279
1568
1572
1717
1248
2309
1172
1887
2427
5053
1160
1818
1318
1404
1288
1986
1487
1502
1873
2228
2796
1259
2355
3332
4667
2124
3196
11527
7835
2918
2183
2290
9539
4538
1316
1814
1995
2787
1255
2311
1720
1865
1402
1389
1812
1840
4875
3695
3156
2501
20243
2469
6967
4730
2855
3469
4141
3465
3912
1406
1707
3601
1698
1573
1182
1357
1065
1729
1469
1175
3871
5341
6132
2368
1477
5497
2415
3405
2467
13198
3827
3197
1316
1608
1240
2130
1455
2024
2008
3479
1371
3830
1686
2115
5727
3651
21064
3108
3088
2560
3339
2846
1692
2264
1986
2491
1466
1637
1481
5487
1548
2525
1950
3817
1834
1617
1708
3604
2685
6499
7680
3187
2117
1580
1678
2035
2064
2933
1509
2822
1658
3128
1358
1433
1465
1353
2164
1663
2014
2893
2419
2145
1094
2314
1784
7997
2593
3234
1438
2350
9265
3005
1265
24767
8866
2676
1701
2904
2766
1711
16988
1512
1299
1408
1444
2027
1735
2827
1373
3738
7698
8017
1964
23506
1585
5736
3846
2897
1491
2113
2154
1675
1275
1444
1176
2204
2597
5021
2721
6278
2754
6477
9544
2041
3582
2684
6168
2480
3626
2030
3633
10646
1134
1470
1353
1559
2415
1408
1542
1206
1013
1047
983
1478
10424
2592
4182
7271
5767
4660
2210
3215
2613
2380
3112
2351
1811
1540
1209
1656
1376
1286
1219
2156
3548
2695
1181
2569
2095
2897
5505
2868
2300
2030
4538
7115
2090
1957
1285
2755
1016
1200
1343
2339
1281
1223
1340
2305
1048
1024
1424
1321
1244
2273
2088
2526
2187
5447
2404
2633
1857
2927
2080
4196
1171
1733
2275
1920
1421
1321
1114
1300
1550
7297
2826
1538
2435
5761
1956
3310
2402
4707
5369
6163
3204
6324
1911
5129
1377
1209
1838
2543
1213
1452
1251
1353
1160
2196
1358
1865
2358
3616
9637
8968
3076
3066
1773
9658
2760
3755
4911
4605
1820
1438
1441
1735
2232
1478
1880
1531
1136
2050
1262
2370
1960
2701
5758
2848
3200
4527
3076
15974
10652
7786
1315
3595
6766
1998
7573
1254
3175
1311
1810
1700
1977
1424
1288
2086
4492
3311
5752
4148
1815
2383
3537
5559
7162
2531
20591
7892
1187
1868
1522
1524
3449
3748
1972
1287
1229
2040
1151
1176
2824
2779
1370
2270
3287
2880
3627
6863
15985
5614
3196
2115
1048
2470
1743
1978
1843
1587
1206
1192
2117
2484
1316
1302
2434
3578
4231
3590
2052
6602
2629
2666
1871
8124
3695
10963
1382
1559
1251
3559
1176
1864
2934
2224
1464
2503
1156
2586
27634
7417
1802
3509
3448
1919
4971
3699
3407
8284
1852
1810
1337
1576
1615
10365
1604
4880
1789
1366
1631
1207
1228
2009
3240
3679
3197
3710
4535
4879
1805
3516
1680
3779
1920
2719
1451
2294
1522
1510
3409
2520
3024
3154
1197
1993
1909
1205
2219
5817
1946
10319
1375
4849
1970
6207
1409
4481
1790
2653
1398
1561
1601
4869
1780
6000
1632
3009
1242
2978
1349
1632
3968
4646
1833
12145
4416
2811
1529
8597
4061
5350
1833
3070
1806
1770
2362
2296
1319
2338
1884
3549
1569
1338
1593
2647
2792
6932
10805
3169
7944
1951
3632
2546
32748
8670
7823
2727
1895
1570
1329
2210
5972
1730
1366
5180
1398
1590
1311
1160
8082
4687
19438
3452
2523
1538
8693
3067
3564
2743
11292
6259
1419
2331
1154
1508
1123
3258
1454
1657
1394
1303
1367
1253
2264
2444
2181
2398
2800
1970
1722
2355
1888
5999
4361
3380
1331
1328
1433
1712
1372
2127
1604
1386
1470
4639
1352
13312
1579
20257
1237
2858
12264
2669
6459
3921
5943
5327
3996
1632
1444
1517
1406
1988
1534
3138
1647
1484
1265
1576
1611
1833
2548
2305
3283
2981
2901
2239
1336
2281
1767
2442
1598
2367
1572
2161
1065
1649
1128
2989
1252
1875
1292
1869
1175
3254
2082
3196
3270
3730
4816
2281
2625
8494
2227
6177
2530
10462
2214
3939
1085
2192
1147
3575
1171
7829
1191
2361
1210
1386
1852
2148
2188
3559
2009
13981
1399
3867
1635
4290
2016
2122
1189
1920
1471
1545
1271
1894
1456
1375
1441
1353
2211
1261
3210
2291
5956
7725
4705
3183
3591
1662
5253
8770
3738
1727
2204
1829
1362
1892
1243
4323
3528
3428
1898
1592
2017
2022
1818
2132
1616
2647
4361
2417
6015
3297
2162
3412
4906
2595
1252
1684
1358
1626
2185
1656
1410
2264
5395
16670
1562
2402
2685
8303
28110
3193
2733
2101
2919
1346
2243
5891
3630
1238
1181
4553
4151
1853
4640
4204
1281
3292
1670
1256
1759
2004
2875
2023
5688
6166
2615
1939
4295
2119
1977
3485
2076
7752
1306
2907
1789
1376
1609
1362
1540
2041
1506
3485
1372
2991
2187
2410
4466
3000
2575
3786
5727
1940
1850
2133
2705
4932
1274
1298
1369
5175
1180
3992
1643
1929
1299
1194
1414
2104
2952
3493
6793
5920
3015
4496
5063
5285
2362
5372
2464
2286
1730
1914
2406
5102
1219
2348
1238
1718
1224
2311
1230
2464
2593
4195
3483
17758
8053
6197
4494
2854
4021
3722
2260
4175
1937
2290
2816
6795
2252
1642
2349
1271
1492
3013
2362
1766
4471
3735
4904
2005
1719
1561
1440
2079
2646
1714
4632
1515
1280
3968
2148
1320
1657
8296
7287
2089
1764
1172
1645
1254
5939
2336
2362
2441
3598
2862
3072
2557
9152
8959
3510
3889
3119
1396
1252
1354
1512
2123
2577
2173
2108
1194
1327
1285
2316
4417
5591
7214
8886
5990
2857
6034
3196
3196
12780
31935
1411
1123
1453
2605
1625
4925
2115
10841
3352
1789
1274
2175
8233
2644
3847
4807
2766
3318
4951
5742
9398
4495
8202
3077
1236
2135
1939
1669
4666
1970
1587
2250
1573
1778
1269
1158
2401
2690
1689
2207
2688
4328
5693
1908
8518
2885
3876
5852
1301
1780
1194
1444
1320
2361
1912
1819
1002
1977
1532
2147
4037
4512
6617
2799
1807
7473
2559
8859
2882
4116
5871
9696
1563
5359
3150
4020
1401
1790
1343
2199
1274
3546
1173
2613
3153
2764
2543
6536
1817
3220
2829
4749
2222
4225
1517
3322
2829
1783
1393
1329
1830
1776
1277
5125
1651
1636
1754
1160
9851
3781
12169
4373
2440
3177
1739
3443
2712
2722
7061
2035
1780
12031
7499
1524
1526
3081
1469
1211
1190
1461
1196
1202
2660
3550
4800
1847
2521
2529
4022
5873
6026
2172
1943
3048
1433
1380
1194
1468
1494
3628
1272
1351
1149
1688
1040
1247
7509
2831
2234
3021
5888
3768
1800
2178
2983
3807
4853
4561
1726
1828
1124
1527
1141
1401
1123
1286
6770
1537
2197
1470
1460
2945
2403
2945
4050
3511
1486
3697
2710
3588
1850
2965
1107
1693
2995
1478
1092
2079
1592
1294
1184
1633
1077
1317
1482
1997
3066
3160
2203
2159
1251
3291
1093
2117
2990
4507
1058
1164
1475
4314
1353
1900
1611
1970
1749
3001
1098
1126
1835
2722
3710
5159
3346
2517
13554
3918
2803
3366
1544
3350
1312
1941
1357
1768
1241
1558
3282
6845
3104
2112
1697
3144
5162
4047
1839
3664
2195
8598
4474
7438
1830
2825
1634
3131
1606
3997
1549
3986
1942
1888
1699
1779
1953
1363
1720
2160
4146
2830
2315
2305
2994
1962
2426
10609
12387
5179
2064
1757
1286
1969
1687
1331
1550
2753
3510
2061
1583
1638
1360
1712
4917
3269
8631
3378
2684
2413
4002
4208
7336
5378
1450
4269
1269
1938
1326
1677
1662
3620
1718
1195
1007
1392
1287
1558
1655
2320
9686
4527
7064
3424
6667
1918
4388
1746
2595
2156
1243
1484
1110
1553
1489
1846
1143
3907
1023
1962
1732
1551
2039
5343
10979
3842
30492
4005
4542
4365
1710
2589
2895
4737
1086
1063
1250
1882
1216
1679
1571
2282
1304
1652
1104
1094
1383
5197
6988
7670
6804
8440
2751
2227
1224
5402
1126
2163
922
2108
1161
1839
1049
1888
1210
1720
1112
2526
1238
1344
3176
3381
2261
2999
6648
5746
1775
4318
1864
5406
7769
4406
1129
2358
1350
4504
1450
5702
1341
1346
1265
3745
1601
14884
3148
4708
3967
3359
3041
5646
5438
5691
5285
3070
3018
5092
1306
2571
2254
5781
2909
2023
1494
1546
1633
1963
1549
1647
2031
2694
6046
4177
1974
6098
5424
3462
1934
2250
5149
4050
3110
1788
5738
2571
1906
2279
3279
1339
5065
1587
3876
1799
3356
3240
10779
2666
5249
3520
2862
2247
8543
1961
2204
6397
5038
3782
1187
2148
2052
1943
1168
1649
1360
1381
1462
1607
4017
3826
3706
9230
11564
2053
13111
3242
3764
3112
3741
16454
1383
1763
1199
1294
1133
1746
1266
3636
2100
1385
1270
4425
9545
3798
4984
2122
8152
25830
2170
10582
5214
3987
1616
3612
1213
1225
1098
2237
1368
2151
1599
1471
1320
2977
2173
2126
2858
3393
2870
8009
3736
2440
1768
7069
3147
6142
5813
8041
1034
4817
1220
1899
1509
2591
2273
2251
2101
4889
1734
10229
4437
3765
7856
2218
3674
1975
8208
8691
2494
7192
5874
6206
11424
3128
1267
1953
2120
4219
1507
2456
1939
1870
1208
1872
3349
3769
1716
2596
3553
3730
4696
3177
3445
3705
6937
6344
12812
4269
1383
1695
1492
1522
3438
2333
1212
1362
1345
2225
5691
4248
2588
3365
10346
1719
6767
4787
3649
1763
2937
2630
1357
1722
1386
1899
5068
2841
1607
2088
1132
1352
1069
6779
9685
10334
6112
4861
4236
25906
4226
5523
2430
6521
2706
13977
1546
1762
1494
1551
1238
4370
1244
1279
1728
1642
1012
1942
3019
3454
4953
3393
7680
6340
2371
2749
1788
4279
2882
11331
2065
1681
1171
2522
1964
1511
1249
1876
1320
1299
1180
3090
16224
1971
2587
3986
3402
7911
18391
3272
4594
2862
2436
8290
1401
1781
1058
36519
1097
1320
1405
5226
1345
1640
1389
1825
6087
2525
5120
3202
5205
9918
4252
3997
7222
7054
8235
2465
1115
3382
2757
2684
5194
15767
1737
2091
1298
1232
1078
3066
2810
3625
1896
5247
10047
12960
6723
3137
5706
20312
2739
6313
1065
1848
1460
2426
1884
1899
2387
5759
1610
2901
1281
4583
5165
3696
5592
4478
16739
7134
2112
7893
2131
2947
2560
4193
2009
2951
1794
1434
1301
1407
3709
1770
1163
1918
1240
2898
5057
2026
5967
2493
27654
3437
2236
2631
2742
2851
5697
3609
1250
2215
1025
1745
1337
1688
1565
3243
2070
18112
1989
2195
9794
1786
8855
17612
15519
1940
3477
2376
5280
12684
9726
4471
2372
2541
1506
2243
1507
1274
1174
2366
1302
1943
2042
1948
19457
4122
5414
2638
3725
2645
3206
4682
2182
3664
2379
6031
1184
1614
1118
2005
1437
1598
1331
1571
1023
2561
2332
2138
4601
3039
2316
2495
1686
1920
10076
2665
1409
2608
7524
2661
1403
1891
1330
2101
1534
3274
1510
1552
1038
2276
1187
1909
3219
2285
5036
6200
2462
4510
2706
2760
1787
5643
7653
4745
1109
1705
2463
6571
1421
4751
1899
1824
1361
3749
1448
4195
7842
17586
7983
2732
17058
2967
3883
7063
5046
2728
34450
5196
1513
2221
2166
6096
1194
2036
2361
2804
3370
2236
2201
3409
2125
5562
7214
17380
3819
6214
2483
3803
7437
9584
19728
2928
3532
1614
3805
3377
1540
1718
1634
2040
3219
1863
1498
1950
3063
3290
11930
2497
1743
3014
5100
3511
4164
8242
30702
12136
2163
2862
1864
1793
1727
1717
2097
1454
1376
1651
2678
1732
16404
4192
4417
3670
5729
3971
3762
4711
8931
7378
7455
6596
3168
5375
1963
6140
1447
1959
1338
1826
1314
1651
2631
2662
3239
4442
4622
3207
8940
3321
4628
6122
5068
4650
6763
1919
1203
4288
1320
2249
3342
2272
1809
1870
1390
3928
2257
1775
17987
3278
2770
3872
3016
2440
2478
3367
2583
3874
3532
2934
1204
2253
1233
3143
1199
1849
1524
1633
1833
1768
2331
1407
2017
3160
3258
9907
5298
3517
3745
4381
3114
3637
4756
4919
1646
2235
1537
1681
1459
3490
1793
2310
3017
6471
1308
3458
4092
13410
16125
4967
4591
3880
2671
5186
3610
3150
2559
4291
1625
1661
1690
4275
1276
2898
1425
2703
1664
4013
4501
4423
4724
3029
4916
3628
3557
4646
17523
4155
8979
5716
4042
6272
1313
1734
1708
1924
1530
1493
1402
1719
3066
1687
2760
4141
10323
2509
7582
2917
3749
3892
4645
2916
11710
6184
4923
1730
1974
1765
2121
3107
1664
2244
1566
2790
1799
1515
2497
2370
37634
26357
12129
14262
4103
3741
4386
2901
5149
4035
15261
6805
1217
1747
1337
1452
2414
2634
1303
1886
2760
2655
1628
2350
5565
5671
10264
4963
2654
8657
5389
8766
4652
7653
12250
3453
1484
1998
1819
1508
2877
1707
1087
7239
1676
2692
1486
2976
5702
3448
11450
3345
9052
4825
4340
4744
8950
3824
1912
2354
1313
1514
1215
11319
2038
1658
1351
1374
1547
3014
1227
3624
18041
23002
23402
2170
3362
3907
5769
7123
1609
3445
16474
3016
1335
1815
2504
2690
4041
2293
1227
1999
1200
1725
1164
3308
9980
4660
3381
3694
4230
4962
4038
4072
5118
2977
5855
5381
1602
1689
1404
1990
1378
3481
1804
7393
2767
5307
2112
1832
2776
1696
1256
1901
1198
5897
5278
9323
