2171
11995
1567
2318
1320
4283
2716
15250
1877
3398
5159
2728
3588
11338
1654
2189
3650
6778
5819
3217
3569
3181
1632
4327
1671
1985
2230
2081
2529
2776
8694
3820
1979
4733
1415
3890
2047
2341
3253
2286
2225
6334
2962
4655
4379
3000
1471
1867
2924
7099
1709
1943
2056
3410
1352
2867
1641
4319
7175
2495
2035
2362
1747
4676
2609
3612
20099
3066
3323
1446
2128
1669
2980
4845
1793
3709
1478
3916
1728
2799
1677
2886
1292
1467
1283
2074
1683
2137
1132
2784
2017
5680
1192
5335
2006
2300
1035
1356
1988
1909
2651
1786
1669
4278
2077
2720
1820
26730
4047
4259
7098
12360
1350
3241
3227
1955
2311
3215
3812
2864
1711
3634
14124
1826
1932
1781
1363
1667
1683
7073
2234
3185
1643
2071
2328
2533
3964
16800
1121
4190
3921
4677
2571
2316
1447
2571
2017
3256
4121
2013
2441
1873
5712
2445
2016
4634
2864
4336
1873
2452
1724
2298
1278
4155
1877
5022
1941
2501
3218
3249
5426
11530
3386
4134
2887
3210
2312
1980
2164
3677
1592
1347
7872
3104
1594
15455
2572
1914
4270
2228
1615
4208
1491
2801
1161
2298
1071
2960
1011
4985
1115
3428
1013
4989
1080
4161
7558
4615
6261
6092
7605
4142
1492
4213
4323
5127
2756
3729
961
5149
1028
12378
1030
5701
981
2959
1102
2654
1084
2578
1526
8154
11247
6916
1874
11203
12662
1493
1950
3411
3870
4819
982
2071
959
1365
1067
6250
1114
3729
1216
2290
1168
2379
1908
6364
2383
6580
3987
3752
1823
4243
1778
5336
1080
3922
1297
3272
1076
12268
1086
1846
1021
4538
994
2594
947
4080
3044
2454
2125
7148
1520
1948
1249
1782
2483
4112
2101
2274
1273
3240
2140
2202
1578
3138
1992
3075
1228
1637
1151
1917
2107
3944
2894
4489
1720
1874
2234
1942
2313
1832
1364
5087
1245
8176
3579
1757
1331
3939
1364
3167
1379
3147
2383
2152
1556
3429
2241
2497
1877
5490
4691
2045
1884
5127
1383
4478
3148
7999
1389
4460
1339
3174
1172
3565
1140
5016
1210
4073
1609
2618
5891
4209
2163
2913
3027
1577
1263
3020
2549
6053
1141
2637
1099
4253
1119
1929
1137
5822
1083
3089
1043
3069
13452
5153
1845
4726
2029
3104
2374
4270
9039
1935
1269
2040
1056
1268
1037
1984
1040
1124
974
1281
1034
2300
1011
4956
1790
3520
5239
1919
2107
1966
3492
2120
3506
2243
2793
1621
1034
6519
976
5469
1120
3229
1148
1711
1183
2136
1115
2286
2151
1489
1521
3187
2373
2299
1565
3093
1744
3241
1661
2770
1143
2982
1096
1562
1174
5851
1089
4105
1971
2762
1777
5270
1258
1560
5015
3143
1235
3228
2054
2733
1230
1775
1255
3860
2635
3160
2615
3291
2783
3676
2566
1594
1734
1677
2492
2737
1493
1629
2289
2169
1695
1973
1958
8646
1411
2518
1764
1699
1220
4096
3626
2169
2785
3123
1915
2347
3693
3452
2778
2545
1969
5411
3681
1908
1089
2923
1619
3050
1500
2324
1966
2577
4587
6107
3632
3792
4096
3309
5137
6262
2027
2160
4514
3156
1578
2181
3387
3495
2782
6019
1854
3231
1707
1800
1916
6975
2664
1517
1381
1606
1796
2014
1984
5423
5251
3773
1789
1173
1225
2686
1097
4929
2203
14225
4907
8862
1227
1139
1597
5347
1314
2790
2443
2025
1645
2931
2464
3466
3327
4172
1343
1762
1944
8950
3826
3886
1746
16088
2227
3102
1282
2114
5613
2954
1091
1461
2272
1911
3252
2776
2440
7607
1784
1923
1370
2215
1195
1486
894
1504
945
4293
1296
1548
3358
790
724
996
1384
1698
2250
1897
2222
2113
1304
1315
2351
2890
3645
1623
904
6287
1088
2733
9383
1280
1564
1393
1742
14979
2583
3750
3325
2979
1167
2656
1707
2637
1735
2934
1816
1387
1752
1575
1281
2261
1266
1377
4207
2319
1574
2266
2011
1987
5451
5506
1600
2399
2138
3371
1960
4654
1462
1794
4479
2169
1520
2813
1947
1512
850
1152
1095
1452
1833
3944
1504
1609
903
1053
1214
2798
2582
3503
3492
1726
2282
2549
2052
3359
2097
2251
2238
2308
1984
2314
2354
1834
2180
2772
2145
1248
1885
2569
2572
5903
1981
3521
2350
3388
2507
2120
1904
2097
3522
2480
1824
4252
1545
3780
985
1633
1116
1672
924
1427
2112
1830
2121
3183
2252
4728
1619
2463
1797
3821
3392
1554
1059
1981
1665
1922
2695
1905
1957
2185
2003
1803
1086
2138
3038
2495
2371
1298
5191
4330
5123
8755
5311
3496
1727
3604
3758
3152
3216
2068
2575
3012
2912
3625
4459
1997
4707
3891
1696
1709
1240
2771
2909
3775
2503
3746
1973
1890
2196
3073
2712
2309
1934
2618
2263
1634
1324
1681
1060
1968
5844
2855
3039
1982
3732
4146
2383
5612
4070
3240
2472
1998
4820
1980
2535
2664
1540
1826
2727
3601
2890
4489
1859
2174
7057
3062
2306
2769
3215
2356
2645
2048
4863
4472
3160
3692
3100
1937
4746
6714
3067
4195
1785
2278
1649
3336
2342
2715
1846
4572
2282
9284
3175
2937
4965
2500
3639
5817
2685
1456
4121
2434
2929
3149
1714
3674
1586
4155
3663
4814
2559
2722
1143
3382
1296
2566
1120
3807
2728
5420
7812
1705
1927
1394
3125
4644
3552
1554
3657
3248
2268
5043
1403
2032
2164
2224
1430
7090
1010
2826
2301
11183
1671
4184
4163
2635
1427
2396
5635
4065
1491
1981
2260
2291
2262
3550
1424
1881
1944
3479
2353
1735
2315
4214
2220
1672
4260
4786
3683
1708
2381
1904
2405
1512
2135
2742
3303
1937
2148
5382
4580
4537
2726
1521
2574
2959
3009
5457
3074
4209
1442
2792
2305
4325
2465
2472
2226
2127
2785
1242
1114
1559
2449
1330
1399
1301
1414
1986
1520
4102
1465
1664
1162
1774
2595
2261
1725
4204
2726
3723
3240
2775
8074
7764
1935
1738
1724
4053
2426
1704
2299
2038
2134
7318
1336
1797
1852
2324
2201
2003
2006
3764
6212
8469
6252
2907
2639
2887
2734
2734
1541
1544
986
2984
5269
2384
2025
14881
2555
4379
4376
5236
1721
1775
2039
4226
1861
3176
3088
4056
4386
2621
1805
1616
3337
3313
2295
4189
2161
3860
2795
3013
3098
2679
5978
1591
3256
1719
2001
2887
1868
2737
4712
2341
5172
3925
4998
3363
2779
1965
1600
6614
2000
2611
2271
2549
1790
3377
1946
2237
3234
1957
5779
2849
2034
2246
3620
2210
1474
9742
1906
2482
1101
1930
1646
2398
1390
9374
4073
2620
1798
3897
2243
1941
4045
4638
1951
2679
2047
2961
2749
10159
1925
1920
1038
2011
3829
1761
1083
1434
1331
1883
1321
6239
2456
9119
1272
2331
1863
2809
2727
1709
1527
3000
2614
1480
1583
1146
1383
1607
2579
3209
2600
1651
1569
22478
9351
1953
861
1607
2103
1757
1941
3493
1863
2588
1811
6521
1785
2503
7182
2109
2547
1459
1884
2784
5628
3564
1621
3662
2408
2563
1975
2190
2344
3708
2075
2165
2676
3070
4980
3561
3227
7373
5581
4278
2371
1960
2687
6191
6393
2307
7080
4514
1552
2654
1133
2309
3242
2636
3453
2606
2068
2467
2114
2147
3056
3023
3738
2571
1133
3603
2693
3742
2318
2754
3046
1973
2626
7231
2705
3292
1718
3086
2516
2287
2482
4265
4584
1877
12069
4515
1355
1879
1490
3704
15939
9144
2928
4621
2810
2240
2621
3957
1176
3887
1685
1280
1376
3385
1856
2286
3514
4625
7851
2842
2695
5938
2813
2014
2151
3031
3306
4362
2238
2990
1479
1973
2297
3269
1220
1291
1623
1438
1938
1798
2985
2497
3009
3119
4199
3942
12921
17830
1653
1790
3911
5513
3031
2680
1351
3046
1686
4294
1480
2846
1906
17637
2351
2944
2241
3741
1867
3873
2076
3945
2448
2205
2415
4520
2907
2480
1291
3124
1122
1784
1781
2365
3291
1986
2330
1700
3016
2490
3180
4284
2256
1500
2310
5420
1258
1740
1648
1880
1310
2292
1500
3517
3415
4778
3050
3200
3679
2482
2273
3350
3154
2988
1594
2064
1728
2262
2749
3530
4449
6672
998
2307
3289
2470
1904
3513
2101
3151
1605
4642
1087
3010
7792
3037
2927
7606
2245
1686
2544
2978
2384
2343
6926
2358
1389
2750
1119
4752
1649
3896
12723
3565
1499
6908
2057
2440
5980
9000
2337
2302
5057
5320
2630
1671
2718
2097
2134
3846
1829
2466
3710
2446
2279
3329
1510
2582
2254
1804
1270
1512
1737
3094
4421
1775
1758
1495
1566
1917
1812
2192
1090
2181
1782
2882
2778
1480
1519
2883
2827
3886
2389
3240
2469
4735
1577
2924
2230
1357
3132
3768
2416
2539
2658
1589
2500
2391
1407
1766
1240
2150
3342
2922
16418
3448
1294
1870
1276
1301
5236
2712
2934
2307
1977
4404
2328
1546
1806
2331
1308
3734
3469
2107
2036
2367
1915
2604
1544
1847
1240
3455
2251
1934
2315
3855
2021
2725
3127
4140
1639
2703
1880
2790
2590
3163
1391
2141
3500
2309
2088
1928
2113
2952
2208
3066
1863
3741
2328
1927
3103
1790
2091
4499
2582
3293
3635
1758
6327
2824
1769
3694
2444
3650
8727
4534
1643
2792
1666
2138
13793
5951
2094
1567
2477
3489
1368
8265
2408
2610
2508
2101
3825
1475
1203
2404
2140
1349
1352
1780
2836
3727
2854
5305
1708
2140
3137
1414
1364
2577
2503
1088
5643
1889
4192
3065
2108
1624
2362
3250
2061
2871
1312
1425
1468
2305
1824
8475
3248
3592
3541
3422
1067
1473
1905
2423
3678
3435
6327
1352
2483
3818
2483
3021
2395
4839
2921
2426
3324
1688
2280
3398
1606
3017
1956
2448
1835
1167
2694
2803
1908
1531
2987
1903
11493
3179
1272
2476
1512
4361
1659
1672
1469
1810
1414
6222
1490
1589
2065
2473
3021
13728
2155
3202
4156
5384
1639
2588
1227
3876
2963
4326
1482
6055
1900
2233
2737
2112
3713
1414
1055
1445
1970
6420
1752
5536
8050
3331
1694
2416
1158
2289
2607
2944
2146
4892
1142
6593
3997
5874
2442
1422
1300
1872
1935
5151
2294
2266
2014
2815
2054
3665
1277
1865
1581
1440
1618
1287
1504
1856
2642
2268
1059
2072
2735
2188
8107
5416
1148
6291
1476
3161
2546
2913
3326
1659
2605
3074
1574
2131
1432
2022
1504
3674
3196
2832
2147
3134
2074
3795
2235
2232
1725
4156
2368
1623
3765
1764
5739
4711
2750
3238
1211
2031
2584
3237
1997
3476
8499
2396
4579
7975
2544
1589
3566
2968
959
2865
1376
4491
3772
2038
1450
1766
1430
8379
2318
4383
3338
1475
4098
1986
2780
2540
3008
1617
2289
3708
6756
3619
1267
4500
1651
6484
1640
1502
2822
3092
2518
2194
2431
4614
1921
4176
1761
1683
2349
2470
908
1641
1784
2163
1138
1890
3530
8430
3606
2505
1914
2861
4548
1525
2523
2390
2073
1674
1412
5760
1209
2143
1499
4478
8227
9794
12141
4319
997
4653
1649
1543
1156
1750
1440
962
1605
5502
4501
9892
5974
1880
7566
10774
2482
4202
4497
7643
2441
2984
1829
2722
6258
3576
8119
1247
2398
3607
7296
1701
3578
3047
3019
2023
2343
1129
1246
1360
1478
2340
4711
4985
1725
1376
2139
1615
5864
7786
4910
5620
2543
5912
2367
1968
3019
3625
1811
1385
1406
2523
2580
5604
1678
3019
2198
1258
1831
1801
1380
2278
1644
2220
6410
3076
2098
2927
7826
8752
5004
4330
2568
3892
5440
1232
1913
2203
11713
1932
6214
3089
1698
2329
2078
6037
5782
2435
1612
2678
2038
2600
1369
10624
3187
1922
2078
1862
3566
2708
1630
2727
2642
18611
12444
4226
2301
4851
2102
3075
1703
2839
1171
1573
2059
2386
2109
2281
2722
1811
3799
5870
2133
5444
4827
1012
1374
1350
1600
2152
1650
3651
1566
2022
2341
1800
5036
18490
3662
5189
1960
2391
2611
5436
2020
1435
1525
2049
1523
1311
2045
1693
1387
3800
2143
2271
1089
2092
1374
2953
2379
5223
1531
2432
6948
3185
1697
1480
1707
2241
1531
2021
1510
1823
1306
3061
6964
2602
1771
1644
1583
1931
2098
6095
4462
2066
3674
1732
2128
1592
6659
1263
1449
2611
1477
1982
1834
2316
1257
2356
2709
3956
1515
2971
1566
2679
2311
2323
2877
11884
2901
1703
2017
1960
5173
2287
1147
1508
2180
3479
1137
4145
2383
2839
2062
2620
1530
2175
1794
1986
2294
3332
2033
4816
2472
2050
2775
3104
2946
3172
2981
1594
1587
2144
4751
2659
1088
1608
3137
4645
6331
3836
1905
2194
4168
1952
1629
2506
1927
3090
1170
2422
1882
2819
1768
3248
3731
2721
1135
1678
1479
1928
2272
3142
1483
2447
2058
1556
3760
1616
3027
3655
2285
1354
6388
1152
2056
1769
1883
2018
2648
4323
1581
2364
1318
1663
1324
1454
6543
2077
2116
5019
1838
2179
1301
878
1930
822
4577
1359
1335
11174
1298
1985
1817
3186
2498
2573
2008
7737
2887
1810
1506
2180
1256
4109
1156
1554
2268
2966
1513
3657
1911
7005
2948
3737
3825
1615
3677
1791
1471
3040
2182
3634
2663
1543
2028
3106
1672
2822
894
1735
1838
1849
2370
3644
2699
2024
2624
2656
1841
2504
2048
1338
1290
2922
4536
3147
2938
1867
1590
1497
1875
3197
1465
2024
2897
4337
1795
9038
1973
3342
1448
2827
1352
1491
1073
1544
1128
3808
976
1006
1628
3750
1827
2256
3566
1617
1966
3164
3874
1984
1908
2595
4015
1609
2792
1800
1592
2519
3245
3122
1321
1782
3291
2563
1480
2363
3091
2640
1478
2047
1419
5020
2283
1375
5140
1576
5589
3193
1133
1951
1264
2804
4072
1665
1319
4832
2574
7704
2503
1889
1865
2156
3361
2427
1379
2946
2113
1574
11813
3480
4215
1704
2216
1641
1882
1407
3768
1118
1089
1928
1628
3480
1222
1785
2334
2865
1322
1537
3868
2262
1984
2054
3792
1587
2411
8532
3149
1207
2097
2440
2564
2725
1662
3236
1779
1506
2348
3452
2564
2262
2062
2638
2316
1846
2141
2957
1428
6200
1952
3638
2907
2007
2590
1784
1772
1982
1216
2658
2352
1780
3170
2460
2163
2822
2076
1362
1959
1401
1370
8286
1488
2777
1544
2019
4587
3609
2559
3066
1714
2204
1862
3123
3374
1365
2290
2496
1505
3059
1595
3062
2060
2992
2818
2254
2680
1978
2687
2698
2302
2427
4647
3695
2217
1229
1434
2315
4709
2965
1069
2065
1136
2052
2674
5291
2764
1734
1031
2144
2480
3421
1509
4129
2332
2215
3473
6458
1535
2214
1797
2112
1533
7633
3296
6594
1891
4403
2568
3840
1720
2823
1492
7241
914
3261
1245
2389
2300
2582
2775
1837
1294
1723
1033
3490
2111
2190
4856
4216
1720
2439
1306
1998
2278
2548
6256
5772
2179
3361
5776
1849
3505
1683
2938
2600
2748
3122
2025
3255
2084
4157
1821
1650
7250
10873
2543
3868
1307
2632
2322
3789
1716
1865
5789
1845
2205
3466
1697
3412
1530
2008
1866
2297
1451
3922
2118
6190
2481
3352
1661
4072
1773
3093
4263
2991
2420
5242
1852
1560
3184
2528
3951
4138
1501
1941
2843
1710
3381
1106
897
1212
1177
1418
1224
3785
7000
2782
1077
4029
1831
1716
1391
1470
1616
2060
1645
2649
2446
2465
2206
1524
1563
1473
1393
1328
2097
5889
1875
5099
2142
21613
1797
2233
1527
1234
927
3881
997
4988
899
7768
892
1542
1515
1741
1645
1545
1107
1946
1447
1348
1220
3593
1897
8290
900
1917
893
2060
887
2613
861
1780
821
2172
823
1641
1384
2949
2165
12330
11894
4773
2503
5013
2213
3332
1191
1244
813
1782
795
3036
969
2726
1060
4179
1287
2257
1375
2533
1750
2631
2495
2325
4067
1412
1393
2756
4566
2088
1759
2778
1216
1928
1147
1809
1315
4066
1278
2672
1231
2608
2484
3097
1188
1707
1774
2173
1587
2777
1979
1774
3081
1449
1510
2156
1458
3670
1626
1921
1949
1952
9055
2378
3523
5071
1225
1940
1361
3088
1443
1320
7001
2235
1224
2971
1463
5525
1509
1712
1250
2368
1235
4664
3171
2334
2810
2086
3277
2353
2184
2354
1046
3547
3770
2576
1338
6263
1868
2422
2450
2916
3112
2791
1663
1762
2977
2190
1976
2044
2037
10654
1416
1834
2424
3446
1958
1523
2784
3733
1769
2217
4615
4680
8735
5656
1237
2889
1378
2316
1969
1578
1340
3715
12035
1783
1606
1597
3091
2078
6035
10042
2439
2222
3125
4619
4010
2822
2253
5125
4399
1615
2912
6590
2680
1599
2011
2106
2003
3124
2257
2379
3771
1838
1919
2123
1180
8082
1425
2112
2324
3074
12767
6313
3371
1997
2232
1973
2003
2152
1646
3563
1188
2255
1916
1838
2295
3850
4758
2883
5021
3143
3822
3935
1600
3511
9267
3312
1108
4947
1248
2112
2808
2870
3569
2431
5986
8815
1641
2108
1726
1778
2715
1260
1589
2208
3128
3393
4516
1245
1512
1606
789
1265
2857
1786
4609
1055
2073
1934
1857
3201
1608
4813
1942
1098
1279
2546
10287
1394
3445
1904
1278
1819
1075
2420
2252
1303
4175
2297
2598
1853
3941
2192
2473
1983
1302
2556
2225
1320
8066
1295
1462
1928
15963
1508
1422
5912
2022
4459
3238
1484
2115
2234
1812
2095
1706
1827
4308
12826
3222
3147
7902
2117
1561
5350
1142
1538
1140
2900
1341
1977
1463
2107
2053
1403
1992
1879
2202
1477
2627
1846
1414
2783
1846
3932
1496
1713
1089
1804
2872
8244
2499
5633
2180
3991
1303
2255
8297
2647
2010
1716
1633
1947
2148
2004
1387
2520
1925
1993
3296
11709
889
2686
1757
1453
2291
1644
1686
2163
881
2617
7289
1711
2824
3683
1172
961
3476
2497
7674
1744
4089
3380
2130
2309
1611
1348
3347
1483
928
1699
2111
2284
1144
7971
4997
3327
5227
997
1746
1296
1485
1075
1296
4322
3679
2642
3093
1943
808
1485
2639
7148
1920
1621
2322
5131
1101
4880
1228
2138
1220
2994
2616
2329
1761
1327
1603
3570
1865
921
1296
1438
815
2459
1510
2011
2445
1602
833
1291
1876
1245
2276
1418
5081
1399
1646
3040
4140
3040
1400
1262
1694
1502
3730
1997
4865
3143
2680
2057
3194
1904
862
5785
2257
1804
979
7807
3820
4390
859
1276
1231
1906
2918
5055
3045
1740
2133
2470
3187
3601
863
1476
2299
2817
2080
2581
2128
8238
1274
6920
8218
6944
2268
4403
4414
2753
2258
7247
1201
2398
2733
2680
2111
2299
5107
3343
1493
3233
1497
7675
1374
2264
1124
2421
2853
1226
2049
2634
2573
1808
3882
2294
1161
1915
1854
2118
9443
3967
4812
3814
2409
2836
2621
4506
1952
2512
5270
2690
1025
1666
4668
4883
1700
1437
2412
1851
2169
2059
1390
2077
1933
3876
2222
1882
5149
3448
2009
1962
17078
1220
1040
2029
2285
3030
2616
1445
1075
2939
1781
2411
1178
1213
1602
2873
2741
6715
2633
1607
1319
1499
2128
2337
2486
2689
1950
1736
1513
1002
1729
3937
4475
1511
2400
3637
2225
2454
1500
1274
2541
1905
1963
4187
1053
3105
3822
16347
2841
5704
3250
1278
3467
3078
6441
1638
3179
2642
1738
2264
2228
1719
1929
1015
1051
1833
1377
3268
2666
2173
2658
1635
1919
2085
1663
1281
1230
3066
2790
1729
2270
2082
2060
1400
2399
1884
2154
1607
887
1084
1429
2109
2600
2737
1721
1966
2692
2666
1604
1882
1548
1713
1866
1834
2522
2600
1588
1997
1619
1483
2262
989
2375
5271
1228
3543
2830
3843
7949
2652
1530
1602
1300
2789
2476
5199
3441
3694
1813
1531
1712
2120
1669
4630
1495
4902
1924
2612
1972
2097
2885
1861
1758
3472
2127
5019
9275
11556
5337
2360
3744
2155
2742
1564
2523
8001
3933
2864
2995
1437
1128
1051
1717
2300
4299
1371
7066
3531
2075
3591
2637
2451
1442
1710
2198
2572
2341
2040
1795
1782
2088
1205
1381
4167
2708
2067
1419
2618
1115
2696
1961
2664
4072
2667
1570
3283
4863
1303
2132
1631
3025
1535
1896
2784
6508
2828
2318
2305
2035
2036
1771
1959
10138
3296
1726
1094
2209
4517
2004
1668
1230
2912
5019
2426
2205
4891
1282
2294
1730
1709
1931
1709
1047
8851
1043
2892
1517
1983
1085
8051
1364
2616
918
1960
2481
1718
1160
1450
2057
1677
1637
1955
4054
1496
1237
2038
1513
2673
1522
2152
1389
1949
2818
2662
1528
1821
5525
1864
954
4405
1874
1418
1659
3124
1733
2057
1783
1725
1687
7176
2117
7827
1908
1807
2703
2762
1986
2779
2638
2358
1857
4467
1795
2380
2172
2434
3648
2691
1053
1686
1844
2468
1825
5483
3957
2370
2047
3692
1625
4032
1964
4163
913
10285
1618
2511
3562
2179
3292
3077
2724
3304
2001
3870
1769
1813
2024
2844
2947
3311
2741
2939
2951
3122
2517
4228
1216
3940
1984
3779
1916
5506
1926
1606
3339
4426
3313
2122
3954
1552
2200
1593
2108
1642
2630
4052
3659
1940
1895
1724
2877
3111
3369
4466
944
1914
10784
4710
2009
3727
1649
1178
1499
2454
2906
2047
946
9593
1002
4101
1492
1724
3251
2372
1008
2981
11948
4717
1715
3740
1626
5765
1792
2521
2862
2101
1913
1729
1593
9105
856
1454
3605
5742
2717
2459
1813
2234
3574
4100
1216
4128
1344
1475
1581
2247
2130
2496
2740
1898
1933
2075
2045
4961
9833
2275
1358
11743
3271
3372
9945
2576
3814
2669
1698
2952
2142
1946
1633
4660
1805
2429
2433
2289
1906
6629
5158
1630
1859
2313
2267
1759
1512
5947
2735
2855
1176
2865
2507
1494
916
1914
3123
3036
1719
1442
2659
1306
1650
2072
4324
3964
3145
1819
2872
2398
1107
1415
4084
5324
973
2081
3261
9157
4149
3026
1444
2786
2058
3549
1875
3902
4161
2500
1907
2836
2345
1957
1821
9714
1960
4608
1330
2256
1771
1953
2736
2359
7155
4516
4094
1400
7719
2141
1847
2201
14264
3257
3817
1267
1067
3229
1095
4064
1287
6502
2303
1580
1504
1684
2337
1515
2565
1690
1281
2589
3094
1457
5361
1028
1618
2043
3218
1860
2522
1884
1184
1120
1008
11587
1405
1422
2222
8382
2137
3674
754
1722
1686
4078
1474
1781
1946
2049
2190
2394
5060
3211
1666
1687
3017
1316
3600
3581
2579
2810
773
2055
1116
1658
2279
4346
1623
1985
5920
2755
1719
2504
1427
3282
3446
2103
1639
2156
1730
2186
2368
8440
3948
1807
3327
5487
3438
2557
2056
5183
2882
1740
5611
3950
1631
3309
6590
3508
1282
3209
2394
4026
2639
5160
1305
5052
2681
2195
1450
2454
1206
2143
1647
4561
2922
1610
2019
3001
1345
2301
3149
2395
2233
3499
4354
12658
2578
1589
1205
2229
2354
1487
3448
5500
4837
9067
895
2231
4596
1652
3921
3235
3198
22464
11532
2306
1910
3212
2178
3481
1728
2013
912
2168
1080
2342
1356
3445
1536
1514
1092
3152
2899
6969
9762
2992
1875
3254
1543
2066
2895
1620
1527
1872
1156
1315
896
2023
1227
3157
1858
2591
3526
3564
2350
2144
2262
3246
2636
6353
1890
6311
4224
5148
2589
2027
1361
2843
1391
2523
913
2895
3677
1762
995
1092
864
2466
2592
8909
1650
1279
2728
5479
2387
2877
1984
2404
3140
2101
1589
1827
3259
2882
2495
2003
1364
1367
1731
2019
1792
1367
783
2050
2707
2220
3217
1448
2920
3289
2916
1735
2009
2547
1344
1620
1803
1685
1862
3101
3719
4334
2127
1901
1185
1616
1723
3804
5153
3007
8205
2850
1307
5500
2674
3395
4164
2068
2928
1954
3510
2991
1391
7117
10913
2119
1172
2505
3650
6739
2570
4134
2266
2392
1783
2854
1600
1948
1240
1730
3551
3859
1583
1870
1875
2563
3020
4240
3095
3353
1697
3862
3427
1397
1312
1573
3878
1470
1695
2181
1506
1749
2294
3484
2649
4180
1565
3181
2192
1246
1093
1259
886
1651
838
1314
1549
3537
1306
2274
1610
1685
1844
2016
2557
2661
2030
2294
4833
1402
1432
4461
2234
1698
1749
5455
3862
2426
1218
2186
5727
4762
1228
2392
3784
2960
1409
2622
2285
2639
1949
1617
2236
2500
1387
2727
1872
2162
5936
2912
3410
3452
1364
2541
2962
3235
4618
2479
2557
3070
1671
1678
1715
1371
1833
1517
3297
1619
2566
2695
2637
2218
1053
2390
1465
2542
1619
8374
2474
2161
2100
1958
1186
1952
2728
3916
1745
3509
2105
6670
2570
3371
4153
1646
5912
3012
2923
2106
2077
2165
1433
1738
1550
1788
918
1902
1441
13446
1675
1561
1587
4476
1774
2260
1729
3985
2027
5024
4061
1836
1991
1587
1882
2135
1597
2910
1194
2164
1646
2526
1035
1804
1905
1636
2425
2342
1997
4440
3296
3721
855
2664
1640
4908
2731
2098
1031
1579
12551
2858
1106
6818
9640
4127
3794
1694
4958
1705
16997
1517
1697
1722
1691
1840
1796
2163
1081
1607
4387
3050
2531
14810
1557
4341
5213
2312
1784
2866
3050
3748
1756
2322
1667
2103
2168
4121
3333
4276
1555
4010
2770
2556
2077
2073
2088
2616
1853
1848
2430
10410
808
2594
1782
1808
1824
2224
1774
1861
964
985
860
1370
2114
2116
1778
3579
1770
3008
1041
2036
1482
1709
2789
2413
1742
1347
1507
3570
1595
1300
1914
4770
1243
1509
1175
4649
1298
3413
4023
2709
1777
1751
3779
8209
1103
1373
976
2323
1325
1331
1061
2594
1383
1490
2041
6405
1373
1139
2386
1608
1029
1776
1470
1815
1725
6624
1967
2865
1823
2138
1867
3301
1263
1993
2478
3292
2882
1348
928
1613
1809
5781
9006
2308
2136
2901
1756
2562
1350
3971
4113
3853
1973
3710
1678
3323
908
1520
1785
3325
1316
1919
1354
1618
1021
2088
1700
2035
2923
3778
11372
8758
2992
2087
1281
3902
1869
3056
4718
6461
1995
1503
2597
2986
2408
1871
1634
1817
1320
1984
1905
2498
1408
2275
5909
1824
3482
3497
4535
4464
5338
3011
1033
2126
7613
4763
12288
2118
6282
1280
1486
2760
2650
1459
1325
4605
2945
2554
3352
4248
1153
2209
2573
2849
2345
2071
5050
2711
1378
3469
2694
4168
3610
4875
3096
1529
1670
2803
1407
1648
2001
2307
865
1502
2856
2688
2606
5440
7649
5311
1716
1616
736
2735
2435
2678
2275
1635
1393
1064
2468
2976
1872
1260
1182
3264
2053
3421
1194
4551
2272
1344
996
4646
1344
3800
2263
1956
994
6720
1833
4886
1946
3141
1533
2821
1370
4372
10517
4768
1529
3079
2889
1382
4837
2545
2014
9622
1799
1390
2256
2786
2714
4950
3122
2071
2497
1930
2084
1260
1137
2235
1571
2897
2252
2990
4290
7144
1408
1573
1132
2967
1582
1893
2082
2368
1765
1548
4310
2878
5724
2317
1551
1759
3156
1057
2007
3152
1224
7052
929
2761
1239
2557
1058
2522
1293
2060
877
2342
896
3184
1406
4061
1882
2212
1536
5893
1984
2500
2823
7378
1177
6328
1949
1651
1414
5670
4061
3221
2177
2403
2148
2452
2367
3136
1330
2944
3103
3614
1718
1906
2283
8733
1552
7361
5332
3388
4605
1519
1662
1345
4454
6903
1534
2214
1735
1429
970
2311
6558
1641
1755
1786
1534
2043
1970
1520
6594
6040
5150
4703
1459
1212
3821
2863
1752
2509
5797
4859
2801
3227
1369
1485
885
4089
1298
1770
1117
1526
1046
1178
1270
2586
1284
2076
1579
1684
1287
2516
1259
5368
2408
2547
846
1227
1046
2187
1187
1868
1659
1576
1322
4024
1664
20651
1064
5041
786
2314
6128
2302
2087
3190
6558
2919
2443
1328
1851
2275
2092
2870
1360
6339
961
1662
1122
1789
1191
2230
2202
1457
1930
2799
2513
1835
1091
3754
1470
1872
1112
2860
4531
3290
1021
2009
1439
2669
1857
3045
2199
2403
2171
3634
2729
3005
3207
2157
1942
1160
2253
12690
1499
3094
942
3062
2044
2733
1103
2213
1272
2941
1117
1828
1194
3007
1124
1687
1582
1089
1593
2128
1501
4890
1068
3276
1514
4061
2367
1622
878
2048
1367
2186
1635
2562
1628
1661
1660
1690
2900
1508
2169
2440
3390
6819
2290
1949
2303
1224
3422
12492
2950
1433
4119
3275
1629
2194
1371
5071
3746
2346
3361
2360
1422
2308
1291
1987
967
1663
811
2073
2716
2020
1793
3312
2870
2360
1799
1846
1618
1545
2786
2075
1760
4327
4562
12144
2755
2044
1039
3602
5134
2776
1877
1614
1642
996
1159
3191
2417
862
986
5565
6109
1986
3981
2756
1130
3612
4727
1267
1457
2564
2302
1999
2982
3237
1490
1389
2740
1964
1415
2678
1513
5622
916
3026
2298
1917
1758
1649
2424
2124
1930
1318
1316
6352
1624
1980
2494
2197
1638
1722
4327
2148
1528
2155
1654
3344
866
1539
1595
5133
1378
2672
2086
1839
1763
1642
1338
2276
1923
2658
4703
2993
1775
3114
1576
2272
1900
2212
2086
1544
2095
4104
2543
4357
1288
3229
1243
1995
1319
2984
1439
2246
1760
2227
2780
9073
11685
4567
2950
1784
3267
2325
3015
2276
2689
2429
3740
4825
1705
2263
1797
1169
1389
2946
2153
2294
2072
5226
3829
1673
1272
2095
1165
1966
1513
1321
1969
941
747
5785
2986
1226
1636
7217
6283
3260
2005
1208
1395
1581
3231
1736
1480
2699
2155
2401
2061
2369
2857
4395
2202
2480
4357
3842
1320
2032
1685
1830
1146
4040
2559
1569
2250
1328
1495
6002
2158
3821
5323
3822
1760
3322
1412
4039
8399
36604
1401
1149
1436
3792
2066
4800
2654
6193
3599
2708
1304
2458
6912
3256
2202
3618
1788
2230
2769
4140
2172
2233
1711
3144
1095
2152
2886
3157
6000
1718
2645
2787
1475
1918
1671
981
2575
2388
1256
1851
1171
2644
4127
1690
4728
2102
2434
4779
779
2667
1271
1783
1683
4267
2665
2380
1144
2286
1792
2575
2405
4212
2375
1786
1238
4356
2045
4024
3115
3748
4738
4168
1815
3514
3643
3728
1568
2362
1726
1950
1253
2583
1005
2000
2263
1438
1967
3508
1244
1966
2392
2804
1764
3395
1136
2618
2356
1679
1352
1136
2190
1801
1435
5941
1342
1421
1003
1094
4042
2883
2939
4985
1473
2964
1000
4458
1729
2310
2023
1784
1784
5146
3060
1932
2978
3292
1738
1164
1280
1359
815
1103
1293
2904
2661
1902
1681
1985
1580
8416
2611
1690
2018
3095
1843
1419
1081
1611
2365
3883
1466
1295
1341
1602
1165
1724
1587
2643
1501
2022
2879
3746
962
1955
1645
2588
2390
3462
1644
2020
1496
1686
1219
2405
1539
1575
2906
1845
3098
1524
857
2094
1516
1694
1327
6378
1028
2886
1466
2682
1305
2012
932
3135
4306
1919
1319
2074
1763
1239
1125
1969
1067
1527
981
1802
1744
2501
1407
1733
808
2594
755
1214
1587
1859
975
1160
2471
3285
1521
1541
1557
2058
2009
4483
1097
1430
1412
1840
2948
3781
2202
1780
2822
3032
2133
2637
954
2016
854
2158
1256
2000
1062
1734
6392
4989
4024
2120
2891
3527
4181
3540
1157
3565
1651
5684
2389
8346
1730
1997
1330
2844
1399
3115
1490
4680
2178
3104
2060
2938
2649
1243
1923
1283
1575
2071
1368
2398
1395
1862
1492
5194
3243
2653
1240
1595
1378
1362
1331
1521
2081
2653
8323
1836
1461
1982
1571
1520
1202
2103
3626
3177
1254
1663
1619
2995
1601
2952
1037
5522
2239
1718
1631
1681
2095
3930
3436
1589
1221
1759
2109
1497
1052
2428
3268
3950
2045
4037
6374
1591
2051
1286
1301
2007
1064
1693
1065
2423
1151
1591
1496
5824
1171
3178
3028
1420
1165
3224
3761
3003
4612
3230
2076
2572
1274
1456
2500
3021
1172
1041
1365
1937
1493
1935
1402
2873
1574
3676
914
991
801
4916
3847
6336
3547
3806
1472
1424
773
2766
826
1491
752
2586
999
1597
1228
3473
1671
2459
1765
5015
2148
1362
1493
3278
1379
2375
3752
3507
1045
2663
1233
9613
3111
2838
1515
2860
1163
3898
2189
11710
1452
1229
1298
2566
1487
7570
1947
3971
2487
2458
2086
4790
4158
4598
5168
2717
1751
2630
753
1642
1390
3012
2060
2104
1114
1590
1621
2967
1421
1819
1378
2541
2478
4746
1652
9870
2331
2680
1414
1951
1844
4034
2944
1360
5292
2488
2619
2818
2795
1286
2232
1794
1464
2849
1164
3407
3891
3018
2361
3014
1459
1662
2269
1846
1166
4006
5223
3558
1874
3492
2307
2102
1135
1790
1735
1959
1223
1668
1326
3137
2244
5339
2995
1051
11790
2339
1511
2555
2765
8946
1356
1728
1652
1369
1185
2216
1960
4736
5310
1441
1637
4455
4110
2308
2717
1338
2805
22104
1639
6442
2871
3071
1003
2482
751
1232
1450
3185
1955
2028
1937
1893
1811
2700
1819
1929
1451
2778
1171
7808
1968
2244
1196
3894
1793
3855
2237
3252
1172
2255
1991
1943
1710
2793
2051
1608
2206
3646
2834
8208
3908
2022
1763
1510
1835
1844
2569
7183
1036
3366
2109
2631
4203
3683
1219
1892
3163
6516
2226
2741
4413
1798
1278
1834
1891
2037
1406
2098
2058
2865
4621
2386
2182
2238
2006
2361
3802
6511
1444
1961
1448
1366
3261
2515
1285
1004
1679
2977
3053
4197
1692
2426
8155
1709
1990
2473
1368
1463
1129
1819
1421
2670
1479
1608
2092
2440
1302
2115
1079
1121
795
2719
1720
3609
1778
2449
2014
8802
1700
3659
1204
7275
1410
11877
2022
1461
912
1733
1045
4185
926
1180
1430
2599
1045
2947
1256
1832
1727
1314
1899
3106
1143
2158
991
2339
1136
8566
2141
2086
1203
2639
3023
1091
1368
1308
1773
1208
1388
2970
4359
1398
1307
1328
1747
5398
5746
2093
1750
1456
1184
4353
2182
2051
2377
21168
1025
1343
1430
10229
1010
1756
1847
2592
2459
2824
2121
2255
3461
4711
2184
2486
2253
4442
3735
1552
1259
4230
2935
2631
7516
3908
1999
1811
1092
1148
1134
2805
2210
2142
977
4138
7567
12404
1746
2802
2012
2747
2018
4070
934
1439
1666
2734
4302
1739
1782
2752
1250
2030
1961
2643
2894
2338
1786
3448
17243
13147
1251
3707
932
2268
1457
2746
2001
4334
1403
930
1171
1091
2088
1787
1075
1007
984
2516
2046
1707
2468
1916
6742
1861
1823
2386
2281
2566
2469
3276
1329
2582
1155
2787
1288
2326
1769
4707
2808
4952
2912
2957
2780
1261
2900
4786
7106
1577
1579
2823
1677
4708
1863
2172
2046
2558
1468
1457
1970
1163
1315
2845
1210
1901
1931
1619
7252
1684
2105
1970
1189
2061
2059
3040
1093
2451
1436
3254
1189
1900
878
3587
1996
1771
990
1567
1100
2553
2167
2206
1342
2071
1512
1669
1103
1473
4031
1585
872
1356
5577
2138
1599
1845
1460
2287
1992
3089
1608
2772
1314
2424
2009
1903
1481
1786
2049
3056
1599
2867
1022
1848
1068
4824
6928
3239
1208
2362
5324
11166
1598
4827
2923
2057
2475
2900
1695
6418
3917
15382
3227
2889
3443
3139
1700
4242
1639
2571
9326
3360
1680
2350
4433
4928
1094
1986
2671
2900
3355
2362
2241
2397
1501
4129
4666
14415
2299
2764
1556
2634
2761
6046
6903
2511
4717
1317
2814
3260
1697
1133
1245
1622
4207
1743
1393
1385
2103
2298
5402
1906
1329
2281
2186
1911
1909
6256
5157
5392
2623
3229
2789
2029
1291
2204
3527
1270
1613
1496
3656
1583
3076
2780
2263
3142
2265
2912
1326
3541
3056
5804
3183
3803
2245
3505
1666
4511
1898
2823
2048
1806
1080
1600
3803
2130
1739
2984
2195
2674
2689
2674
2574
4726
2326
3542
2874
1737
791
3770
1331
1806
3662
2146
1790
2335
1521
4128
3124
1565
17490
2396
1655
2710
1887
1622
1732
2498
1619
3461
1618
2766
1142
2529
1329
2577
1170
1636
1978
1544
3138
1631
6388
1736
879
3036
1489
4635
1871
2023
2365
3598
1492
2477
2193
2499
1555
2052
1527
1522
1037
1938
2127
1925
7296
8447
1303
2982
1715
13270
9399
4312
2761
3058
1206
3633
1956
2413
1500
3926
1628
1630
2103
5737
1313
2944
1428
2980
1812
3617
3732
2887
3085
2824
1818
4376
2082
3828
5498
4637
3115
3459
2157
2842
722
1325
1177
1281
1243
1429
1420
1445
3644
1737
2752
2924
4861
1528
6180
1680
2072
2410
2141
2481
4244
4836
2445
1107
1593
1711
1927
3294
1284
1742
1035
3913
3329
1625
4436
2486
3888
8278
1737
14358
1653
2362
1721
2316
1415
2434
2132
4326
1115
1893
997
1223
2630
2344
1660
1660
3076
3186
1604
2084
1408
2789
4172
2694
1608
3526
1719
6550
1726
2569
2380
2646
1532
1899
2814
1505
3269
1425
1088
6696
2115
2210
1360
3263
3306
2609
3599
1714
3217
3339
2204
2790
3116
2635
1225
1685
758
1658
1271
3511
3097
2208
2530
1584
1896
1912
1384
5955
8938
14020
7971
1236
1118
2460
1661
4227
837
2430
3936
2466
1834
1729
4326
2098
4699
2025
1225
2052
1924
1958
1924
3439
5021
3061
1631
2406
1512
2846
1959
2732
3287
2544
2560
4754
3001
1477
1620
2099
1076
2688
1657
7970
5087
3488
1755
1582
2008
1012
864
1587
831
4497
3017
10578
