1052
576
384
670
442
772
494
2094
511
580
508
590
493
687
421
746
479
804
594
800
557
718
756
670
611
644
536
409
449
460
411
602
407
672
422
618
380
461
517
610
521
680
580
666
748
754
542
710
730
982
385
462
406
566
423
590
445
626
405
656
404
719
568
716
590
1273
758
1174
490
728
595
744
668
740
488
920
498
688
449
528
488
476
439
507
485
642
618
418
594
407
639
400
533
393
640
382
603
456
528
626
480
630
443
666
504
704
574
662
507
769
630
463
514
403
513
403
470
430
462
403
450
420
469
633
458
719
478
560
483
613
428
579
508
630
524
500
571
476
516
444
483
533
486
498
551
503
447
772
559
696
545
642
680
516
503
736
559
790
540
559
453
581
589
516
516
492
518
407
517
422
606
1030
594
630
572
676
663
542
698
746
614
486
477
459
439
530
450
541
445
609
481
671
480
490
436
571
495
554
458
668
477
614
442
925
436
710
551
496
473
621
499
598
421
634
448
746
487
824
471
809
457
1155
492
998
498
1060
437
1344
421
813
484
804
624
928
592
734
681
722
536
797
493
918
400
476
404
460
451
618
498
604
528
688
373
692
480
446
544
451
718
406
558
387
596
396
533
476
412
601
414
661
462
592
406
630
420
670
339
800
753
448
692
498
578
469
521
416
545
345
568
395
454
596
420
614
426
627
478
596
478
565
498
746
629
608
617
460
570
433
509
437
501
497
581
473
459
742
609
932
450
776
430
867
444
730
454
862
626
470
553
476
552
528
551
452
508
503
526
487
557
940
456
833
501
586
608
514
503
483
500
737
484
544
511
517
504
690
492
602
517
642
524
620
397
565
421
728
446
502
401
596
427
873
394
1022
500
498
484
587
460
566
441
618
532
627
443
718
383
952
437
1060
409
1037
398
1002
406
807
382
1538
425
755
617
823
509
847
536
849
484
692
526
630
427
491
484
560
444
585
492
526
454
547
450
502
568
344
650
371
773
384
801
400
660
362
612
367
390
700
371
534
365
767
325
916
363
546
375
687
672
382
637
417
601
408
583
373
610
363
548
430
607
619
1440
732
930
540
2426
550
580
480
482
609
568
389
477
385
465
408
422
397
472
387
456
386
415
825
698
654
484
542
553
648
788
642
661
602
518
418
552
387
497
446
597
552
494
521
586
537
668
710
715
806
661
592
682
534
569
482
514
489
622
552
677
638
571
626
604
693
722
604
581
520
566
518
522
480
490
430
506
470
630
552
486
580
492
473
494
617
708
596
910
633
509
585
600
750
521
634
642
720
574
1040
488
859
463
804
368
628
638
790
1524
796
1085
700
511
711
390
782
540
722
391
412
693
424
491
528
533
614
509
418
487
540
550
310
550
310
648
309
600
344
705
327
418
370
450
446
454
471
532
414
455
397
462
413
502
404
490
396
480
456
740
370
627
404
633
386
705
384
435
438
449
420
444
452
466
400
449
376
402
356
615
398
483
334
603
365
554
335
654
360
992
364
421
433
437
456
483
420
470
383
535
490
533
472
565
373
465
372
509
430
651
505
537
408
445
440
444
436
582
504
536
469
486
460
548
518
548
560
565
598
577
787
515
747
665
718
784
586
594
631
525
699
518
568
604
530
625
489
545
481
455
478
612
558
483
650
514
582
596
619
477
701
568
760
587
743
531
665
409
691
453
528
354
524
419
580
507
651
737
634
777
582
709
551
422
650
740
729
413
412
452
508
437
674
428
557
417
574
517
746
4030
316
602
269
1636
277
668
289
648
460
554
441
434
676
451
600
486
603
469
576
519
552
550
572
489
396
467
404
454
427
476
422
2620
412
745
363
474
622
578
584
598
508
563
422
527
400
471
400
650
365
624
370
820
400
601
398
763
392
800
407
490
549
507
545
491
534
525
528
527
476
548
636
635
460
615
515
765
472
680
450
553
605
922
764
551
517
493
562
571
480
543
436
537
486
510
640
509
719
540
872
480
832
661
814
514
808
504
774
505
556
636
476
601
360
534
377
560
370
462
436
660
505
477
606
438
599
508
695
483
695
400
685
419
591
435
572
429
520
486
497
474
518
401
688
465
736
609
736
480
762
451
784
459
626
467
647
563
428
502
545
430
500
417
428
517
512
523
744
722
294
629
271
654
235
644
266
604
397
455
402
451
556
469
487
499
640
473
554
466
542
649
514
477
438
441
382
468
396
488
372
504
352
461
392
424
482
517
530
825
438
719
409
622
414
593
389
471
352
412
426
520
393
636
414
539
396
602
340
525
470
589
464
526
480
577
415
537
450
572
554
523
455
548
432
514
485
521
499
588
618
554
657
493
450
505
483
479
618
515
592
542
712
459
844
512
592
595
713
591
932
593
968
488
851
496
608
411
702
415
796
497
868
534
891
643
1042
497
986
491
557
554
556
465
564
416
619
422
534
457
651
489
859
466
879
479
875
585
792
556
720
410
871
416
750
437
722
533
641
504
758
545
624
530
676
531
466
539
490
493
460
491
497
527
515
477
456
657
323
655
289
599
285
576
320
601
526
505
434
487
480
491
619
502
567
486
592
685
504
532
518
471
426
495
495
472
375
536
472
522
414
504
378
571
532
611
488
649
422
521
441
660
365
691
404
585
378
500
414
580
350
567
403
598
363
565
361
606
475
584
406
566
426
630
387
758
420
870
441
611
376
529
448
669
404
560
592
572
496
457
542
662
440
626
480
507
571
468
660
479
698
528
692
432
524
550
681
556
746
499
679
534
990
445
646
489
616
510
666
562
722
607
810
586
649
540
702
472
624
473
575
538
596
577
625
489
830
531
818
559
695
499
756
485
738
532
538
521
535
431
830
453
657
536
575
556
669
543
664
579
819
600
884
368
379
411
381
483
474
511
474
600
451
573
432
632
446
635
379
807
528
714
460
687
476
565
493
475
488
475
558
520
506
470
469
545
487
603
518
496
467
452
540
504
378
500
445
464
444
521
388
662
450
519
506
623
386
581
394
586
366
579
369
495
380
490
313
512
388
474
430
525
422
583
517
574
364
578
358
624
374
520
348
567
370
623
495
581
506
451
489
528
507
521
543
601
597
2109
555
448
499
554
546
546
610
525
568
562
676
630
707
958
413
526
549
336
565
553
815
529
845
544
702
546
742
690
811
801
720
1010
878
910
864
771
851
522
654
508
625
570
596
551
857
455
735
482
718
490
790
488
866
546
708
451
600
458
560
415
595
470
860
520
777
528
601
490
752
953
935
644
891
397
494
438
436
482
502
661
436
541
480
496
430
573
408
550
426
730
445
672
399
664
441
593
380
395
448
562
530
509
448
615
436
628
474
652
498
501
421
582
435
569
398
588
385
521
369
537
427
606
518
530
508
569
409
591
459
593
450
546
430
555
432
489
358
736
358
576
367
515
394
493
439
597
468
765
400
869
410
634
410
549
350
496
414
550
537
691
544
518
456
556
540
525
598
691
520
475
454
513
439
533
467
531
478
543
439
629
490
599
514
546
575
584
529
504
765
538
731
584
700
541
551
676
582
761
464
816
480
1057
472
1461
501
794
456
573
703
522
835
509
737
562
818
543
587
601
460
531
490
459
484
530
528
557
480
521
496
514
883
636
779
632
716
561
800
597
854
540
772
399
536
408
459
483
440
517
410
481
406
458
451
946
591
668
668
667
547
717
440
771
394
717
463
479
486
530
438
662
606
674
449
643
426
676
452
568
402
585
395
518
479
562
529
1039
426
691
398
574
492
862
563
1270
451
1183
501
624
452
539
420
1232
580
661
420
618
415
674
412
533
407
593
428
622
452
476
394
456
442
476
424
494
422
518
453
612
432
696
500
576
462
530
514
570
591
536
627
542
530
609
524
571
560
577
584
566
521
496
492
548
518
681
595
841
642
561
658
533
682
706
638
624
542
687
650
891
562
880
658
725
810
566
740
613
500
672
832
815
768
591
615
648
686
563
700
443
662
562
628
490
628
563
600
587
671
584
698
644
667
966
625
564
692
709
694
650
810
682
668
379
480
416
454
437
418
441
431
525
419
496
412
582
470
589
478
729
487
640
475
571
448
518
456
483
431
627
402
619
388
820
334
587
390
542
542
521
463
483
448
514
490
696
527
716
419
557
465
504
536
538
458
594
326
581
363
598
364
530
352
629
630
598
516
704
430
618
471
1184
416
650
499
394
318
471
338
606
372
533
376
547
372
510
370
625
484
1004
562
2437
600
852
527
884
607
1028
663
555
390
491
376
529
400
596
408
506
416
586
414
793
685
602
607
657
742
764
608
511
592
657
508
655
474
670
508
754
500
870
556
644
518
752
447
601
842
1300
915
679
819
488
871
826
1707
831
639
575
652
692
478
678
494
635
655
518
517
574
704
888
536
684
599
1111
651
724
585
828
710
635
1072
419
458
437
520
429
487
529
542
499
524
587
456
658
388
672
364
613
414
612
439
643
394
736
401
797
457
617
400
469
344
537
358
507
394
533
465
576
416
646
441
535
440
1008
466
605
412
558
486
509
502
589
468
1771
412
867
500
583
476
602
348
824
464
633
384
971
394
700
482
695
448
739
570
861
390
550
360
493
394
577
360
381
358
441
372
651
572
624
654
976
758
699
554
638
555
566
701
503
350
513
398
479
503
566
545
489
536
542
586
533
617
618
675
641
657
634
614
551
646
692
505
534
522
578
537
623
538
709
636
666
632
690
618
539
567
497
738
660
776
840
737
713
524
768
577
575
600
632
434
605
488
634
500
562
460
315
478
776
450
812
586
712
724
818
565
928
535
793
612
429
498
449
442
481
456
430
532
538
528
518
526
962
450
848
433
699
382
467
390
616
477
566
431
373
476
463
396
573
350
490
378
689
397
657
418
598
435
740
425
643
363
498
439
855
417
627
462
671
400
756
454
685
411
673
398
1194
392
590
358
660
408
541
392
740
383
754
405
764
466
550
539
510
355
551
364
562
348
483
344
621
347
583
348
605
450
1498
691
772
726
1012
650
1162
745
564
645
615
351
535
398
605
396
520
460
436
469
470
507
528
636
436
484
629
604
703
657
719
588
827
494
546
458
555
464
585
506
529
416
537
616
734
664
697
487
828
634
568
694
671
700
768
737
850
609
647
646
647
528
759
508
571
564
683
460
659
514
560
566
785
722
617
674
573
614
616
587
512
639
450
423
402
422
585
483
453
574
584
546
679
390
608
461
637
370
611
386
750
397
597
377
469
388
406
371
543
402
469
418
569
360
482
426
515
501
524
463
519
410
645
386
585
470
679
416
591
474
525
434
445
490
515
420
725
518
618
686
490
452
547
394
630
412
952
415
576
430
764
466
621
488
543
432
504
388
626
414
552
450
538
374
537
473
815
518
1012
558
538
563
701
588
684
621
596
616
511
476
581
468
543
537
474
552
535
660
495
596
592
538
672
455
495
442
595
434
691
487
886
408
537
649
581
578
573
510
659
472
618
509
521
546
701
488
480
676
896
707
557
600
812
725
567
696
538
498
575
500
526
456
551
470
543
524
493
489
503
743
564
723
780
696
576
754
612
726
728
728
426
458
403
454
427
582
857
685
469
574
505
471
648
449
801
472
722
386
865
502
582
438
560
483
439
418
458
404
589
408
571
368
517
442
517
436
665
435
593
470
554
453
904
424
662
416
578
489
514
386
502
417
550
414
620
398
507
494
459
394
1006
453
1334
399
530
390
551
388
521
473
1120
451
465
381
485
336
526
330
476
342
485
405
470
412
508
481
632
582
604
580
789
591
1088
600
578
681
451
455
455
414
496
428
478
530
443
553
427
551
533
568
482
451
480
423
561
412
489
527
692
488
417
538
447
631
426
506
377
592
397
706
422
536
504
451
623
580
430
597
589
644
763
658
444
730
439
610
430
622
415
612
428
663
419
588
445
577
522
667
681
661
835
684
570
820
992
770
674
799
407
518
396
480
423
502
397
489
361
455
451
480
515
397
628
591
561
462
679
423
484
378
505
358
435
404
545
402
531
386
658
396
527
458
527
468
498
496
493
426
525
457
496
462
502
510
508
442
521
486
429
472
487
403
535
460
531
460
494
466
418
599
538
479
541
567
592
447
626
388
774
390
466
440
527
359
567
358
497
506
446
530
450
542
675
484
691
692
696
614
787
647
941
644
506
572
400
528
417
538
370
716
407
640
406
722
408
659
567
607
435
656
516
532
600
526
475
516
563
422
455
702
430
746
426
709
415
707
417
710
439
599
454
488
434
520
425
549
465
605
443
545
744
615
490
506
586
438
454
438
471
443
562
457
473
536
614
637
627
560
596
753
609
658
816
595
383
872
346
566
406
584
391
573
427
751
369
482
412
378
583
455
576
470
672
550
641
442
494
468
389
426
522
374
428
383
488
392
512
405
450
447
450
406
458
610
677
408
628
442
541
440
473
449
460
371
571
403
500
470
444
385
474
508
456
450
453
400
511
420
467
411
738
390
504
430
530
409
568
430
426
474
429
646
393
510
433
677
457
532
410
602
574
945
510
451
528
610
524
685
448
602
500
521
381
622
326
546
350
558
366
521
399
495
415
564
384
568
480
718
497
660
514
633
436
570
463
564
443
504
430
398
444
397
455
376
470
459
567
658
431
474
514
550
491
539
437
571
496
600
716
624
477
629
525
624
572
574
478
567
465
618
478
498
493
614
532
703
472
598
751
670
539
548
588
754
351
364
422
392
436
380
407
458
445
390
469
392
558
368
578
423
636
374
674
439
501
448
519
444
457
362
508
356
383
334
457
338
581
352
566
356
405
412
532
380
534
403
514
384
626
427
514
406
729
361
539
364
529
372
605
358
816
360
659
344
514
450
512
429
584
354
415
510
552
419
441
461
453
357
465
352
504
360
639
402
529
373
457
394
535
406
463
416
535
508
539
520
487
651
517
549
397
373
402
450
485
447
546
480
645
466
583
437
507
544
639
671
583
605
507
591
417
502
524
490
446
450
402
552
431
448
407
468
385
487
389
474
463
478
559
578
632
840
520
688
529
706
630
661
454
574
449
854
406
636
426
688
425
613
410
750
525
745
570
828
615
1169
739
671
807
497
452
537
418
494
382
495
373
490
402
544
367
461
478
513
501
401
548
356
550
355
588
422
616
431
520
396
456
474
469
412
533
515
569
466
539
498
535
526
546
450
491
454
469
421
578
602
545
498
544
375
587
466
495
541
487
398
544
460
395
592
385
591
414
436
650
356
544
390
493
442
440
405
976
404
377
804
444
694
475
428
422
489
497
450
612
416
348
437
376
576
522
709
592
627
551
593
466
512
525
410
413
462
460
502
399
544
406
538
1468
438
451
634
473
716
574
732
763
718
373
549
424
536
1776
544
603
562
484
718
488
805
494
790
598
827
590
539
555
507
508
592
466
589
466
650
640
1430
2932
834
2379
710
2828
688
2716
596
1690
586
1518
535
429
590
527
1082
742
1073
544
904
504
744
420
912
353
410
647
456
434
462
455
510
472
544
375
486
683
335
559
368
495
380
526
410
566
440
527
464
630
496
505
428
477
539
562
504
566
507
470
494
490
552
504
500
543
590
767
424
471
479
515
481
534
574
594
471
522
407
486
485
402
588
377
596
545
541
483
410
472
407
465
525
560
602
443
509
590
840
455
588
533
502
483
508
470
562
420
690
563
478
487
501
491
610
556
560
652
610
848
569
390
574
503
440
486
720
514
630
487
629
437
854
452
473
477
562
472
690
404
676
410
576
390
640
500
626
619
1069
574
890
449
972
545
846
498
1036
492
503
428
492
397
608
447
632
428
650
420
754
499
910
560
744
560
596
509
593
519
662
561
630
424
846
409
1005
428
1068
419
1260
407
1074
413
942
479
372
508
392
490
417
497
452
473
482
523
428
532
377
551
398
496
394
454
383
459
426
391
400
443
470
541
470
485
512
458
457
514
494
563
504
371
422
384
474
389
392
418
493
408
427
429
446
552
496
455
482
468
461
464
471
441
528
431
569
435
450
456
421
450
466
461
418
461
439
462
453
457
420
499
496
607
570
446
548
463
578
446
553
502
414
414
1117
460
922
468
801
465
684
435
507
457
522
419
520
498
564
550
550
673
761
606
652
431
548
428
618
452
768
394
884
388
635
397
428
378
682
495
779
463
672
567
821
475
795
561
776
412
476
408
662
416
542
413
687
427
683
435
843
574
716
532
720
575
767
516
592
689
675
486
630
387
835
325
1021
414
897
369
768
393
759
364
975
497
558
442
450
492
514
467
562
543
634
507
564
572
425
487
381
540
414
464
424
431
409
365
420
482
554
506
488
543
541
625
516
546
558
552
524
364
504
406
448
370
526
378
387
388
451
505
513
427
538
426
618
515
452
511
594
538
686
913
492
478
380
521
377
534
422
473
444
425
403
400
431
722
567
605
428
675
480
471
508
401
414
463
430
423
519
401
552
458
810
445
596
479
612
441
566
550
384
444
379
538
405
546
484
551
418
409
446
519
746
397
540
402
678
396
653
455
588
404
520
445
519
497
454
562
478
607
530
709
564
657
740
453
672
387
608
383
618
392
579
483
917
480
880
454
658
715
788
758
800
574
926
507
731
527
818
401
674
359
685
393
751
408
946
420
782
412
882
472
574
496
588
602
567
433
514
450
654
450
398
575
397
520
426
536
389
475
494
448
373
461
498
512
415
484
437
528
587
532
594
568
555
464
539
424
498
416
449
348
520
392
497
424
398
368
475
516
558
444
520
510
514
484
571
463
698
508
612
455
538
434
664
420
483
405
512
474
648
448
503
386
506
521
442
495
416
471
485
534
452
510
530
416
483
423
610
459
632
471
682
503
578
508
528
629
466
528
441
563
442
420
512
554
558
536
618
559
566
529
614
430
797
574
536
477
613
497
592
463
696
492
688
598
604
478
566
485
630
535
761
508
529
416
551
452
674
484
678
511
571
438
644
503
677
594
693
525
800
510
812
556
996
616
1400
404
799
424
580
378
599
361
575
358
624
360
854
338
506
436
445
476
406
450
434
430
514
498
372
512
380
572
405
524
545
566
479
474
462
454
502
407
367
493
328
458
394
492
419
457
388
534
446
437
396
434
459
407
462
376
493
438
380
476
653
515
406
490
454
464
440
511
500
546
416
583
368
405
404
381
447
393
420
372
453
399
456
525
545
578
416
446
420
448
395
430
434
500
440
514
470
532
492
571
598
536
621
411
594
402
599
476
482
440
402
462
418
478
368
554
496
550
551
542
638
575
508
560
510
405
451
469
588
444
564
479
596
552
579
599
540
620
600
571
568
501
656
450
714
409
609
461
679
540
599
480
680
1076
580
419
590
442
750
460
818
520
761
562
906
472
844
447
866
501
716
457
799
563
827
417
867
520
692
420
743
466
535
487
484
424
472
502
449
480
462
452
384
574
482
535
511
670
480
522
512
542
478
537
567
326
388
471
388
498
454
472
540
484
468
430
530
523
440
474
455
399
446
401
464
514
556
564
449
578
508
586
524
508
456
572
604
496
416
443
458
476
441
487
438
408
390
417
488
399
433
402
504
485
460
400
422
505
398
628
545
500
466
610
498
436
502
474
535
545
654
548
521
401
488
473
784
522
461
482
376
610
366
554
472
916
582
808
502
428
564
437
458
410
470
372
568
404
460
428
480
492
444
704
472
689
400
688
427
668
452
544
598
519
462
572
655
530
561
433
861
553
642
668
648
560
612
570
737
470
624
447
705
571
639
568
707
462
745
698
807
570
724
523
864
550
645
391
805
470
537
606
481
576
486
477
468
545
406
494
444
804
432
475
477
590
411
531
420
524
434
484
416
428
474
559
396
442
540
492
518
436
588
426
528
531
412
447
468
458
524
538
611
640
516
430
463
388
520
523
516
562
478
489
385
524
398
448
367
505
416
564
507
572
497
487
492
416
606
514
561
552
467
422
539
451
526
450
476
402
543
562
522
483
707
416
467
553
615
610
548
457
538
417
429
508
404
510
366
632
326
700
526
544
560
576
554
461
624
378
606
379
998
480
562
433
513
487
553
542
616
734
622
687
640
782
618
598
516
816
538
488
410
392
581
410
710
460
580
487
588
435
664
434
748
386
860
360
726
418
778
502
838
486
806
465
718
414
780
520
741
466
920
599
681
468
592
574
735
541
590
444
540
560
462
448
480
521
513
622
467
572
403
515
411
474
439
457
371
432
438
420
394
365
456
509
408
447
492
438
438
420
392
466
411
621
345
449
356
548
347
452
336
736
362
475
424
514
412
540
416
438
375
428
357
414
348
418
373
417
356
539
383
457
392
488
456
543
506
372
358
365
424
380
468
482
428
448
460
462
581
429
559
406
478
597
524
477
470
672
546
441
469
423
394
538
406
446
424
491
476
564
500
430
486
381
444
351
512
370
516
396
482
408
518
375
461
595
498
568
545
592
552
590
661
694
660
590
716
405
495
555
525
466
467
490
609
421
600
387
560
511
768
494
722
496
560
514
800
540
816
522
692
437
592
432
624
446
712
377
764
492
600
460
718
342
400
462
474
470
474
494
442
496
405
450
426
717
327
595
359
451
357
432
366
436
386
603
342
445
489
438
492
404
528
449
487
424
508
362
496
506
342
422
332
415
342
435
306
426
338
481
333
410
474
464
419
539
386
488
408
462
380
469
386
429
375
466
429
540
448
485
408
452
464
477
466
356
368
439
391
460
392
427
476
469
416
364
510
468
514
460
588
468
512
495
488
440
495
444
465
332
469
352
484
456
509
434
515
433
520
515
476
400
484
396
490
369
425
424
459
416
488
350
435
415
562
416
714
442
554
513
602
520
480
515
424
388
439
466
472
448
548
366
617
443
631
433
637
518
444
496
567
437
645
424
612
520
555
544
688
411
719
461
762
1938
787
462
697
394
678
384
814
527
398
415
389
404
428
471
386
455
480
466
400
559
385
770
356
436
316
473
334
418
322
431
330
354
425
414
409
412
431
406
476
422
374
426
364
467
326
437
322
445
308
482
320
464
326
447
371
543
359
428
371
428
346
424
326
432
304
472
333
492
409
427
381
752
466
520
949
493
554
832
503
420
304
456
376
410
412
380
406
368
430
388
448
571
465
428
447
474
508
623
477
519
469
449
469
393
436
602
462
456
468
464
630
446
598
559
428
464
433
460
496
506
440
1360
448
769
458
494
348
391
550
469
622
518
656
1170
606
528
564
488
556
464
360
416
377
413
429
424
584
587
622
812
691
430
622
464
714
436
772
560
824
559
952
410
783
408
730
432
788
366
852
491
850
337
699
385
742
400
422
508
388
507
360
532
392
476
388
438
371
614
328
1023
345
482
363
548
343
428
336
704
326
498
368
434
402
465
429
459
446
500
438
480
418
397
357
769
348
487
340
481
346
496
387
522
391
508
408
442
386
447
346
441
324
441
368
420
376
422
390
398
390
434
427
387
466
420
478
432
465
456
376
506
398
480
400
484
528
531
439
458
412
372
409
409
393
416
488
452
417
410
453
372
434
427
454
978
440
438
508
622
505
494
574
544
569
402
454
389
446
438
496
320
511
311
406
436
328
1351
538
866
650
996
614
939
689
770
586
635
579
417
336
484
361
397
365
358
610
397
675
470
701
346
736
374
769
494
700
1299
862
1347
954
618
1077
554
807
420
859
411
922
433
886
423
653
403
909
392
570
568
398
529
391
620
357
612
372
709
330
525
324
589
352
564
362
536
390
528
393
475
418
526
404
440
356
788
422
2268
402
657
374
580
396
470
412
562
432
383
412
392
422
485
454
379
407
646
399
782
328
558
374
1128
337
622
320
868
388
398
366
1004
431
867
460
872
451
719
438
437
482
708
376
617
469
386
418
702
418
410
390
420
354
429
486
566
494
342
576
393
468
375
493
435
486
892
363
681
458
357
426
841
554
935
586
410
544
387
517
511
547
415
501
441
490
299
421
339
321
338
541
506
592
820
628
566
554
686
580
1558
607
359
326
368
325
479
438
403
658
449
699
463
771
1040
667
572
744
658
889
777
871
726
861
753
1098
460
776
519
841
409
886
444
963
520
684
419
888
290
736
484
470
792
376
404
401
846
419
675
456
561
320
645
387
547
470
556
535
461
472
456
482
999
412
613
390
1595
436
1594
435
834
397
745
462
435
481
747
473
498
496
593
469
512
536
442
454
1864
417
1284
362
1218
376
782
380
737
408
676
423
469
439
575
420
616
426
876
434
498
472
438
460
717
387
862
384
844
392
1246
476
2026
362
698
362
422
432
471
485
514
573
356
480
422
483
368
465
327
340
602
356
692
494
1268
576
664
736
536
581
418
468
419
513
458
496
434
520
487
493
432
427
671
616
930
696
1073
594
946
522
1064
434
1242
731
410
395
448
402
408
511
662
650
425
656
415
746
728
636
412
716
1988
840
1334
944
1968
913
692
992
447
727
521
756
374
890
541
972
641
792
475
954
432
437
524
484
542
412
651
384
466
416
425
460
706
350
552
390
532
424
599
516
599
531
430
475
454
434
516
454
367
423
351
440
487
414
513
467
526
553
490
537
491
505
514
558
463
600
496
586
900
444
384
400
680
410
494
382
402
404
434
440
525
443
489
404
584
419
528
472
499
494
420
481
548
474
750
454
1462
455
758
442
619
366
956
342
373
460
374
462
408
549
505
512
404
500
397
492
714
378
588
394
506
502
1352
576
588
703
978
687
476
494
597
511
422
482
442
518
445
550
517
426
673
603
1120
692
844
742
644
706
565
664
624
666
388
460
448
535
412
555
408
610
444
704
408
764
718
665
662
695
2091
824
630
791
474
1104
708
1138
480
736
431
833
799
931
473
856
394
691
408
1119
622
474
667
403
405
383
1946
390
562
372
758
506
740
356
560
381
760
425
431
453
441
515
444
471
470
460
440
492
666
379
1018
460
1422
416
1362
513
598
576
470
559
644
530
466
523
433
553
493
686
1867
484
916
394
1210
405
770
381
504
362
540
418
896
512
502
422
479
406
876
481
450
505
537
524
517
522
486
464
901
424
332
436
406
500
944
446
443
427
451
416
432
548
664
496
380
534
486
531
382
473
561
498
802
554
680
527
946
588
854
652
520
523
501
510
505
500
393
547
488
515
580
492
688
620
1944
792
1076
740
1332
672
1628
663
803
834
483
485
439
503
384
574
365
707
418
692
351
822
763
790
2468
748
748
904
1461
860
1944
1059
950
1179
397
765
436
840
420
852
463
898
495
868
528
1017
618
364
728
370
572
350
581
305
875
356
482
374
623
376
1474
384
498
431
453
446
540
440
444
484
1643
414
1663
382
342
382
1973
364
1271
362
1904
412
450
612
437
546
559
569
467
560
472
566
527
606
460
426
364
383
882
438
1237
375
580
424
1678
471
494
562
685
434
508
433
539
463
1336
505
916
476
331
554
354
436
2005
451
978
453
1464
469
1054
438
804
522
556
579
500
542
460
498
452
649
501
562
496
452
940
507
656
524
1611
556
1640
580
4963
589
476
621
441
592
372
550
612
620
487
504
536
486
1839
620
919
750
1080
760
1600
712
5331
846
916
952
461
488
513
610
403
514
354
644
444
722
488
829
626
790
436
964
587
1020
330
1186
965
924
541
1068
457
714
460
860
536
1011
511
1010
589
747
543
1022
316
313
448
402
488
350
500
371
808
328
601
356
543
375
552
411
491
473
511
416
579
462
455
510
502
400
712
338
461
344
502
527
926
408
930
450
396
548
482
542
445
574
541
571
408
599
485
629
747
434
386
409
808
428
652
462
632
544
640
474
369
594
533
462
349
484
594
470
472
533
458
547
586
474
912
473
908
446
568
440
687
370
478
399
759
589
489
618
527
606
520
438
608
598
390
626
280
414
1010
406
1072
448
923
440
3250
542
1108
647
550
666
950
573
453
696
533
712
488
677
634
544
1086
574
1804
653
2210
718
1316
708
1594
699
1557
914
613
555
458
588
438
666
449
710
532
776
552
938
1363
803
887
848
682
867
724
921
3198
1078
739
992
455
356
405
681
402
1076
643
1066
