785
872
858
926
789
978
759
873
643
632
650
662
619
742
798
892
762
811
855
834
899
826
808
778
773
808
578
644
560
706
568
848
575
728
581
749
544
685
851
774
694
964
684
894
749
758
766
936
769
1100
531
694
519
758
530
930
549
1020
573
752
541
769
757
1149
851
1039
743
896
569
858
606
814
656
887
721
591
809
704
740
714
727
671
757
649
789
674
609
554
517
571
597
577
545
550
585
582
598
568
807
694
829
718
769
800
807
842
914
842
964
778
663
588
625
562
617
591
598
589
575
610
610
605
827
749
779
704
845
712
805
865
837
766
748
650
631
555
606
606
602
568
681
579
680
618
607
697
716
666
898
677
914
782
749
778
780
929
855
932
605
598
630
531
742
529
613
605
646
602
632
654
885
943
886
747
817
802
759
826
793
901
711
708
622
596
619
718
614
744
621
619
545
718
580
627
815
821
659
944
634
800
610
768
694
1005
631
940
604
736
587
742
659
790
563
844
603
704
575
736
636
1173
729
1106
695
846
658
737
659
1032
619
1125
590
842
773
874
694
822
863
870
612
890
615
1065
666
602
713
639
694
697
726
646
679
655
639
616
594
594
574
573
606
567
605
516
577
540
554
539
692
762
695
770
639
761
673
704
707
677
792
782
689
499
613
589
611
573
591
551
651
537
643
588
738
668
755
691
760
856
786
754
825
682
686
652
713
590
643
541
696
556
714
567
631
591
667
632
754
654
789
648
735
761
643
800
734
866
747
905
670
587
667
531
732
541
666
515
616
616
619
563
733
870
757
747
771
810
691
854
709
682
633
766
631
564
743
605
662
725
635
629
611
582
675
549
691
868
615
980
624
814
592
804
658
900
618
1084
559
648
564
698
600
771
590
807
622
714
561
721
662
1098
665
1028
565
861
576
699
590
888
588
1242
614
853
725
846
650
881
587
930
617
999
658
1007
605
656
662
712
639
702
613
612
678
648
673
666
571
531
573
549
613
551
563
539
554
522
602
536
602
729
632
786
649
786
650
734
719
659
690
766
611
544
694
580
578
572
570
580
538
519
677
575
701
730
737
764
674
809
781
816
728
690
663
648
782
511
606
513
590
550
627
541
626
589
635
609
685
710
778
660
767
721
720
822
790
895
718
842
645
549
736
544
644
536
667
514
613
584
725
557
730
876
802
732
795
958
769
866
711
679
675
856
662
577
758
635
793
717
726
593
638
521
625
548
794
878
666
935
715
826
731
767
809
972
673
943
580
631
574
717
607
810
706
688
590
646
657
691
750
1204
690
972
717
893
702
759
701
1010
609
1028
607
786
739
782
652
809
619
825
562
812
615
931
667
794
730
746
778
882
762
692
711
772
662
698
585
539
601
551
620
560
592
526
628
529
538
556
687
722
709
782
741
782
689
680
739
716
778
723
552
565
621
593
901
552
670
600
644
687
762
545
753
776
740
735
746
854
767
852
726
681
702
630
810
543
630
510
678
553
671
557
761
590
780
640
703
648
734
700
714
692
684
800
764
856
707
976
660
528
621
495
598
501
748
511
624
549
574
471
686
886
751
727
811
770
737
778
770
782
747
866
681
510
694
586
699
668
762
583
742
543
665
556
729
942
679
1072
704
794
847
770
741
980
764
1079
648
661
668
682
594
752
588
727
632
618
683
641
746
1304
710
1104
688
830
690
850
767
961
600
1150
633
749
802
700
745
741
765
785
559
862
819
945
718
852
808
981
642
916
727
758
833
736
1393
786
1488
552
862
539
1541
533
631
523
661
580
542
542
613
876
663
784
682
672
722
700
737
789
817
698
565
569
592
583
620
580
618
612
1204
593
1050
581
733
732
720
884
763
1061
741
860
781
697
767
642
740
551
761
568
846
590
751
587
1026
604
894
611
697
679
706
757
778
713
719
882
829
941
790
912
971
539
704
565
655
552
711
562
686
574
728
522
781
734
799
722
805
828
863
806
1050
767
986
992
582
550
589
611
579
692
648
616
552
594
566
593
889
888
938
1080
975
726
921
752
841
1000
755
1118
616
625
586
688
549
736
554
745
578
681
483
667
849
1428
742
963
786
830
774
820
1081
1094
670
1385
620
722
594
770
553
891
556
947
579
878
575
942
762
713
799
756
798
794
815
674
785
784
716
860
640
574
638
588
683
528
544
562
528
580
522
562
731
848
699
753
754
674
751
694
722
773
729
733
535
583
536
555
599
569
592
624
718
593
613
560
642
783
760
868
724
1082
890
841
815
712
758
632
581
550
600
552
660
575
635
621
637
649
642
597
696
590
802
606
739
730
806
1006
859
984
796
1008
716
572
634
536
627
544
694
585
648
599
613
600
795
758
689
719
824
953
830
774
1015
816
967
888
611
597
656
650
612
671
634
616
618
583
624
625
743
790
890
1000
770
840
785
850
975
945
854
1228
617
652
612
688
504
781
534
705
612
665
589
684
764
1314
750
905
736
841
741
847
956
1026
877
1338
585
705
545
767
591
819
574
929
614
933
603
837
712
658
730
758
725
750
679
952
703
942
705
844
607
544
605
536
575
533
570
559
553
623
559
629
691
776
726
650
686
622
675
688
689
767
699
713
566
598
606
631
615
624
583
721
674
592
539
592
746
754
767
837
778
878
675
869
744
666
871
674
576
579
626
589
692
591
690
656
789
665
695
579
672
528
756
626
754
706
778
867
867
988
768
832
775
509
731
600
807
591
701
673
602
630
560
578
813
830
784
802
781
844
836
709
813
770
774
819
561
613
616
653
644
725
632
647
549
689
598
666
777
748
878
942
909
684
918
772
791
1012
702
1119
652
721
760
722
731
816
647
685
599
711
554
794
797
1100
707
880
806
720
865
794
1099
994
687
1520
558
714
636
775
605
816
606
744
565
852
619
979
718
631
708
698
713
716
682
794
742
879
778
896
646
571
597
523
616
580
614
583
596
581
575
615
726
729
770
719
739
714
689
790
711
842
724
792
618
567
621
648
628
588
529
667
548
608
571
613
729
768
712
900
727
891
727
826
751
663
758
598
564
599
663
605
656
587
641
614
745
701
782
627
696
593
707
666
752
714
758
814
753
832
768
788
702
593
636
588
737
606
818
636
749
666
742
628
688
730
828
784
787
846
755
680
735
814
853
777
814
565
661
643
600
676
688
653
793
633
701
670
835
747
952
929
1006
676
967
773
906
852
830
1092
746
670
704
662
689
694
635
677
594
652
626
723
691
1096
643
811
727
771
721
820
729
1057
625
1198
641
749
591
763
583
778
595
741
630
823
624
1081
731
706
763
646
742
641
825
754
818
851
786
758
642
570
644
569
583
544
603
589
594
575
554
573
723
659
855
681
760
748
670
740
669
722
693
794
553
545
575
552
555
584
599
579
640
555
601
629
691
861
688
933
722
874
822
820
681
654
762
664
646
590
675
606
772
571
780
565
802
585
853
591
664
714
735
830
751
828
747
811
699
816
662
748
935
584
662
575
697
587
697
624
642
619
662
625
667
739
699
742
737
750
746
732
845
835
820
834
659
595
603
622
644
595
660
622
709
607
835
653
720
922
815
780
855
655
1165
663
1342
860
1093
1204
884
638
649
633
593
720
613
632
680
660
733
711
995
1052
726
855
689
738
858
750
992
1080
1021
902
759
743
683
747
660
846
659
809
716
887
659
1070
676
650
697
741
735
678
711
804
729
784
804
735
822
585
678
618
643
608
698
564
618
562
571
628
738
683
709
685
775
774
737
734
851
764
661
716
598
610
706
587
588
648
672
609
830
560
702
561
633
798
737
856
775
939
910
710
804
692
821
655
886
606
737
581
752
572
893
561
758
622
767
573
746
760
718
800
670
790
669
934
655
898
716
816
801
555
788
577
728
534
636
557
742
589
765
648
694
812
778
819
855
797
902
673
801
936
816
725
634
568
683
609
866
584
807
592
893
591
949
612
1037
889
1054
830
1097
669
954
738
761
888
695
1037
861
635
752
664
757
685
738
642
761
670
810
633
653
1056
665
838
669
730
804
806
808
908
775
1118
804
669
839
711
687
749
668
769
680
903
860
1114
691
766
673
719
807
678
823
871
776
816
735
730
649
541
604
542
581
570
582
583
553
557
574
614
699
738
785
648
799
682
800
766
757
736
653
794
607
612
586
574
633
591
739
599
802
572
610
569
640
784
685
890
733
711
810
720
787
708
806
624
652
633
721
636
691
614
754
619
824
577
639
592
729
661
840
810
838
890
705
997
707
843
698
830
632
531
816
560
1410
586
706
575
761
589
1150
596
790
828
709
804
737
673
762
728
691
852
767
839
742
581
711
619
883
610
932
584
728
651
742
601
1097
921
826
840
1419
756
1314
858
873
900
910
958
773
683
1460
793
736
745
642
735
728
795
656
686
728
1050
810
808
782
692
846
786
709
826
757
1146
625
709
738
721
981
768
616
768
615
947
584
1092
683
643
722
675
788
817
782
838
850
810
789
730
717
517
604
529
572
583
589
575
606
555
600
540
793
885
835
752
761
686
735
788
710
764
675
776
618
583
579
608
588
583
644
602
621
588
619
618
696
875
689
906
880
822
823
664
769
702
760
726
723
583
668
576
781
600
652
601
598
601
626
624
819
732
705
798
632
890
703
858
632
874
627
734
640
575
612
571
717
625
646
570
663
570
648
575
663
734
737
844
655
668
649
676
639
910
687
833
566
579
726
600
825
614
961
565
959
596
692
589
707
925
709
848
709
738
761
919
715
932
662
1172
557
589
564
631
720
682
783
631
655
608
584
673
654
834
628
764
826
766
737
778
688
996
677
823
620
652
624
738
630
826
609
731
639
757
668
739
881
691
813
684
781
830
701
850
750
714
660
752
634
544
609
520
558
536
552
565
619
578
592
520
589
642
681
670
680
717
649
850
731
751
782
798
635
548
576
585
577
551
621
560
688
588
661
582
788
960
749
958
741
795
830
727
911
677
884
705
618
587
691
584
695
600
686
637
654
564
616
607
747
714
775
815
697
893
647
864
704
846
693
740
656
540
807
580
688
624
775
595
804
631
669
582
734
745
699
896
702
716
705
912
655
945
641
779
609
608
596
599
754
641
939
588
910
592
669
621
601
985
718
868
701
764
648
878
647
1044
734
1240
654
606
522
628
606
684
674
646
646
613
608
645
658
884
730
782
826
761
655
864
647
1040
757
1095
578
732
618
712
635
723
633
814
614
786
565
848
746
652
705
696
890
878
732
806
910
678
775
624
623
561
584
493
609
528
633
533
607
518
606
573
621
629
902
661
782
896
844
760
757
745
718
733
571
557
590
537
684
574
763
579
747
560
602
546
674
862
659
870
747
840
763
656
758
668
706
722
617
551
696
558
785
585
663
592
797
567
688
563
640
802
739
799
634
946
693
884
644
826
629
714
754
576
746
570
660
576
760
610
700
587
713
618
687
767
658
872
694
726
641
814
757
1016
706
794
718
600
722
600
649
584
717
579
916
605
1056
620
662
926
647
810
644
750
778
860
671
1024
658
1187
722
646
671
726
708
747
631
668
660
703
589
695
641
924
596
794
675
754
675
894
677
950
616
1044
520
723
623
724
618
744
628
799
597
831
640
909
866
658
836
713
1078
813
1006
758
848
684
758
671
726
592
733
614
726
553
755
543
648
536
673
583
728
748
713
680
757
758
727
704
699
705
660
724
740
541
818
576
992
624
808
587
538
557
577
575
630
896
755
822
743
806
701
711
635
676
665
717
835
544
743
548
576
578
587
575
625
602
850
559
635
768
693
775
586
808
602
858
615
822
643
643
646
572
666
541
642
531
720
600
721
568
622
612
593
716
621
712
561
673
564
938
586
942
635
755
651
595
664
597
624
596
659
585
671
592
786
605
674
914
580
814
599
748
569
994
550
1044
623
1133
643
641
654
712
606
695
599
662
578
679
558
648
555
874
602
890
610
744
531
834
527
1110
619
1046
592
690
625
714
657
733
571
819
690
845
631
881
603
600
587
723
645
794
626
734
641
709
661
672
629
477
698
605
695
604
710
540
755
540
690
567
622
739
638
718
666
740
678
699
672
674
621
762
662
574
658
560
711
612
582
580
542
618
630
555
635
868
605
821
639
666
657
650
673
638
683
718
564
659
628
574
618
676
653
633
733
580
778
550
630
688
619
738
615
788
553
796
623
750
605
695
678
572
656
563
727
585
809
613
765
632
681
585
601
742
648
763
643
722
585
887
553
820
586
718
684
635
663
662
636
664
656
621
658
690
696
624
614
946
559
694
581
714
617
884
592
1028
579
1124
633
677
592
699
568
710
493
648
560
640
585
669
562
834
667
812
588
780
586
863
624
1026
617
1193
613
703
644
726
678
811
652
737
753
698
562
840
738
634
661
785
712
736
637
700
594
618
627
643
694
531
663
588
716
591
699
563
668
570
585
571
584
647
626
682
627
709
622
650
646
722
679
692
578
629
644
564
600
600
531
556
534
553
596
553
653
822
638
789
678
720
638
643
572
690
638
642
690
550
610
568
791
586
582
618
624
619
705
608
607
698
566
721
597
862
614
863
575
830
617
678
630
667
613
553
625
645
599
595
647
654
717
600
594
749
611
740
594
736
574
850
538
727
566
702
621
591
625
621
590
611
622
633
525
641
599
683
587
870
562
696
564
682
592
830
677
960
650
1171
551
651
583
675
590
682
558
654
540
655
752
628
579
808
614
777
666
816
666
793
639
906
661
1016
570
676
634
673
546
662
595
708
562
767
624
781
646
678
649
800
645
672
615
657
667
598
626
644
622
514
629
572
623
528
619
580
627
598
608
595
595
648
622
706
598
718
633
659
657
601
693
706
567
608
597
574
618
542
628
551
744
562
893
570
681
826
743
788
709
729
687
648
683
700
734
745
649
573
650
582
599
602
594
635
596
590
660
596
658
785
606
758
603
900
616
944
602
790
593
669
643
625
603
553
656
599
648
615
624
653
688
603
594
768
606
778
628
694
583
920
613
817
658
820
671
598
666
596
604
597
578
623
544
598
610
640
609
788
635
679
625
676
595
793
537
1072
569
1096
630
680
624
751
595
781
616
699
645
746
612
655
573
789
629
800
583
801
598
886
624
890
619
1026
616
734
608
700
618
720
614
702
685
742
536
789
674
694
610
630
651
598
621
601
617
610
659
650
656
564
664
525
635
530
635
560
626
601
597
555
643
622
637
748
610
718
658
636
686
654
673
770
583
577
608
574
571
556
676
658
734
573
591
534
620
830
612
760
626
706
625
700
633
712
633
660
678
565
697
610
583
608
608
572
598
581
651
595
587
764
592
778
601
875
553
825
568
796
540
688
558
608
574
585
676
629
688
611
640
593
698
604
578
793
593
794
569
797
560
1051
530
766
654
646
629
684
634
700
692
629
702
618
566
626
544
658
847
922
686
712
615
662
545
838
561
1210
657
1147
644
684
618
683
609
705
565
692
575
719
581
855
841
756
669
804
767
778
731
930
749
992
734
1146
524
648
565
743
642
735
599
755
599
852
573
925
693
672
837
691
710
578
586
564
638
650
618
714
554
522
590
584
577
564
614
580
623
537
577
558
684
662
661
726
770
736
603
686
734
662
657
800
631
588
674
561
647
601
732
534
611
567
600
585
644
863
742
838
640
680
698
691
641
716
653
722
614
604
611
589
626
589
607
626
612
682
590
588
716
764
614
744
653
810
608
860
655
711
638
656
618
619
638
597
628
617
710
602
661
590
738
647
634
794
690
700
610
806
571
901
542
786
578
832
626
616
628
606
663
643
667
640
605
628
611
670
627
969
733
774
685
774
638
896
663
1118
668
1166
607
641
595
657
602
693
566
706
493
767
579
684
826
843
741
814
699
806
631
988
694
1068
681
1057
580
697
641
699
585
773
577
827
573
879
561
910
729
1228
680
661
662
582
665
588
634
608
618
624
614
524
653
572
580
557
558
514
581
547
574
528
593
657
651
710
650
758
634
626
666
716
650
894
587
544
575
571
554
565
572
556
534
560
625
575
665
867
627
727
655
728
715
720
774
770
777
794
612
552
656
564
613
569
627
573
640
573
660
611
679
768
657
800
657
855
626
849
607
698
603
741
682
601
636
691
686
673
667
628
706
600
643
633
597
818
606
824
622
796
608
836
626
742
651
745
610
632
650
588
602
627
578
646
578
620
584
597
621
951
625
765
637
782
613
966
623
1138
592
926
572
628
545
731
531
621
570
683
551
683
576
689
616
861
568
800
621
797
658
932
691
1065
646
1138
567
684
574
737
561
760
568
728
567
853
547
897
690
830
660
626
698
556
706
618
723
572
632
654
604
580
582
586
602
568
533
566
563
534
542
496
580
716
602
738
625
638
647
620
673
694
651
768
561
543
533
562
522
577
556
540
564
648
571
542
593
748
673
755
662
684
771
714
1044
758
1314
734
578
515
596
537
598
568
598
579
543
546
574
581
729
775
709
920
736
995
610
740
615
748
625
739
627
619
561
617
619
672
610
608
606
610
598
603
629
890
668
764
676
838
629
956
725
760
614
830
580
642
594
509
604
633
569
632
567
643
555
606
625
808
719
701
777
818
705
939
793
918
672
811
642
687
570
711
550
632
565
656
589
776
637
745
613
818
717
884
728
948
617
1059
613
1184
643
1261
593
659
526
693
570
717
544
741
561
860
565
768
613
710
610
709
643
608
594
606
600
594
612
632
614
549
576
550
572
532
617
543
571
483
585
524
551
663
568
662
562
689
565
628
635
662
594
748
592
535
563
553
552
538
578
586
572
536
528
592
614
845
612
694
632
728
630
710
592
769
597
675
603
610
626
656
618
590
574
604
617
665
609
549
544
724
580
818
558
880
578
875
624
716
636
728
604
510
626
551
583
582
613
577
628
557
559
557
629
907
610
798
636
916
572
1086
613
770
580
807
582
622
610
597
607
701
666
597
583
645
652
670
598
821
622
734
618
832
606
990
586
1119
661
878
625
647
566
665
598
681
633
653
601
666
626
664
657
734
645
786
621
822
594
942
578
1052
638
1480
563
1111
594
686
548
705
521
692
530
747
548
819
576
630
596
557
615
584
591
570
590
572
572
559
605
535
604
560
624
592
654
554
594
567
632
540
576
659
557
674
577
606
565
609
583
628
593
724
603
515
567
558
606
554
604
554
550
563
578
641
616
748
594
637
571
636
619
604
598
610
614
667
588
544
532
585
604
612
602
558
624
600
667
536
584
640
581
740
572
892
598
772
624
710
648
711
695
506
669
521
645
592
637
567
586
573
605
548
581
859
595
816
589
774
591
1053
577
707
630
940
612
536
626
591
567
560
593
587
543
575
567
611
612
746
645
668
596
792
618
1032
572
1128
560
787
581
700
628
743
657
690
603
739
834
666
564
632
621
769
674
848
709
862
680
1015
560
948
611
1096
572
716
599
723
628
739
561
836
595
851
616
831
650
628
664
592
654
585
644
558
612
550
618
565
611
579
635
577
675
578
652
599
615
550
641
599
532
642
624
700
635
656
548
610
610
620
594
660
596
505
594
579
574
564
580
552
566
599
609
580
616
648
649
690
631
620
621
672
603
658
564
660
600
575
604
586
622
559
612
666
557
552
577
497
634
676
561
714
597
786
669
722
596
636
669
732
591
543
684
569
618
625
598
604
550
610
578
648
601
810
632
746
652
735
578
982
691
736
736
870
568
621
601
568
614
591
624
633
626
591
594
642
537
778
599
740
600
750
637
869
652
1072
689
790
685
625
742
744
636
676
572
730
601
653
641
765
708
733
736
844
691
846
626
892
631
952
627
1011
634
700
690
690
635
725
618
759
595
745
600
798
752
670
757
573
688
574
606
608
622
580
628
638
667
564
620
614
598
565
626
566
611
560
602
554
637
600
618
677
645
617
646
588
617
606
609
690
570
515
578
549
579
533
603
576
594
500
598
520
578
632
670
634
652
593
630
631
634
694
611
661
578
581
627
599
606
639
557
581
582
640
608
576
623
710
576
839
630
810
621
713
638
668
672
742
636
584
632
543
684
600
653
697
603
658
623
619
641
807
658
659
672
772
612
934
603
682
626
822
630
616
644
607
585
658
549
597
580
614
611
665
652
756
666
654
674
845
651
800
616
802
634
717
616
616
586
745
544
704
582
646
561
627
569
740
562
730
560
807
597
862
591
830
606
883
608
1046
572
729
569
788
650
712
593
819
655
823
542
757
659
634
689
606
653
670
666
558
625
579
635
630
676
1688
787
810
669
690
592
593
639
712
636
694
617
604
560
624
595
594
619
578
620
620
615
651
659
1092
636
525
586
505
652
472
616
490
768
536
634
656
640
620
632
656
615
638
589
697
596
624
557
584
585
614
595
588
562
586
597
646
603
558
596
688
607
699
578
772
598
701
633
676
654
724
614
639
571
619
604
599
630
698
659
641
637
583
638
756
658
680
614
806
612
982
694
708
584
866
616
615
575
628
578
639
546
612
594
631
584
599
725
673
631
670
647
754
629
961
633
972
597
774
643
630
671
678
634
614
618
670
561
667
528
682
581
710
556
750
589
844
571
910
608
914
603
964
549
695
560
718
566
760
561
776
590
775
603
742
588
614
607
568
606
597
595
552
528
582
576
584
627
548
695
580
648
552
622
561
644
604
619
574
606
622
584
634
583
718
595
588
651
634
631
640
606
527
588
554
584
516
596
512
631
554
574
528
693
672
664
605
677
614
592
654
613
701
616
699
550
546
616
614
605
548
576
486
590
590
622
518
596
726
666
689
627
718
650
748
653
605
582
692
615
582
630
630
627
596
603
664
598
607
552
676
535
699
591
668
637
743
640
856
615
662
606
850
599
642
624
621
536
676
510
648
566
688
598
670
571
679
547
654
568
664
621
846
603
940
611
777
604
653
646
704
581
706
545
672
568
766
553
740
603
733
604
778
574
794
552
915
593
1050
605
1012
575
728
595
802
964
880
664
854
572
904
538
794
673
605
607
550
603
644
556
569
543
556
603
598
604
571
724
506
550
580
586
518
577
545
649
536
549
672
604
647
590
673
605
616
578
554
626
632
605
564
582
594
604
570
592
570
587
611
596
579
668
628
636
572
630
612
638
691
599
686
620
670
585
652
591
580
686
585
639
522
646
543
742
687
579
625
591
734
618
709
617
642
571
622
578
714
628
616
657
602
606
652
613
716
636
654
587
715
587
742
602
635
646
711
633
858
634
670
610
778
580
632
571
669
558
672
561
610
546
686
546
780
542
734
593
580
646
783
814
958
675
972
624
773
575
724
536
749
528
782
624
696
621
724
684
840
633
728
614
736
598
912
620
1050
618
1135
611
1067
625
841
600
858
575
926
577
958
518
1000
559
1043
678
636
636
584
651
594
622
624
620
590
604
581
636
547
662
556
599
568
626
584
575
554
613
592
652
587
619
700
650
675
600
628
618
576
618
602
582
594
615
530
582
632
575
648
577
560
602
562
629
649
648
584
696
624
630
624
604
682
612
716
561
564
588
542
597
558
594
544
573
568
616
594
562
664
608
702
595
648
670
632
604
625
640
686
575
598
609
586
578
610
578
620
573
630
527
640
645
666
645
563
581
725
592
752
558
666
589
710
572
649
563
668
508
676
499
674
500
656
592
722
609
626
630
654
655
785
968
1032
685
1020
661
778
540
731
566
726
585
692
522
672
571
705
602
740
614
781
567
836
625
905
814
1109
797
1076
729
1162
541
893
576
946
583
1032
625
1070
642
1037
556
1036
602
740
633
659
661
620
623
614
666
596
659
622
645
529
635
552
626
578
615
592
624
577
572
528
584
684
657
691
674
678
753
679
659
650
640
644
549
560
626
559
563
566
568
590
612
577
549
599
671
666
636
604
656
628
653
617
657
644
653
676
599
624
739
618
650
688
731
591
618
585
619
552
606
702
596
786
590
741
703
662
616
643
597
688
614
668
600
720
552
678
596
684
574
608
625
638
686
646
674
627
518
752
575
910
646
665
553
726
593
732
620
703
592
729
606
729
524
814
551
654
555
668
643
686
627
839
657
918
683
899
729
716
593
687
551
714
601
745
528
797
595
760
623
780
714
818
705
864
856
1032
941
970
894
1080
835
1136
580
902
633
949
593
986
594
1122
666
1191
610
1014
566
599
638
588
668
588
578
532
607
590
641
592
580
584
605
633
608
626
633
604
573
618
585
592
608
604
620
686
630
692
580
634
578
636
660
674
574
638
667
578
557
643
566
618
608
552
580
646
725
612
629
577
582
584
618
615
598
765
577
660
561
612
625
656
702
604
876
661
625
658
626
560
571
682
665
736
632
744
652
630
668
615
578
698
594
638
618
574
600
642
566
684
597
684
549
612
539
676
635
648
637
772
732
671
657
638
670
820
615
740
590
776
621
721
576
719
591
768
635
756
671
734
728
732
626
846
621
1078
716
976
688
852
625
753
636
684
636
704
614
802
554
766
625
745
677
844
611
924
750
1042
861
1032
926
980
716
1123
628
825
590
868
580
888
562
916
545
884
602
1011
668
588
703
588
582
568
595
589
592
590
622
615
652
592
618
608
677
560
618
577
612
621
580
620
653
682
630
604
565
629
556
642
669
616
647
648
598
646
613
700
562
646
606
662
580
628
567
766
678
619
556
567
641
597
586
564
567
634
619
655
625
676
602
700
600
714
596
700
599
628
576
669
636
670
621
695
678
674
580
608
614
640
632
711
567
635
554
620
564
716
581
693
535
684
549
666
672
642
610
608
626
746
625
776
592
718
614
778
601
694
590
797
633
734
601
718
590
819
642
748
595
722
672
694
612
786
612
928
586
772
616
771
609
752
626
802
595
905
607
777
611
747
597
770
613
754
672
838
760
805
605
806
646
991
636
1023
636
810
667
814
674
1098
606
834
618
834
628
1005
695
594
621
601
640
518
652
481
555
566
588
598
662
627
643
588
763
627
617
576
582
668
630
639
613
614
608
684
570
648
595
635
670
562
596
612
652
640
563
608
626
671
572
671
584
620
619
633
588
566
634
546
714
554
694
586
606
626
726
648
665
672
605
672
606
686
611
706
550
699
524
668
580
674
593
687
666
692
548
620
614
672
645
778
529
596
542
672
574
715
662
680
473
707
589
746
550
654
618
722
620
828
691
728
673
784
724
797
580
742
607
756
583
732
589
680
566
788
594
836
568
710
694
751
641
886
660
1058
690
886
647
822
606
877
635
829
579
866
559
850
594
804
563
806
654
793
760
895
582
878
636
992
683
1042
734
1116
580
960
624
1018
646
1018
626
845
670
1148
741
986
720
563
622
598
628
552
712
540
688
522
634
571
638
583
726
582
584
626
631
614
617
664
628
608
650
598
684
656
572
654
630
611
628
576
653
574
525
668
552
677
594
649
606
678
594
700
645
653
569
548
618
542
670
559
678
559
608
615
693
624
703
657
700
708
660
656
619
671
764
702
636
627
506
733
561
624
758
610
614
626
597
656
714
734
625
702
536
743
582
662
604
703
570
730
588
700
588
710
614
720
601
850
693
696
801
698
1042
754
589
798
584
785
588
764
568
868
551
780
503
879
660
716
652
712
699
866
792
1009
884
988
667
816
601
1006
641
906
611
882
574
850
648
872
614
924
646
858
671
950
599
930
516
1026
726
994
642
1073
662
1030
615
950
628
950
642
1139
650
1007
706
828
577
561
649
587
582
568
653
564
716
556
710
580
682
601
636
619
652
665
660
649
674
660
658
606
622
564
566
667
528
610
605
596
675
564
600
554
526
644
569
693
612
675
596
629
612
684
631
688
616
534
558
482
670
484
614
506
616
546
630
596
596
676
617
698
542
638
602
692
622
666
600
662
653
625
674
670
634
643
651
648
637
646
597
765
626
656
572
718
526
730
605
728
626
689
619
726
499
641
638
732
679
815
645
730
698
724
637
799
618
826
662
736
585
822
644
842
666
903
676
836
608
667
662
742
669
884
778
979
812
886
723
850
627
908
624
872
609
830
662
922
622
938
641
1019
638
784
642
827
575
880
650
954
862
922
643
850
633
669
568
800
602
985
655
1240
