692
622
569
631
575
694
756
664
752
636
794
603
748
748
607
614
705
718
857
665
706
634
724
668
712
568
728
753
667
735
569
682
637
815
678
916
669
974
548
584
639
689
765
694
740
709
628
602
947
1066
840
864
666
938
671
894
734
961
718
944
689
910
636
706
656
905
871
671
840
728
786
1076
816
986
636
734
652
692
644
694
641
623
598
540
669
580
623
658
592
634
618
670
616
612
622
628
577
641
660
584
665
604
550
649
594
670
785
694
769
574
640
696
590
580
598
564
654
629
674
618
638
644
703
578
628
594
684
562
551
646
558
606
674
578
690
682
744
695
608
665
712
642
698
632
709
600
604
607
748
576
732
595
647
660
562
626
544
640
740
582
686
634
920
640
685
652
664
611
745
710
597
662
715
608
835
570
687
660
664
692
589
544
700
711
676
742
594
708
716
820
660
886
742
901
412
649
432
645
470
654
502
681
487
703
456
750
849
946
908
946
969
956
714
946
738
955
798
892
513
744
504
741
463
686
551
766
529
925
620
799
899
758
1105
1074
882
1108
1232
862
802
910
828
839
546
619
580
587
553
663
524
682
479
613
539
539
540
820
572
652
580
648
610
636
611
724
552
657
534
598
535
632
473
612
479
634
510
661
516
646
666
558
620
615
622
636
650
605
706
598
612
724
745
606
635
648
601
638
632
556
562
582
533
622
752
798
696
584
762
575
813
588
713
633
721
601
561
674
631
608
524
596
552
629
544
572
537
620
709
655
584
618
734
675
686
530
684
661
686
692
529
644
489
633
526
626
479
688
506
600
477
662
620
762
778
733
778
775
789
752
714
808
740
919
418
716
433
684
452
638
481
662
511
766
496
775
693
948
738
965
774
996
778
1035
689
1002
714
796
495
696
499
750
424
630
511
676
503
716
508
740
666
966
820
943
814
1031
873
917
916
870
926
886
640
565
527
622
539
644
529
536
550
582
502
587
546
607
521
669
644
658
569
601
720
568
608
565
519
535
476
580
480
567
495
632
544
604
548
587
594
555
750
545
623
635
858
559
732
610
572
678
666
594
700
648
700
618
777
667
600
628
636
662
627
579
602
605
611
598
656
522
646
593
638
593
476
640
619
582
617
606
590
662
677
684
734
618
746
615
807
631
770
578
1005
645
760
594
765
634
649
656
722
618
725
648
882
718
817
636
568
778
776
651
814
611
1260
718
1048
745
880
810
922
940
583
606
462
684
523
658
592
748
631
705
578
674
802
835
752
952
882
1070
1636
1067
786
784
726
800
562
746
624
690
698
788
753
868
619
824
636
847
881
974
1394
988
1260
1094
1080
917
846
978
932
1005
518
638
693
741
706
727
701
762
566
1008
603
571
554
590
733
646
606
667
628
574
704
527
535
570
616
586
639
588
625
608
529
574
535
521
801
530
622
642
614
680
1192
576
885
681
761
674
808
641
911
567
604
553
551
566
659
572
561
588
670
612
656
591
685
584
726
536
726
581
971
651
860
622
582
607
650
630
607
610
555
578
625
596
647
668
744
604
662
584
646
630
1002
649
700
644
716
569
463
604
570
616
554
627
604
595
764
683
619
640
937
599
894
598
1001
603
858
735
954
775
904
824
643
732
512
662
617
708
615
670
665
714
601
720
756
825
738
919
733
904
786
1052
1060
846
932
784
540
835
623
794
584
744
519
684
702
806
533
674
924
937
1180
1122
1145
1020
1323
916
820
1030
1066
991
769
592
739
800
580
1213
606
591
740
715
643
614
2175
814
686
692
945
634
807
577
972
662
668
591
461
585
571
556
595
515
540
543
533
589
640
610
662
612
664
632
681
662
742
647
998
650
1484
593
659
608
577
600
678
689
719
574
644
563
580
602
762
598
688
645
907
691
832
603
1294
677
1104
582
611
642
569
564
623
676
665
699
1125
700
893
648
1139
626
821
614
734
649
889
625
702
696
820
748
779
632
673
636
633
610
711
654
776
686
660
720
744
670
664
684
611
575
704
733
707
806
712
902
479
709
613
692
631
692
561
734
621
812
607
695
842
777
788
1003
818
944
720
830
782
934
778
898
632
844
681
732
691
744
639
814
693
744
546
767
976
967
1018
1178
754
944
882
979
798
1009
838
1100
671
598
941
791
730
604
657
550
680
597
545
706
694
716
616
698
648
622
672
627
711
684
727
607
704
664
557
618
618
562
609
588
739
586
751
506
707
645
670
580
605
565
813
643
759
644
718
622
475
612
724
617
795
640
645
649
622
596
687
614
750
544
728
653
1654
608
1044
580
854
604
766
591
593
568
740
596
682
590
745
720
846
674
636
696
954
692
764
604
676
684
1000
605
755
664
767
819
751
702
637
620
627
761
636
701
1076
696
606
656
860
652
957
671
801
700
963
823
820
829
924
903
544
716
656
635
646
672
761
732
1066
761
668
759
841
939
901
918
775
974
800
933
874
1007
1008
1018
695
756
727
729
785
742
713
810
890
628
661
832
882
961
803
995
924
1046
1083
1199
1252
1021
1084
903
622
636
704
770
615
605
540
688
615
731
493
663
622
697
602
697
561
661
582
621
629
662
650
606
584
625
645
546
549
506
572
548
689
629
558
520
680
606
744
720
756
575
864
768
1160
633
722
630
695
554
765
590
640
562
531
639
612
534
1109
684
905
636
1039
649
1908
630
836
761
1002
696
843
666
636
585
744
642
645
513
869
617
745
714
1292
684
840
590
786
674
816
659
761
666
748
701
788
784
809
715
867
598
783
604
789
592
926
660
707
758
744
770
900
798
901
704
818
783
824
826
718
933
800
705
954
652
1107
761
969
795
591
804
644
800
924
975
1202
1026
1017
980
1002
1047
1019
1185
949
1299
681
830
653
824
648
624
681
676
875
654
841
874
1114
1068
1238
1214
733
1003
980
1018
932
972
974
1046
580
536
597
574
677
646
695
610
771
614
793
594
568
736
546
715
688
709
576
712
574
657
668
673
601
540
593
530
718
560
687
560
699
555
767
634
728
631
753
663
784
564
806
686
828
592
882
662
706
569
713
534
659
596
797
624
711
580
838
536
872
572
940
615
884
647
782
670
800
724
980
744
672
549
640
625
634
612
689
622
691
591
907
604
854
795
624
682
998
733
974
715
796
707
628
773
577
636
1004
645
1081
630
770
616
811
597
867
634
1132
616
860
746
632
667
978
795
676
775
768
1064
1129
716
1850
754
1089
781
751
798
655
808
974
667
780
912
844
799
1076
755
1042
875
1067
900
1066
1058
591
640
635
834
881
716
667
678
571
606
700
734
877
980
1164
1109
1172
915
677
1121
1093
1033
822
980
793
609
589
573
695
556
895
651
687
626
697
528
703
640
492
704
562
618
592
556
518
651
642
712
552
549
763
588
770
559
714
532
687
568
663
524
586
666
724
573
732
612
813
645
840
644
760
665
866
520
751
591
689
550
732
556
728
598
671
588
866
638
752
602
903
626
860
625
875
643
935
674
693
572
719
575
849
550
774
578
683
626
1016
621
809
654
765
670
872
684
882
680
675
708
658
716
666
577
706
582
861
611
703
624
813
640
805
633
989
738
658
686
744
601
794
729
911
876
816
982
703
633
865
673
975
758
1178
709
1750
691
1475
766
996
894
917
746
926
645
872
779
987
979
864
746
702
664
777
662
557
652
721
686
686
620
921
718
1064
973
1110
1096
1441
989
888
1145
1096
945
1019
916
613
520
650
639
794
526
931
563
767
571
769
558
2552
676
504
840
533
832
718
648
729
594
646
655
592
550
631
605
753
643
691
577
737
618
702
646
656
612
828
527
684
586
960
581
1160
628
788
668
631
520
1059
604
765
584
819
672
825
642
592
618
1382
693
906
594
810
608
1286
640
842
644
841
632
667
658
594
640
703
578
811
598
719
656
693
654
799
620
719
714
905
665
684
600
890
688
1622
632
774
753
753
663
876
640
901
620
1112
592
1062
622
698
684
830
744
882
710
812
774
714
744
816
804
811
757
719
732
834
700
784
734
674
750
579
804
913
856
888
900
2376
887
1437
915
870
1024
1574
998
468
749
551
727
579
672
815
669
603
728
634
872
912
1034
1284
1191
1338
1130
816
1144
1586
1167
1247
948
689
562
633
600
647
573
699
550
761
617
843
584
664
890
644
838
702
678
614
682
596
698
624
724
679
716
761
517
601
534
914
550
698
582
634
581
586
667
632
629
840
668
1204
698
755
691
689
634
579
564
578
576
623
515
681
578
746
677
743
586
654
584
1088
634
790
603
758
678
870
646
742
778
560
556
633
608
710
628
728
636
671
604
662
572
784
650
826
630
1941
835
806
662
1038
724
1236
734
831
684
591
698
731
617
695
684
613
659
832
600
960
888
947
792
726
780
924
764
730
980
951
769
799
690
682
694
751
824
777
815
607
772
697
714
936
976
4819
1460
1968
1448
791
1108
1128
4363
1276
1066
588
780
657
777
629
746
785
718
562
606
623
750
646
1362
878
1060
1532
1335
852
1160
1226
1069
1326
1453
555
563
699
604
581
572
686
619
695
602
790
560
780
589
696
737
604
698
624
700
630
654
1046
718
915
565
734
590
720
577
693
540
589
576
747
554
610
640
650
646
768
733
839
662
721
685
894
780
621
498
615
560
727
670
809
588
737
594
717
540
736
646
889
701
924
704
810
692
757
730
756
822
936
608
813
523
659
539
631
550
539
632
554
629
831
736
658
725
896
729
832
690
895
722
1028
756
700
692
751
656
615
612
645
568
615
658
621
708
658
746
788
767
928
771
677
753
1048
828
1212
872
568
759
607
746
551
716
745
758
548
807
583
750
820
798
691
727
1072
832
1824
890
986
861
963
996
558
772
629
748
599
822
647
786
609
711
499
716
752
752
781
839
928
1084
1032
1110
970
1137
1626
891
665
596
743
540
734
520
564
520
679
566
588
536
784
724
645
672
604
711
533
728
681
663
607
657
491
572
569
554
625
584
501
521
624
524
754
558
686
721
748
707
734
610
724
653
854
780
784
803
769
547
770
556
681
568
693
626
825
570
732
562
728
726
764
689
733
564
764
634
824
657
668
646
675
494
647
492
671
573
619
610
659
610
677
608
734
626
966
680
610
663
840
688
1069
779
917
680
791
606
649
634
853
602
580
726
591
681
569
703
686
835
575
691
926
848
728
803
1080
799
1036
955
601
800
586
797
683
738
598
759
612
846
631
831
878
870
1760
687
781
854
2238
918
1046
940
1016
1026
646
811
717
736
749
727
581
782
541
678
709
779
776
866
830
870
948
1089
882
1399
814
1183
782
1047
697
516
552
531
680
581
621
602
701
533
645
502
606
633
612
546
630
641
748
638
599
652
803
704
577
568
635
550
682
567
921
517
610
593
637
588
610
782
732
599
924
672
710
738
798
684
863
750
611
596
568
570
561
590
653
562
686
548
592
552
638
732
885
619
846
672
729
713
754
677
708
730
625
582
585
538
626
562
679
610
615
614
583
588
875
796
912
621
880
724
1041
812
816
744
852
772
612
647
619
628
695
590
673
641
666
712
550
672
742
795
1354
738
754
753
768
696
982
804
1378
900
521
836
552
802
593
805
571
806
597
904
624
780
1430
963
756
1092
1386
984
1092
941
1046
1020
846
1052
601
830
573
942
541
736
613
842
601
711
663
799
860
1161
962
1268
1086
1225
1086
1187
790
1087
1210
796
682
520
674
624
695
580
699
594
722
560
667
593
658
689
581
751
610
686
823
762
714
668
610
646
553
602
591
582
750
572
577
597
613
521
655
616
697
632
632
612
672
688
892
741
729
674
730
910
603
600
641
588
635
576
757
523
649
592
624
564
1199
746
1387
633
588
672
746
633
680
785
1174
709
487
661
562
533
537
567
557
582
567
558
581
566
872
754
1114
633
806
686
1156
813
1690
649
811
761
579
656
564
614
486
603
477
728
478
719
497
668
811
750
834
832
741
802
866
726
864
832
1640
833
468
728
477
836
454
782
495
694
484
750
520
800
836
872
844
783
730
994
912
1012
1390
943
884
873
484
842
495
846
459
898
418
864
484
630
453
813
740
1052
1030
1065
1798
1062
968
1187
2148
1378
1515
1032
574
496
537
584
602
726
534
598
525
602
539
586
570
668
636
882
606
894
778
710
798
688
578
683
494
580
553
528
552
533
593
522
662
533
617
560
669
712
674
674
816
716
817
768
826
838
926
747
567
566
532
617
645
559
564
582
561
606
815
576
776
871
752
838
724
960
777
834
760
750
896
658
613
552
591
612
599
584
537
628
555
570
569
587
852
716
786
830
800
803
1369
814
1318
946
871
724
600
649
541
564
597
654
586
692
491
605
501
721
1000
717
780
961
870
735
1120
794
974
1160
1443
901
568
809
509
712
604
735
616
752
558
775
685
770
812
947
755
1221
872
936
811
872
664
828
898
1005
541
760
503
838
518
784
543
814
555
786
596
770
1080
1145
736
1270
864
1376
922
1229
796
1333
726
1498
729
536
689
541
727
577
677
740
612
528
568
540
607
698
596
737
742
830
824
653
728
678
552
695
586
544
539
544
589
520
608
576
585
574
638
527
786
711
828
620
875
696
803
669
645
700
722
693
667
566
617
572
674
602
534
581
537
588
564
571
1254
685
801
803
1132
648
734
827
756
794
1202
832
631
616
562
619
577
610
599
563
590
594
597
574
760
1221
788
705
668
913
686
787
752
964
912
765
543
626
554
641
589
548
519
626
587
619
571
680
778
799
952
784
862
685
1014
837
788
803
897
943
528
762
620
721
551
756
551
699
585
768
521
790
610
906
827
858
962
749
678
950
744
1108
2137
1073
555
731
593
695
614
764
559
724
643
664
656
800
876
791
1455
1038
746
1005
1162
1212
768
926
1444
985
600
545
676
547
619
644
555
640
607
487
623
576
534
661
636
756
648
722
608
649
619
703
609
711
565
566
635
617
535
546
575
607
567
592
611
530
599
709
922
660
790
656
608
606
739
650
810
654
817
564
651
580
786
568
569
640
563
596
577
598
912
676
936
708
939
749
598
818
748
694
731
722
585
572
589
561
571
632
594
680
697
612
538
618
710
807
575
676
829
717
899
711
882
1014
808
802
495
556
531
592
620
480
559
596
585
621
615
768
994
733
3080
750
925
706
778
781
707
710
844
784
534
676
493
770
575
804
579
773
587
793
525
702
662
892
1012
853
852
1082
1476
949
978
1130
1028
1013
498
780
548
705
515
738
565
723
561
633
525
768
865
1064
851
1200
914
1285
914
1048
816
985
758
914
723
619
590
556
573
656
563
630
603
578
632
550
712
768
642
625
616
652
600
680
690
654
632
627
633
482
683
554
663
557
686
598
733
657
728
589
644
674
842
760
712
640
1214
973
1167
833
716
750
796
668
604
590
758
589
667
656
572
558
715
524
598
736
805
634
803
643
776
719
659
668
822
624
579
613
631
633
678
558
749
612
637
598
569
594
544
706
593
704
1056
732
830
716
789
714
788
704
603
570
569
572
583
543
512
660
493
603
626
581
976
745
774
749
894
822
1352
658
714
689
724
749
668
820
787
767
609
770
579
754
656
866
601
708
1146
1029
1006
904
906
874
892
1052
696
1117
1058
2040
1409
692
735
776
761
678
772
730
687
600
585
810
715
766
678
1097
1120
1223
1338
1064
841
1250
946
1464
561
566
726
618
665
610
702
542
599
552
648
613
778
619
585
677
532
699
683
655
829
670
648
720
997
579
805
648
960
580
778
586
1049
596
787
498
638
728
726
711
947
778
765
770
587
704
692
703
671
566
960
591
665
612
629
570
552
606
547
572
918
860
755
671
653
642
686
1050
723
1479
677
795
729
611
545
612
525
552
633
646
639
610
589
629
628
746
690
691
730
691
995
777
844
688
1484
911
485
680
601
677
586
648
616
644
513
598
518
827
708
725
862
743
842
970
782
802
1230
803
834
908
618
702
556
719
627
742
570
781
651
831
610
739
922
1014
780
814
774
1048
738
1176
715
1230
654
1141
1177
768
803
855
824
712
642
714
761
802
901
882
778
1017
896
1010
979
1188
938
1314
753
1422
891
1286
921
758
900
564
855
576
739
580
680
551
592
541
627
721
576
691
534
649
554
621
652
634
775
843
699
553
644
588
604
615
554
556
783
540
913
583
580
746
656
737
684
740
588
761
645
671
718
697
713
571
598
625
650
571
729
520
728
576
664
686
587
617
712
795
794
697
744
761
888
756
730
691
629
545
674
572
703
619
721
693
624
645
539
644
1118
718
668
893
835
835
945
864
1154
868
1107
994
614
596
635
650
685
628
748
665
649
702
778
738
731
846
821
911
687
1000
808
931
740
845
832
795
471
761
677
778
641
680
616
838
669
813
589
838
782
826
755
1093
683
753
780
1001
736
1052
758
1039
641
795
526
766
571
784
641
761
731
760
656
844
753
984
672
1279
792
1180
720
977
718
1083
698
1344
782
619
883
630
713
590
816
602
1378
604
786
578
612
746
574
837
598
810
568
751
550
654
682
745
620
544
599
583
821
576
781
517
763
551
970
597
686
727
610
678
648
855
634
696
650
819
831
1061
572
522
754
672
825
550
809
573
1011
559
1187
601
618
637
775
703
644
633
752
634
546
746
750
615
797
654
887
583
1026
683
893
574
769
700
894
639
746
712
699
730
724
779
731
639
610
728
671
667
690
636
931
655
1316
676
731
633
731
744
687
727
785
935
771
715
815
800
710
903
778
806
782
756
667
734
637
775
612
815
657
800
745
732
629
810
916
1269
886
950
716
911
751
1014
764
1530
836
1617
533
739
787
838
872
872
1061
700
537
732
619
710
819
998
761
1109
754
1116
834
1165
789
1117
760
1008
580
653
640
612
872
627
638
585
654
562
820
548
606
750
542
759
492
624
644
776
639
660
580
849
594
536
610
564
652
626
672
628
920
613
712
496
584
826
612
656
594
796
793
797
780
704
636
1055
766
547
668
544
826
552
722
634
704
564
726
626
726
871
854
1021
726
1025
695
757
742
1008
750
598
540
606
676
578
628
570
675
684
676
687
596
726
656
578
691
725
608
722
794
856
692
800
741
776
584
650
640
648
634
635
554
753
718
802
652
644
880
804
682
880
796
1272
1018
738
726
979
860
951
686
764
668
800
759
879
588
794
636
759
664
798
862
955
732
791
706
996
1906
960
1172
1016
970
1021
603
715
1024
866
610
809
677
768
654
694
710
716
856
1684
782
823
670
879
687
991
639
932
650
1293
696
599
668
658
640
523
504
620
563
626
744
514
614
645
606
724
560
660
737
776
611
789
723
908
702
603
674
603
585
578
621
618
726
586
686
620
630
616
600
743
691
713
770
1235
562
910
716
978
847
568
724
622
545
618
548
572
620
564
658
558
669
754
671
762
680
713
670
791
800
675
772
684
612
559
578
574
604
586
586
626
694
809
608
746
690
665
892
676
696
606
674
875
601
927
722
802
549
584
589
647
532
539
522
694
530
735
528
810
738
730
735
795
732
719
794
778
660
819
644
811
528
776
496
812
538
782
554
743
518
852
582
835
612
875
956
954
2443
1054
689
966
2112
953
712
718
542
880
615
784
572
724
730
703
602
737
581
876
920
982
736
1082
904
1230
936
1658
946
872
828
1308
764
618
703
581
730
596
803
634
931
498
688
541
657
853
628
785
643
781
784
779
780
686
718
1090
519
603
607
606
652
558
700
535
701
574
586
579
706
795
684
725
594
735
589
849
561
859
706
614
744
598
793
582
704
532
727
605
707
588
691
628
855
694
680
681
650
701
708
902
657
817
727
766
564
657
603
634
656
620
743
636
723
603
784
630
648
744
798
658
856
933
724
793
592
885
664
1044
599
680
585
644
656
662
554
678
578
716
566
746
662
1296
790
790
742
638
704
1272
1200
946
641
969
506
732
576
715
533
790
555
752
586
790
583
781
819
779
1708
1245
1030
1108
802
1211
986
999
1372
1083
604
756
712
850
616
764
644
714
644
818
670
788
903
902
1912
972
1140
1212
1074
1084
963
1096
753
1465
842
600
710
614
628
592
506
556
542
552
594
590
656
738
633
843
553
774
617
784
830
699
615
656
696
605
769
582
782
658
649
570
660
580
700
544
664
715
589
673
642
681
726
883
685
805
730
794
573
606
607
610
648
624
594
536
604
621
680
548
780
677
868
762
736
842
640
816
633
841
868
726
680
574
604
678
647
632
658
627
695
596
535
605
654
865
713
676
1026
756
1229
849
794
1022
734
734
620
672
712
560
679
634
656
690
591
624
602
718
866
1116
1062
1111
1158
2252
736
904
820
996
807
907
754
782
682
650
779
712
768
698
667
707
888
624
943
646
696
1098
712
1217
770
1027
784
941
758
988
566
822
505
934
552
735
561
642
624
803
652
818
945
928
754
1550
1008
1077
776
1344
1451
1312
1194
1413
659
606
546
616
592
628
739
620
954
586
1167
623
614
764
714
698
699
701
654
648
730
702
606
681
576
505
563
576
550
544
602
570
611
570
622
581
612
811
979
678
678
626
868
720
705
611
816
634
620
558
621
562
556
619
606
532
590
583
584
585
605
585
647
562
701
586
656
656
560
706
826
586
520
589
590
576
598
684
584
659
676
611
650
735
646
681
618
678
1368
740
872
790
862
707
566
686
828
682
910
592
592
700
546
592
632
613
580
674
712
716
710
737
1026
668
726
626
592
681
678
759
725
822
612
701
644
736
574
784
596
815
666
801
793
820
1028
841
828
758
1306
992
695
859
858
872
650
756
545
740
600
815
603
748
642
806
582
740
1038
838
764
841
892
1066
706
1103
1028
1032
1074
1065
518
597
558
596
584
592
594
596
617
591
604
548
709
619
624
655
640
570
678
565
758
648
866
630
566
584
622
570
592
620
680
558
586
592
650
589
659
602
615
636
587
568
619
576
682
634
660
619
631
616
656
561
676
589
622
620
712
585
694
602
537
592
611
650
760
606
616
630
651
611
1037
559
564
666
675
682
622
592
635
597
650
580
587
630
722
700
710
712
714
590
783
664
663
688
718
693
526
676
553
720
586
682
633
530
646
550
668
622
600
711
818
700
868
730
764
642
881
800
780
821
526
706
604
763
512
746
646
798
620
694
588
739
698
716
960
702
976
758
773
877
886
961
848
909
588
796
646
681
608
837
670
794
580
861
626
826
905
912
907
945
8946
1038
2362
1052
720
1022
805
1261
630
561
638
542
540
610
608
583
590
620
636
612
639
660
722
588
578
571
594
540
621
616
612
585
546
594
601
572
578
580
624
536
622
562
657
624
672
599
632
606
780
586
728
583
764
630
646
628
704
617
602
612
594
633
619
630
547
578
654
541
703
644
716
613
802
605
652
614
642
564
900
620
666
560
628
581
597
581
656
592
584
647
602
697
1549
660
662
700
954
730
743
681
1122
685
802
795
628
692
632
667
626
711
598
730
650
628
674
698
762
656
628
742
748
690
1276
673
1238
692
798
779
473
840
600
744
585
830
758
736
692
750
769
730
869
759
820
706
826
694
858
783
935
866
1570
980
603
720
666
775
628
789
800
697
598
836
594
852
1187
970
802
1074
710
1056
1076
1268
705
1248
723
1202
648
828
588
510
615
619
602
610
724
637
558
552
668
625
750
668
649
637
742
615
648
576
953
655
639
563
560
618
612
570
701
537
638
518
568
582
570
622
822
592
862
662
676
692
747
634
694
642
640
556
604
599
740
594
741
602
812
586
670
570
637
677
728
636
772
626
646
568
702
616
757
678
572
602
688
622
674
538
606
659
646
602
670
642
660
694
645
700
791
818
704
757
750
778
676
702
615
686
930
680
693
766
704
616
586
766
744
676
730
698
732
789
702
735
571
754
536
770
666
835
802
732
815
796
814
797
1210
857
888
788
605
671
1044
871
731
840
866
913
648
1064
707
947
1024
961
541
732
608
792
617
663
2079
776
1347
788
1177
834
1024
1077
827
1159
805
1237
1260
1191
1251
1175
1053
1371
498
661
618
618
548
605
600
548
641
636
666
523
646
620
678
599
712
599
666
626
678
598
629
574
626
589
800
544
772
625
912
560
800
566
760
614
534
634
656
629
579
615
684
656
734
705
610
683
678
540
874
535
936
618
1130
546
844
614
1342
542
660
718
2042
727
1541
716
1892
718
979
682
666
715
754
640
662
656
634
698
714
688
682
619
595
625
620
722
683
703
558
808
744
726
686
743
849
738
712
573
766
682
548
664
722
697
926
719
734
682
543
844
810
849
930
765
2033
827
555
869
544
769
496
797
666
798
720
880
796
778
830
922
1060
730
637
829
644
764
1258
945
622
1014
1380
962
1238
1084
839
714
722
758
738
693
1204
766
920
788
884
800
732
1048
1607
1112
902
1164
1208
1122
1895
1000
933
1000
574
622
609
551
592
578
514
579
584
582
632
624
623
646
744
681
693
601
848
554
612
538
606
613
768
574
615
585
826
578
1180
572
928
600
686
660
600
600
837
612
636
657
748
645
781
608
662
704
680
542
638
640
618
540
722
551
656
1199
720
820
657
637
896
712
738
704
2419
697
781
687
706
628
658
626
620
516
806
676
810
704
904
531
740
610
630
733
816
665
810
778
714
810
722
781
627
701
528
734
628
602
771
690
820
662
990
786
714
702
942
780
732
755
1599
675
672
699
726
775
870
787
700
822
1256
796
916
832
882
785
862
870
949
818
1090
683
702
746
987
626
1377
766
660
684
711
688
814
724
546
815
923
670
1032
692
1930
782
832
832
648
704
932
738
926
746
1665
773
1580
719
784
751
540
740
649
606
657
562
882
558
601
590
692
542
711
616
708
573
812
510
644
560
1258
512
618
546
624
641
657
586
578
584
546
577
712
564
696
500
741
599
706
571
676
612
737
658
672
745
718
703
728
561
562
596
684
614
653
560
538
610
813
556
672
636
958
696
799
674
656
744
738
679
660
650
782
580
858
606
818
623
670
582
718
634
608
614
626
697
708
638
808
772
920
740
868
722
703
780
1264
629
979
623
664
622
692
764
657
734
736
756
923
686
1200
799
898
796
734
630
948
676
1194
631
723
692
1062
690
1600
730
881
903
830
907
828
800
824
735
648
716
800
672
988
666
890
634
782
612
742
692
723
762
798
678
656
730
582
752
762
888
928
657
1168
687
4119
724
800
753
724
649
768
768
706
740
577
649
505
588
645
652
576
544
546
692
654
626
734
608
705
558
590
545
670
565
684
567
598
604
544
576
622
558
746
631
1384
584
840
634
774
586
696
602
950
584
742
638
633
611
710
630
918
652
814
472
792
514
680
607
674
558
832
648
1266
612
924
679
740
637
839
647
618
726
692
628
598
636
584
634
851
620
518
645
683
632
1125
658
636
594
684
690
689
703
2522
750
696
766
804
677
602
635
825
640
1484
714
1624
679
1000
634
1112
731
920
696
708
748
719
681
698
705
870
812
1291
766
694
692
1286
829
764
752
820
882
894
918
954
822
741
788
640
847
725
794
876
833
772
807
667
769
804
730
2230
830
796
812
1188
876
1526
796
1736
864
690
728
1646
813
882
816
797
794
944
764
1388
859
614
526
652
626
616
554
548
602
646
626
632
640
712
588
1078
619
668
610
709
599
884
577
744
661
646
560
797
528
574
602
866
578
694
554
699
588
774
604
675
668
830
664
1118
628
727
628
794
668
598
612
581
584
579
546
828
542
670
600
988
588
652
666
900
658
1166
635
686
646
1759
695
1464
618
499
624
496
605
1242
702
878
626
956
652
1192
604
1016
697
764
731
700
711
894
680
710
713
821
674
681
645
728
639
711
636
808
661
1548
688
3010
668
637
733
712
712
566
734
832
742
672
654
693
713
1185
814
1564
748
804
807
916
870
2129
1004
975
850
735
693
638
740
1108
711
790
738
1173
715
882
684
872
758
1118
715
656
860
562
860
1004
826
696
916
775
621
799
790
1055
804
2022
974
1282
955
959
1056
546
532
658
581
695
582
590
528
815
618
606
614
712
569
704
588
682
625
621
617
898
638
778
601
658
579
700
560
686
542
669
622
836
643
811
644
604
648
652
784
655
677
748
629
632
646
873
603
716
596
562
596
791
592
779
614
940
654
994
672
746
614
995
675
597
677
882
655
786
672
737
637
809
584
766
638
743
629
593
644
677
612
792
693
980
590
631
618
798
700
968
607
1232
723
636
700
510
656
745
630
904
660
1390
692
2142
723
995
804
1014
778
1841
658
676
699
828
894
642
764
892
707
938
718
2574
682
2506
788
746
804
1357
796
1106
884
1054
731
818
732
840
743
1071
776
1331
728
1982
734
977
823
1248
664
687
870
963
852
1554
912
940
944
660
628
602
641
580
862
1388
857
