5268
10079
1413
2244
3806
11321
5532
13272
1463
2524
2223
1135
2645
6166
1011
2686
5495
7304
3688
2972
6330
2479
1560
5647
1532
2252
2067
994
2138
1951
7925
2458
1578
3040
1164
1190
1311
1387
4695
4264
3163
7228
2354
6017
5126
3951
1388
2168
3367
8916
1413
1085
2097
1659
960
1739
962
2488
4991
1658
1379
1217
1771
8898
2869
4389
17168
13807
2893
1126
2427
1301
3258
3744
2440
4618
1727
3523
2520
3790
2659
9041
2125
2526
1892
4349
1206
1632
862
1458
1335
2586
939
3389
2159
1977
1010
1288
2805
2144
6027
2673
1512
8781
2719
2798
8479
23333
5672
4006
4595
7830
1121
1710
2843
1860
3512
2088
1836
1388
1041
1596
18674
2353
2698
2677
1841
2747
4675
11247
2338
3481
3016
4864
3593
1560
3107
6533
1013
3004
3291
1952
1598
1282
1355
1658
3045
4069
7771
8115
5119
2160
10505
4371
1475
7577
5028
9183
2136
1691
1938
1149
1150
1800
1675
1771
1398
1374
1740
1450
6746
19490
3970
4391
5306
5803
2354
1979
3764
16961
1456
1169
6519
1880
2007
13724
2317
1046
3305
884
1011
6381
2168
1949
628
2161
701
3605
670
7245
705
7135
694
9052
706
3923
2469
1542
4082
2838
4510
2059
1451
2303
2593
3341
1607
1725
654
5050
687
16082
697
7346
704
3679
719
5415
737
2452
1182
2842
5919
3009
1361
4325
6817
1186
1340
1701
3091
3362
842
1735
841
1566
865
9258
812
15820
887
2344
2450
2032
1145
3966
1918
4231
3142
1894
2668
2989
1566
2704
1016
2352
838
6171
801
34248
752
2669
717
9811
712
8574
674
6212
2623
1429
2233
2338
1873
1483
1225
1219
1719
2667
3542
1665
2278
10012
13167
10653
9421
18261
3426
3296
801
2920
744
5234
1242
2391
2016
2568
1243
1083
3179
1037
1641
1508
1003
1201
877
15772
5368
1885
799
6823
738
4941
739
3085
4112
2610
1249
1865
1482
1119
1478
1775
2439
1063
1615
1900
1027
3676
776
11180
824
9396
737
20344
680
3454
815
6277
692
5117
1224
1157
4104
2397
2159
2102
1958
960
1005
1426
1933
3017
675
2932
682
6999
686
2986
678
9025
743
5327
702
9437
13545
3088
2400
1530
1334
1571
1558
1824
3893
2358
1038
1478
719
2006
687
2938
690
999
734
1207
698
3177
764
5081
1103
1668
1968
1325
1302
1182
1490
1223
3255
2169
2941
1348
792
9591
824
4885
814
4637
815
2536
816
4553
806
3626
3858
1448
1795
1704
2919
2002
1966
1216
1975
2371
3215
2161
798
2748
756
2769
735
16473
705
5429
4905
4235
5733
7163
1920
1189
4313
1594
1681
2262
2435
2015
1368
1267
2148
1860
6886
8460
15312
5241
4212
4954
5189
2160
2615
2142
10234
5042
2438
1240
2718
1235
2233
1390
2612
4522
1442
1130
1768
1067
734
8202
14014
4262
3940
5430
1995
4525
8419
10648
10626
3692
1919
4255
6427
1533
1137
1219
2799
1311
1454
1196
1254
998
7890
9797
4339
9182
8068
4581
37661
23354
5328
2307
4810
7991
1509
1387
2315
1289
1906
3033
1672
1432
1824
1429
1858
1562
2853
1682
2153
2160
3274
2566
4178
4894
18039
7621
6037
1441
903
1009
923
1878
1588
3947
3397
5863
1035
1039
1012
1714
1410
4733
4837
2289
3888
6052
6818
9221
4181
7447
1756
2360
1283
4459
1852
1813
1263
3315
1398
1350
1098
1198
10856
1393
870
2165
5307
3850
9805
3388
7680
5562
3138
2700
2010
2086
1391
1212
3983
1187
1200
2738
1814
897
3615
717
870
1012
2297
3890
22279
2542
4480
3945
1294
1993
6564
5057
10925
2659
1165
6604
1486
2815
10644
1099
2194
1572
1889
12110
2571
3243
8710
6588
1583
3701
2141
3263
2678
2482
2492
2175
1843
2216
1440
1970
1295
1144
4498
2265
1470
2258
2227
1862
4992
4523
6783
7392
4150
5767
4070
7138
1833
2381
5228
4441
2170
4476
1505
1159
725
882
1030
1089
1328
1539
2068
881
946
844
627
2289
2814
2844
3584
1926
1736
2201
2209
8140
1644
4050
2160
1286
1459
1299
2029
1066
1375
1496
959
975
1404
1498
2982
8503
1158
6277
3679
4947
3075
2721
3947
2928
4200
3970
1164
2048
1310
1457
975
1024
986
1232
1121
1034
2100
1041
2392
4399
2065
9531
1308
9268
2073
6836
9211
1373
1104
3696
1610
1318
2629
1098
1275
1300
1559
1379
926
1185
1788
1510
8720
1330
8004
6953
6580
11543
21508
2593
6211
3642
8373
4863
4218
1682
4657
1729
5531
2601
3645
1435
7199
3518
6117
1384
716
4720
6422
4072
4589
4072
3194
2497
4188
3664
5906
2169
2046
1462
1962
1461
1406
1445
1262
1703
5801
1744
2311
4270
23915
13172
2959
7463
6940
14157
4481
2065
5842
2650
4296
6196
1663
1541
2926
4756
2915
3531
1725
1545
7655
1890
2803
2030
3962
5456
10945
2454
12724
7911
6846
5518
7357
4919
10915
17495
1967
3161
2215
1692
1283
1491
1817
1268
1296
1361
1679
2255
4638
2883
6634
1565
4049
16629
2666
1630
5851
4119
4251
4012
1438
1982
1261
2727
7313
3277
2253
1278
929
1808
1164
1699
657
4923
10193
8957
10177
1556
3576
4404
5553
9066
5125
3335
2799
1298
2899
1807
1073
985
1960
1016
1129
1422
992
1301
1465
12751
3300
4770
4541
2577
3079
5864
6631
19077
1902
5112
2140
1186
1591
1766
1218
1043
1111
1662
1883
1036
2053
2397
7884
1762
17399
12824
4231
3460
9626
3007
2584
1538
3254
3753
3986
1320
3907
3565
5948
3011
2940
857
2258
2918
2912
1733
5793
4184
2139
2698
5414
4754
7354
5055
5012
4721
19743
1429
1225
1382
3547
1014
1159
921
2030
1644
4701
4101
1821
1313
764
1887
3453
2187
5477
15571
9257
5941
7551
3289
9321
8795
2569
1613
1628
1765
2241
1504
4058
1352
1709
7115
1299
1435
2333
2317
3192
3877
4536
11130
5993
10978
13021
5847
5696
5055
1757
1546
1604
1443
868
1792
4923
1031
1008
3120
1990
2150
6161
9636
3165
2376
4945
6728
3355
6595
7267
4245
11322
5084
1190
1094
2820
891
2604
1556
1770
1123
2139
1664
2908
1810
27897
2866
4773
2303
4145
5199
2282
2864
5786
2439
6832
4738
3453
1295
1852
914
1210
3152
1624
1041
1559
1417
3631
1807
5108
4010
8992
1441
14755
4780
3437
3667
7234
3235
2728
12306
1146
1085
1040
926
1819
1042
1193
2049
2397
1118
1191
1373
4563
3896
9020
7361
2155
2585
7028
4566
8232
13221
3400
3918
1645
1874
8653
1236
1620
918
1377
1167
1549
2856
2761
4068
2384
5883
6955
9691
18152
3866
5714
5675
8008
3320
2071
1416
1349
1562
2054
1753
2673
910
2060
35990
19112
1716
987
998
5021
3535
6745
3670
5748
3521
2308
9476
2905
6507
16818
7812
3662
1123
2218
1306
9044
3192
1349
1844
2393
1489
3012
1024
5109
6712
5940
4015
4294
4157
18055
4518
5250
5431
21038
6223
2776
1365
3117
5825
3998
1276
3110
1392
1203
1414
971
1171
8158
1701
3893
4930
7119
5501
5933
2927
7815
7483
24990
4731
935
1525
1648
1696
2761
1771
3858
863
2025
3267
2664
1529
3871
3447
5789
4394
5001
5770
9176
3180
45378
14507
2139
3457
1476
1996
6544
2216
1793
2159
2317
963
1801
1253
1085
1540
2364
2605
1251
4531
3714
7636
9011
7995
30133
2552
2648
5972
2753
1092
1590
1177
4255
2587
1614
1120
1258
1021
1005
1031
882
1781
2779
1905
8300
4954
16720
10123
15484
15414
13005
7382
34431
22588
2416
1219
4351
2411
3750
1683
1121
1098
2110
4110
6350
3490
4196
16933
5905
6682
6980
6024
3147
6412
8622
7468
2466
1781
2586
3088
1989
1166
1407
1565
1460
1081
1779
1225
18802
2709
6241
1951
8864
6176
7193
4633
4758
2197
7707
17209
1277
1009
1390
1152
1083
955
1304
1226
9157
2480
3431
2221
13182
7179
5749
9598
8323
4359
3788
3252
5527
4364
4973
4504
3736
2771
1030
1754
2556
1242
1142
1518
1365
1204
1128
1944
628
5389
17410
5969
7611
9034
5937
4336
8351
3486
6580
2933
8033
1212
1298
1119
1530
9409
1679
1843
8936
1260
1106
3066
5453
3132
35245
20211
9918
3824
12104
18281
3272
2834
6126
4781
1393
1172
1381
969
1861
1041
1631
1370
1108
1149
1690
2406
11923
36450
3054
3482
6681
1649
3069
1834
2733
3151
3944
3169
768
904
1027
1719
3180
743
1138
1623
1734
1354
1889
1198
6464
5574
2922
5468
4114
1688
8743
4895
5367
5332
4473
1935
9076
958
1455
922
1430
1603
2111
1425
6212
2714
1517
1105
784
1650
13163
3103
23049
3386
4765
6420
8674
2401
7976
4148
1179
1942
4270
1228
2419
1476
2237
1354
1808
2093
1283
1387
6027
3027
10717
5400
6714
8933
16707
6139
3205
4852
2772
4018
1829
2367
1415
1825
4174
1574
1950
1521
2128
1631
2242
1393
3778
7893
6779
3310
5942
2281
6396
12766
4046
2058
34420
2468
4351
2060
1275
1614
1902
1346
34337
1717
1209
1696
1445
1585
47717
26722
7703
2024
5631
4215
2115
9756
5260
2531
6819
8088
3241
1225
1368
1522
2405
977
1054
1119
2690
1922
2434
2846
2011
4071
5921
3152
6180
5457
4810
1319
7566
1630
10999
6207
2738
1070
1358
1694
1873
1318
971
929
1075
1211
969
19212
6614
3454
7670
8115
1130
2573
7346
2867
2827
3400
9040
1147
1776
886
1803
1031
1399
1821
2052
1024
2129
1091
2049
1195
3165
6268
5408
4902
3550
1436
8730
6925
8908
15297
9199
3057
4692
2714
1182
1242
1734
2638
1173
1182
1326
1313
2487
2240
2313
2431
5906
2469
4938
13906
3199
9021
14512
7920
6697
4594
1019
2403
3605
1531
1533
2063
1576
1500
4331
1487
2543
1238
804
1391
10425
5872
2732
4618
24835
6892
3641
6300
2202
5674
3718
1439
1830
2324
1007
2404
3087
1983
3013
1074
1851
981
9194
4389
3254
3030
3672
7758
6491
5967
1746
2906
3458
2284
826
1167
1481
1958
2416
1231
945
852
2173
1012
4934
2082
2794
25088
3874
3675
7063
6142
3517
2806
8528
5965
5966
4796
1405
1026
1417
1910
2647
1463
1686
1185
1713
3529
1448
1168
2900
7916
2549
3082
12272
5840
7267
7471
2512
10223
1305
2551
1951
1712
1488
2722
6034
1003
3824
2544
1787
810
3192
994
614
5553
1446
6837
39138
4678
3965
2170
2002
19316
6017
5275
3128
914
1927
932
1272
874
2199
807
2825
2985
4685
3616
1385
5281
2413
6757
4067
2333
7803
4520
2314
3312
6309
6714
1436
1951
2829
1190
1872
757
828
1038
1837
975
1038
958
12519
9251
24986
4549
4598
5686
17634
2251
5784
4812
3862
2069
1443
5654
1270
1264
1235
2627
8080
3602
7110
4894
1078
3425
2426
2292
1733
2792
2195
857
2628
5214
6690
9360
9126
2729
3086
3646
3214
1955
4638
1969
2183
1743
1416
16397
13605
2321
17162
1601
2976
12433
17618
2543
12174
2984
12759
4305
3950
1219
1105
885
1184
1635
2308
4291
2349
1135
2564
979
2597
1810
26355
4685
17519
20642
7622
3407
7994
6061
3477
1664
4804
5181
2906
1869
1331
1540
1423
881
1339
1193
878
1073
1091
865
7770
5408
3717
3609
13674
13016
9925
10149
4242
3859
10923
3565
2013
860
8426
737
1820
1297
2151
890
1690
1771
2057
894
961
2876
3297
2788
2270
31480
5218
1837
2063
1852
15249
3272
1099
1952
1087
6543
4493
3206
2287
1894
1014
899
2017
1141
894
2058
4258
4959
3029
2933
10051
3111
7994
10083
2647
6032
3349
796
1106
1006
1847
957
2107
3214
1820
1196
3116
1244
11339
27727
10882
6978
3316
2832
7669
21249
4432
2201
4387
3939
1515
882
2036
977
1107
2038
2298
1085
961
1642
1886
3204
3346
3643
2289
2656
9616
6927
6212
2722
3935
2907
5196
3009
1386
1298
1479
1536
4191
1382
1272
1342
1438
1788
2914
1251
9483
2553
6355
3334
4057
1493
9370
1216
1886
2821
1799
1497
1274
1101
1284
1982
2040
1387
1282
914
2340
960
3659
1047
5437
9840
5800
2131
5751
2805
7485
2224
1946
1705
3824
5214
912
1205
1593
1391
2139
1131
1187
955
1233
871
2817
1968
2757
4331
5908
2140
4867
3500
4765
5124
9362
2765
2151
2965
9345
1340
1216
678
1389
1847
4201
2564
1297
984
4066
839
1915
4127
2939
3618
1584
4799
4254
10306
3370
3177
11165
4619
812
1038
878
859
1315
961
951
1183
1335
884
2278
816
13555
8096
7523
1748
18473
2494
6758
2871
3518
3473
18641
3939
1679
1466
1230
1514
991
1137
19230
1547
2070
2480
1722
1181
810
1086
2759
806
19278
2062
1882
8097
4341
2309
6286
3195
2166
3115
1915
3104
2235
1403
1642
1983
1564
2208
1254
1190
5158
2233
2610
3091
4795
21686
6115
6453
8843
2075
11959
3851
1594
973
1294
2334
2178
1151
1846
1560
2320
1375
730
824
3590
1568
3194
4165
11661
1749
32696
5685
4345
4037
3572
1224
1013
1978
2981
1474
1647
878
1099
894
2499
1740
962
961
12510
2260
4354
7738
4006
3259
3361
1813
2212
1413
1319
1708
1274
1770
704
828
1221
1427
1173
824
1910
897
1495
2021
8326
2923
3207
3627
4730
2076
5445
2319
1635
3275
8022
3754
849
1106
2613
1348
1209
1148
3833
1024
1112
984
1134
4505
4930
3330
1837
1511
16465
6050
1215
2093
1207
4803
27474
2931
1042
1426
1319
1224
1510
1231
1687
1246
1179
728
1306
949
4278
2940
50716
3393
10632
1629
3408
1797
4741
5760
7582
1208
1128
989
2201
2375
1291
1268
2361
1456
1674
905
2226
964
7075
2697
6241
1847
10876
20299
9749
3002
5038
4649
5170
2598
1766
2130
1495
1028
1822
2748
1753
1153
1496
1302
2407
1128
4556
3709
2971
18650
9618
10489
9682
2077
4555
2632
2592
3063
1005
2160
1796
987
1722
1263
1458
1497
1845
1061
1351
923
2962
18491
1466
3370
3414
2482
6301
2656
2396
3678
2736
1927
1652
1184
3573
1051
1512
1092
1349
3148
1297
2451
1412
1004
9954
4685
5263
2682
3858
2441
3536
3080
12098
5106
4918
1474
1346
1292
2885
1168
915
1001
972
958
1579
1677
1756
1124
1207
1874
4917
5613
2639
7520
5030
3760
22299
9870
2485
2729
986
1214
1114
4890
3335
925
1444
1968
1807
1080
1075
1094
7390
20746
973
4453
2794
2738
3039
2451
5172
2135
2093
1761
737
2315
1273
980
3876
1275
1098
900
818
811
1132
954
35190
22798
5982
13729
16083
2936
10238
4303
5215
6125
5856
7557
2049
2090
1375
1659
1100
906
9786
4271
2036
1696
1560
1436
3264
3002
3421
2377
7523
1752
2427
7079
3184
3866
2218
2019
1422
1807
1411
1521
2200
4617
3422
1619
1517
2926
1597
1907
29262
5710
5811
10144
3107
2264
2991
2595
5117
5608
2552
2198
1601
814
7203
916
980
1127
1295
1189
1301
2190
3106
2102
733
3617
3064
1973
1663
1541
2577
1670
1940
3583
4920
7418
2339
898
2770
826
1635
1180
1487
2850
1388
1124
2278
2699
2212
2782
1047
3639
719
2643
724
7765
674
4497
695
2060
1292
717
1282
977
981
1040
1086
1084
1168
1827
1658
1497
683
1753
686
2213
707
3282
713
1973
713
1722
679
4517
957
1096
1456
1533
15165
1158
1263
1513
1517
2040
1094
963
666
2637
635
4943
639
4930
668
4326
681
1783
737
2679
937
1177
2266
1209
2181
1261
965
1917
1217
1622
1034
821
863
2235
845
1995
884
5010
864
5882
821
6440
3764
4529
1015
1192
1551
2009
1492
1094
2003
1475
2410
1019
1234
994
1492
6298
2673
2385
4019
2388
13443
2694
6291
4308
1910
2280
2456
1843
1464
990
5893
1022
1723
1443
1323
2266
1286
1262
1233
3340
1244
12106
9912
2353
3442
2327
4054
2382
4194
2147
1174
1762
2093
1242
1057
2178
1845
1192
3143
1300
4060
1221
2152
1982
7246
2238
3877
2129
4676
30967
1557
1926
3538
3704
1474
952
2003
1591
1954
1559
4194
2578
6765
3165
8705
1424
2599
5164
2836
1574
1193
5881
29401
2189
2872
1040
14654
4766
6362
1941
1211
1115
1870
1445
3814
1173
2057
1596
3911
755
4416
10970
11309
2794
1500
2400
3917
2880
3658
3478
7445
2617
1314
1239
1265
2103
1071
1132
1398
2774
12390
2971
2465
839
1395
1408
6868
3821
2550
7984
2355
4536
2788
2461
4281
10062
1710
1025
1766
1886
3415
1286
1771
897
4519
1006
789
2287
1350
3217
4913
4493
6570
3828
7049
8385
2073
3487
3112
1953
2272
837
1144
1504
2066
1872
3169
1110
1025
955
697
921
5358
4356
3879
1195
4263
1736
3377
3229
2390
2974
2999
549
1265
1167
5877
816
4672
909
1345
1522
1685
2376
1840
830
13544
1299
5766
1753
24977
2543
3973
4066
2541
3684
3843
2975
6298
1096
1718
987
19433
1167
1288
5001
1393
2211
2285
1145
3790
1986
3855
2310
2796
2342
6776
7374
2932
6123
11133
1694
2232
2911
1160
971
1187
1334
1074
994
1243
1202
1459
812
4289
2188
3028
1347
4909
1583
2131
2491
3829
23718
1510
3204
906
1156
3157
6041
2431
1836
1270
1131
1057
1337
11561
1045
3390
2475
3108
4530
3655
2081
1828
3075
2569
2024
7235
27371
829
1147
1214
902
1556
788
820
1324
905
835
7363
786
2664
9033
1645
1281
3996
3959
15034
2260
8639
5264
2994
4229
1591
901
2281
833
802
1138
1166
770
705
2957
3884
1308
4067
1135
2949
1308
3940
938
1891
2921
6446
1124
13582
699
898
1140
3637
3884
1475
1447
2306
3983
996
3390
899
1063
1403
2020
4571
1442
24065
2010
4596
1920
2729
1412
2059
1732
782
1301
1386
929
1619
1000
826
1120
1548
859
1728
1026
4832
2449
4332
3629
19692
14222
1895
1554
3453
2657
4984
1668
2639
1383
2850
1235
3354
1112
838
1464
1912
811
786
2903
7695
3763
5065
2804
4512
1849
4296
5261
6122
2059
4440
2513
2110
1524
746
1359
1247
1201
1490
1166
1415
2758
1045
1576
36429
22849
2661
4040
6132
1526
4833
9509
1921
2835
5280
3323
1810
1297
4636
1171
1060
798
993
2076
911
718
806
875
3385
1131
3843
3948
5429
3068
9453
3643
1545
2528
2687
2430
2197
1253
2194
1385
1271
1125
1718
1110
1004
820
1709
953
1050
1759
5191
6550
1862
1570
3398
2217
4437
2084
1784
2278
1218
1093
1551
959
1642
973
1864
782
8458
694
666
959
3732
2277
6248
1069
1092
1592
2482
4502
1734
1165
2531
3372
2150
3566
2387
936
999
968
1429
1460
2279
1377
1257
1141
2454
937
5501
2017
9926
1896
17190
4160
6984
3465
4596
1730
4568
1132
1938
1383
1005
1534
3144
3590
2135
3212
2201
772
7207
3444
41689
2672
10395
3481
4517
2405
2924
2667
3937
977
830
911
2893
1053
1582
1014
1535
1642
1181
1210
1583
750
1681
3186
4391
1971
6046
1600
4259
1817
4372
2367
2648
1328
824
688
1512
942
4592
1713
1498
824
1752
1555
1175
1132
3005
1331
2295
1622
6287
3797
5028
1574
1642
1542
4002
869
1134
1845
1085
2203
1858
1735
3907
751
1432
1135
943
1023
2892
6235
9893
5913
1899
1456
1764
2359
1882
7145
1852
7506
983
996
1446
1076
925
854
1560
871
1640
2046
5810
3437
6750
2010
6334
1735
3831
2468
5700
23900
10580
6035
4193
1649
786
883
752
972
3431
701
3314
1243
1730
1264
994
971
2461
1662
8596
2145
4015
2313
3024
2007
4455
1737
1740
5416
2120
2195
1322
1498
934
1476
1662
1657
5552
1529
1766
1438
7503
1383
3713
1059
4243
520
1624
3325
25002
4101
4986
2070
2481
1264
1238
1081
4735
1480
2122
889
2590
4588
3170
1392
2377
3468
18201
2478
6061
10069
1965
4764
2835
1775
1703
1215
841
3576
909
969
1346
1580
1040
1894
1626
2574
723
1061
4686
2151
1471
4514
5951
1574
2763
1766
3532
1311
1778
2571
1115
1812
1266
1263
1097
798
1573
2308
1480
1127
5165
687
777
5691
4878
1188
2281
2556
1995
2869
3464
1925
2033
4974
1674
7350
1413
894
1908
1210
1124
2137
1759
960
1349
2226
1648
3097
3270
2881
4052
2585
1082
1866
2763
3761
1959
20832
3583
889
1212
1631
1183
1173
985
1499
806
5320
1023
1115
4101
3241
3177
2979
2657
3641
2997
10788
1475
3008
2036
3894
1562
876
2169
2500
1646
822
1022
1755
788
1514
1397
1336
1924
5284
2326
1107
5157
5353
6266
2385
4703
2001
5067
1591
1892
1285
2049
2419
2717
1368
2427
913
1934
1319
2735
2775
908
1331
13177
1692
2510
4050
1592
1191
3161
2694
4793
5156
1141
11913
1399
6156
1913
1043
6992
1487
926
1167
21906
2320
2071
10450
1615
4347
2875
2286
4062
1700
3584
1796
2011
4960
853
940
2845
2914
2708
1206
1810
961
2602
1116
1441
1756
1916
1101
1730
4738
3273
2038
4103
2091
6260
2025
4212
3050
20642
1132
1150
2424
2617
1277
3838
1216
3024
1290
1645
1913
2886
2015
4034
11163
3746
2053
3928
2211
1921
5586
4602
1293
1401
1728
2683
1163
1670
2087
2340
2097
1101
1132
2462
1078
780
2281
4336
3983
2040
1326
2817
1414
2223
13861
6745
15939
2654
1026
2406
860
741
970
3232
1937
768
1272
1586
1700
5327
3865
1666
4055
2934
5684
3259
3065
6949
2687
2121
2515
1540
869
1469
1776
1134
1083
894
894
1394
960
1890
1111
10243
3280
4641
628
19947
1488
10838
2175
33563
1396
6321
886
866
1693
888
1473
1422
3580
3159
1182
1355
1060
1592
947
5162
1412
1684
2623
6478
1409
11798
1137
3199
2574
11101
1552
1675
912
1062
778
919
2237
995
807
1980
3079
1793
1156
796
1726
2331
6210
2290
1990
3609
1954
5129
1924
11155
3855
1083
1277
2290
781
2265
1034
2358
773
704
1675
1089
860
6658
3377
1744
2535
9649
2568
2712
4674
2096
4533
10405
1993
1488
1223
1454
988
2137
4577
3447
820
2103
2794
4603
1712
2289
10096
6362
1476
7691
3301
2496
6659
20141
4277
2157
2977
1696
1543
2852
3323
1296
2573
2742
1054
1014
934
758
1263
1124
3520
5939
1675
2769
3374
1815
1974
7789
4653
5131
4287
2588
3628
2344
979
2179
886
1505
1190
2539
1206
2373
2327
886
2539
4363
2093
2343
8741
6501
11378
3971
2705
1534
5051
1565
1485
1043
777
773
964
881
1166
1006
1143
1147
751
1264
5268
3761
6453
8531
4441
2323
2408
1216
2229
4901
1516
1147
1631
1432
1169
3817
3301
1229
2316
2453
1271
3161
1709
4397
1790
2498
2657
2397
7261
2733
9540
6972
7616
15768
3291
1288
1628
1560
1171
889
2170
3340
1102
988
818
867
1532
4798
17537
2156
1295
9025
17845
4436
2990
3122
2058
12781
2096
2051
1100
6641
1305
1557
1977
2199
991
1586
1263
1414
932
833
1952
2327
2025
6732
1546
3083
7170
8830
1735
2937
2765
1919
859
1711
970
3029
1697
2219
3799
1296
1072
1062
2189
2964
9655
8775
3595
5029
2413
1820
5690
3847
4175
12612
1159
1974
975
2477
1315
1017
3796
18149
1462
1150
944
1857
1068
3941
4036
2239
2448
2211
3246
1460
2231
1138
2347
7059
8671
962
845
1647
1750
1504
1464
3857
988
1415
972
3390
694
1246
1509
6511
1574
847
2687
951
2522
1341
9861
4020
4592
1229
866
1270
834
929
906
779
1104
728
992
1487
1107
923
2777
2069
1839
2006
1763
2561
2031
5030
3808
8468
1326
1116
1854
2632
1442
1771
3023
4399
1772
1171
1346
5377
2627
1118
2075
5065
8762
1382
3166
4169
2647
4262
1803
5004
2557
2231
2263
1765
1326
11118
1206
3308
2746
1791
2219
3342
1912
13158
1653
6698
5895
2399
2522
1890
1447
1379
2077
4232
1056
2563
1878
3704
1209
1023
2059
1716
1661
1838
4228
2180
1659
2747
2627
1616
2187
2994
3888
3070
5229
5281
4811
3624
3624
3170
1080
16939
1576
1933
1780
2103
1362
1116
1924
1324
1145
864
1724
1830
6181
1989
3953
3219
6816
1413
2107
2054
5081
1630
1550
4190
942
1354
696
1267
1700
2274
1749
807
942
2228
4113
1074
1605
1613
1472
4117
2190
1764
4359
2203
3193
664
775
1146
995
1646
887
940
810
8541
1001
765
3451
24170
4742
3260
3876
7948
1939
39674
1525
1521
1316
1492
2269
1072
736
835
795
3920
1547
1313
3610
982
1003
2224
803
2548
6393
2625
3018
5556
1882
1655
5678
9512
10726
7153
13007
2097
4516
2916
1421
1344
1375
3434
1543
2128
1081
1978
7176
810
2233
3328
2507
2538
1869
3396
1414
1441
979
757
2550
4964
1268
2434
4175
3032
2092
977
1078
1348
1786
1555
1011
6424
1348
2839
2084
2932
1361
2419
2929
4497
1347
1469
3398
1405
1209
2639
1415
1517
847
3599
2241
1235
797
994
1333
1227
1555
1214
3174
2878
1509
4815
2607
2032
918
3098
1285
819
866
1543
1213
1515
1717
1878
965
1125
1318
1471
1408
1133
1532
3621
2215
4171
1335
1074
1337
1881
8026
5902
1497
1465
3242
1423
1086
1304
1195
2358
1613
3029
4444
1179
1541
832
1201
1966
3318
1312
1659
1568
1428
1303
3543
1933
2192
1433
1016
5813
2706
1679
862
1099
2808
2313
1152
3409
862
3954
1667
2838
2520
2667
1758
1920
1851
1449
2726
2004
3095
1153
994
4405
855
1945
1064
1828
1542
4935
1262
899
965
12124
3595
20872
1300
8702
1424
2668
2930
1972
1423
2726
2866
1979
1752
2706
2252
1068
1353
1797
2185
7603
1565
10370
5219
2419
3151
3178
1912
8321
7065
4557
1752
1955
2610
2574
1254
2392
1882
825
1545
2742
1580
1488
2738
10816
1960
2751
1041
949
3348
4514
2310
3637
1360
1273
1152
3080
3007
3860
1341
1411
1444
2496
1421
1332
3152
1853
1187
1335
2978
3041
2145
4004
1731
1117
5623
2332
2437
4131
6434
2370
2810
1562
2378
13448
2768
1050
1246
2203
1008
3616
1371
1803
3099
1260
696
3139
1726
3540
14621
4337
2109
2446
1197
2752
1213
1296
2288
2241
1302
1769
1228
2295
1553
911
949
968
1017
1364
855
3967
2642
5771
1199
6211
3099
8888
4597
2322
2829
5519
1013
1664
1469
1207
1645
877
1110
1115
1278
884
1144
1045
792
838
1836
853
5510
1927
7240
1668
3040
1616
3414
1907
1578
2345
991
1007
2122
2478
888
1010
1524
2446
1688
1140
741
5497
3309
4718
5756
1121
4051
4766
3268
1576
1559
1914
3349
1879
4584
7640
1703
7130
1070
1739
1568
18663
3637
7169
1315
2541
1428
1292
2963
14940
2258
2625
2216
3364
1582
2991
1303
3383
1803
10044
1597
1839
903
4707
1487
2487
1045
5884
2454
3294
2490
2466
1451
1073
5186
2368
1833
1526
1688
1614
1182
1533
1188
1378
1395
1624
1384
1351
936
1322
2788
3322
1266
949
1190
1086
1674
1195
2228
2523
1592
3912
5202
2690
15029
1042
6135
883
1605
11219
957
3251
1436
3575
1314
1879
813
4586
1164
3714
2752
1293
3428
976
1470
1353
1306
1890
1808
1558
748
1276
1052
1573
795
992
807
1083
838
945
812
3861
2241
1272
2095
1680
2716
2585
1640
2705
2311
1575
4740
1203
839
1634
1417
2559
655
1376
1833
1141
1978
803
1837
7240
5735
1282
2589
1506
4090
1326
1626
1234
2221
1020
1558
1010
779
1475
842
1224
2288
754
963
775
1036
1179
716
890
2629
2576
1519
2322
2223
1968
1233
2534
1377
6556
1244
2191
1448
2236
5440
2139
1393
2254
997
3480
7054
3777
881
3695
2315
2873
2288
2473
7239
3995
4289
4255
1724
4098
2278
1225
988
1167
1233
4477
1659
4337
1855
1583
1839
2370
1148
2449
1981
2119
2132
10548
1544
3350
2128
9926
23008
3131
2028
2106
4020
15176
1374
1474
912
2018
689
1479
1972
2453
661
1019
3841
8317
1988
19930
5323
1391
3292
2703
1119
2248
2058
1810
993
3654
2152
2177
904
3471
839
1323
1993
1620
2295
855
3027
2152
1273
1733
1183
3545
1989
3789
1162
1734
3314
1171
1067
3084
1169
2545
1088
4046
776
1039
757
1444
1122
907
1111
1464
5548
1414
1517
4590
1907
2649
2599
1758
2791
1483
960
3936
1769
2079
975
2398
1697
1082
1304
1323
824
2492
1933
7816
7943
1198
2581
1417
1718
1358
2913
1325
2266
1584
1050
2524
2492
7195
1550
3965
787
2337
796
1215
971
3478
3089
5043
11562
3249
2207
4190
1230
2615
6745
3648
2027
2643
2520
4240
1256
962
789
960
1264
1661
934
2509
711
836
4591
4586
1203
2903
11052
21019
2448
3892
1142
4096
1181
4283
1518
1637
1247
2086
1122
1978
1298
5622
3354
4931
2334
12713
1448
2162
1336
2915
3626
1458
3055
4598
1183
2823
1018
1307
1809
2836
2326
4943
2976
1601
2709
1767
1543
8507
9702
2959
1243
3324
3526
3865
6760
8426
11635
13832
1733
1491
1472
7720
965
2228
2003
1646
1350
2981
1837
4581
1349
5310
1111
1420
1916
6965
1789
21542
1985
3432
2342
2114
1485
1815
928
1361
891
1058
809
1965
1201
3408
878
2754
1043
1535
1776
848
1454
1875
1303
1956
2196
2958
1687
1170
1710
4648
2289
2258
1378
2564
840
1027
1908
1378
1217
1501
901
2933
2333
2328
5541
4076
4871
1607
1786
2061
2271
1895
3564
1090
3352
1685
838
1334
1795
1098
960
1776
966
1758
897
929
684
6356
2258
2864
749
2618
1284
1878
5791
4539
2600
1769
1057
3487
1888
5972
3348
1565
1722
1367
1388
2157
1462
3133
1008
4488
16142
19295
1439
4270
3972
2779
1041
1766
1349
967
991
2032
1606
3495
829
2445
1083
2058
2645
4254
1138
2124
1850
1862
1271
1199
1330
3608
5630
2104
1217
1812
1825
1099
1179
3127
1085
1909
960
1826
1212
1026
908
1820
1313
2543
1630
3849
1584
1724
1726
2288
1385
1579
1131
36058
1856
4144
1251
1018
1182
2521
1044
1488
1197
1045
1199
1532
1309
1060
866
1417
1898
5144
1482
1259
1980
2939
1049
1354
1676
1550
1171
957
825
1794
1651
1302
754
799
1112
706
703
1789
1236
1230
824
4270
3581
2213
1274
1722
1701
2883
3054
1129
913
1084
903
2194
1606
1756
874
6391
1314
1107
912
897
932
756
1791
1477
1356
975
1280
7565
7227
5633
2383
3272
2485
3913
882
1021
735
1663
2901
2180
1566
955
778
1059
952
1752
3514
1613
4923
2713
2693
2536
1846
4537
1058
3743
2746
2237
2691
1354
1212
2441
949
1381
6740
6031
2505
1167
937
1842
2469
5051
1106
2631
3153
13087
3147
2199
1832
2538
1607
2325
1785
7016
1945
1800
1128
2647
2684
4330
1826
1305
1856
3445
2117
3667
1900
3319
5483
4890
1265
2085
1627
2891
1456
1082
1065
5718
4115
2466
1542
3498
789
2406
800
1734
966
1864
1442
1536
1566
3160
2517
1933
3668
1377
1614
2465
1709
1115
1847
7058
1116
17882
1496
2251
1282
978
814
2034
1558
1958
909
2372
1848
1397
2248
3726
3310
2557
1549
1406
1394
830
1557
3583
3627
3287
2407
1390
741
694
1534
668
685
608
1846
971
1869
1548
1161
1776
1512
1612
1988
2348
1099
1628
1310
1239
900
3567
1338
1045
1032
1103
3134
3474
1082
1575
2781
1259
4003
2351
6786
2294
1217
1299
3278
2563
10412
1530
1298
1751
851
1615
1329
2520
1184
2639
992
1458
1341
863
4048
3303
8080
5217
2402
1585
1384
2185
1913
2530
1353
1358
1492
3278
2253
1558
2474
4846
2720
1304
1096
2773
1971
4917
1671
13054
2828
3535
2497
4011
1064
12404
1529
2756
1688
1480
1440
5283
1396
3696
1379
2166
1142
4055
1106
1960
1263
12491
3629
2154
2252
2799
1670
1543
1592
2136
1219
1635
1353
2258
2626
2918
5015
9503
791
12413
1612
1974
1481
2207
5524
3072
1789
2169
981
1659
1446
2375
3267
7057
1346
1975
3816
4097
1117
3300
825
4371
12854
1464
2687
2350
1227
938
1202
759
1020
1574
4116
2864
1903
3158
1174
1933
2944
8224
1754
1659
1087
1908
1551
2199
914
1152
1832
2060
1465
2544
1896
1281
2507
3027
1664
2400
2079
2478
1886
2694
3963
2886
7254
2393
1008
3205
712
2403
791
4612
2157
1316
1377
2492
1159
26094
3126
1321
1841
4096
3635
2153
2075
2857
1497
1258
1357
1736
927
824
825
2295
1032
2059
852
1694
987
2585
1461
18134
6884
2171
1734
2418
1413
7042
2284
1309
892
2156
1530
3051
2461
2263
1900
8033
912
4382
2336
3137
1158
1605
1275
2047
1752
2418
1842
9135
2731
1835
1894
1867
1004
1038
6757
5139
4138
3458
1753
2923
17306
3616
2397
1510
2562
1778
5190
4051
1454
1166
1219
1400
4522
1083
1069
2536
1431
1816
1552
2013
1311
3769
1423
3311
1589
1535
1093
1307
1394
1685
5344
5556
1427
1666
2323
3576
1461
1462
2448
2752
1072
1769
2314
7066
818
1785
1071
2147
2597
10862
1057
2529
1021
1491
2555
3107
1406
2740
41123
1366
929
2984
4905
1136
1361
3949
1403
3332
982
2322
1092
3442
2587
3905
1219
3467
1706
4205
790
1212
3305
3412
1914
17095
11861
3013
1877
1007
1029
1117
2721
2050
1154
1131
1342
3497
2148
2539
1148
2725
5653
2009
1981
694
1553
2268
2239
3225
1899
3907
4976
2766
2211
1613
4525
3043
1184
2061
1514
11895
1879
1228
1637
1024
984
1323
1828
3536
3885
5737
1260
1165
1022
6063
1345
1370
3327
1553
3601
5897
1043
3743
1340
26856
1546
1690
1077
2648
1733
2886
2248
5576
1914
1000
1416
1056
1545
2836
3947
4756
16927
4882
2665
4937
880
5611
7664
10302
1135
2631
1328
3533
4983
5854
1884
5300
3018
2565
1223
2140
974
2278
2225
2103
1662
2266
1754
6384
1107
3703
1064
2215
1502
2812
1302
1409
1688
2122
2141
2395
1393
894
2386
4289
1242
1147
1056
1137
1817
3039
1678
2660
1241
2045
1152
1176
867
5918
1546
1072
1363
6182
972
1763
1789
2151
1835
3163
2778
4417
1279
1817
2048
2581
1324
1856
851
2706
1303
1654
1252
1334
889
1160
1972
4397
1162
1231
1221
5416
4202
2425
3211
3661
1368
2057
3040
2653
2508
3095
2820
3122
988
5198
1075
1830
2103
2233
902
17813
2468
1772
1834
2986
5249
1168
1838
3521
2458
4281
1603
3882
3015
1619
2359
3472
6829
2507
1661
1838
1267
1927
4245
11102
1013
5340
1395
4790
4538
1965
1284
2054
1973
5320
1931
3175
1599
2233
1583
8661
1475
1484
1512
3685
1693
3427
3906
17429
5054
3652
2796
3588
1571
2051
1633
5386
1103
2293
1334
7180
1510
8624
2283
3013
2848
3347
2220
4325
1938
4353
3384
5672
3189
5891
5033
1983
5557
3855
1330
2946
1548
1324
1298
7476
1955
2480
3033
3126
1783
8800
1632
4105
5603
3493
1669
5820
733
836
3795
1811
2090
9807
2092
3146
1662
2371
3051
5057
1204
13479
1262
2090
1490
1646
1030
1555
1509
2029
2025
2012
1319
1018
1542
2100
2709
1170
1869
2425
1546
3498
1569
4010
955
1066
1878
2226
2405
3004
1013
2440
2030
1583
1277
2785
1483
2743
1715
1594
1230
3088
2943
2553
2076
6091
3882
1334
2176
2004
2895
5385
2101
3388
1728
1302
2250
1846
1258
1330
2276
2018
1682
2031
2915
1227
2363
1809
1993
1840
3393
6218
3074
2486
1216
2458
1223
1717
1306
10169
1755
3823
1461
2177
1417
861
1484
2352
1814
1964
1185
1495
1570
5318
1461
3651
3048
7811
1856
6903
1788
4946
1792
2768
1383
6131
2265
2997
976
1578
1628
3520
2838
1412
1592
1298
2407
2823
1395
8101
2234
26509
21106
6526
12158
3685
1696
3286
1477
3269
2054
3517
1984
1477
1401
1110
997
3526
1893
1376
1611
6170
2049
3329
1922
3730
3435
5136
2180
1928
2663
2837
2408
2727
2407
6688
1909
2850
1514
5061
957
3111
1190
1259
5874
2292
1916
1498
1856
3392
1143
9770
1225
5031
1704
3118
2792
5702
1360
1289
1053
795
1046
1805
7889
4332
1584
2237
1129
2316
2121
1571
2421
17662
7510
12047
803
1947
1561
3572
2530
2420
1085
10119
1276
2965
1145
6312
2111
8021
1621
1087
1705
2260
1515
1962
2170
4317
1154
1468
997
1798
1326
2378
1332
2261
1402
1672
2793
2485
1053
1886
1714
1266
2168
2043
3137
3297
3256
1672
994
1904
586
725
769
755
1735
2358
4325
