3850
8272
1537
1486
1069
4029
3517
21303
1881
1652
5920
1743
3480
7756
1171
1603
2750
7086
4087
2471
5655
2019
1226
2448
1695
1347
1941
1570
2807
1758
732
2325
1288
3180
1148
2561
1088
1107
1751
1504
1243
4706
1381
2700
3149
1544
1198
1256
2273
3386
1042
1223
1835
2154
1071
2022
1576
2482
5319
1853
1474
1615
1250
3432
1982
2705
17588
1826
2508
1157
1690
1194
1482
2853
1462
2397
1583
2250
1278
1858
1301
1449
921
984
2040
1483
1713
1426
1073
1315
1982
2879
727
2295
1577
1262
917
977
1838
1300
3041
1239
1068
3981
1733
1753
2817
17277
5349
2114
8934
11284
1446
2205
4212
1113
1833
1666
2862
1431
1395
1934
12694
1450
1774
1273
1373
1327
1388
3941
2256
1491
1335
1583
2930
1358
3523
12068
1120
2814
4051
2541
2450
1521
1363
1646
1290
2433
4217
1147
4858
1379
4149
1829
1341
3490
2521
2833
1481
1532
1624
1023
1467
2288
1673
3328
1591
1659
3020
2063
2287
8766
1825
2606
2864
1757
1257
1504
1239
2658
963
1002
2970
2163
1721
8429
1774
1385
4744
1480
1498
1672
1068
1769
1016
1464
806
1829
757
3605
776
2142
1191
2729
835
3755
7428
3852
4879
5576
7101
2794
1204
2950
3524
3516
2039
3028
764
4124
913
7379
905
2770
799
1867
778
2211
760
1595
1455
6018
9409
6578
1456
8881
14420
1284
1872
2367
4434
3652
847
1257
902
1028
861
3834
846
1702
901
1896
788
1204
1053
3344
2392
4030
2635
2850
2165
1823
1364
3831
752
2263
906
3092
822
3489
754
1672
840
2499
829
3280
1012
3504
3301
1393
3348
2758
1756
1522
1316
1002
2824
993
1109
1422
1320
3544
1578
1075
1718
3068
1362
2012
1094
1364
936
1401
3734
2083
3007
2561
2293
1509
2901
1086
3005
1574
1712
3695
1037
5628
1938
1252
954
3288
824
1919
990
1979
1299
1706
1504
1908
2414
1533
1789
1771
5336
1103
1573
2972
1656
3214
952
5779
955
3051
903
2401
821
1996
854
2755
804
1907
1205
1424
6319
3334
2076
1664
2669
1010
1205
1642
3190
4037
864
1955
744
2876
792
1341
730
2623
833
2637
748
1933
1616
5302
1551
2238
1435
1548
1628
1612
5757
1295
1395
1151
820
1416
835
1963
677
1065
694
973
744
1456
767
2693
1596
1766
3764
1338
1557
1332
3171
1616
2106
1311
2640
1264
796
2265
820
2525
3348
2306
749
1141
827
1410
851
1740
1469
1227
1659
1555
2375
2078
1559
2046
1553
1687
1648
1512
716
2022
748
1578
769
4845
812
4764
839
816
1600
4563
1310
1046
5502
2460
1274
1984
1740
1607
762
647
1397
2746
2387
2084
2093
3304
1769
3619
2131
1039
1162
1412
2646
2328
3072
859
2372
1409
1163
1195
1810
1082
1385
1711
1679
1122
833
4977
2614
1525
2382
1845
1378
1915
4142
2583
2265
1367
1428
1418
3499
1013
1015
1423
2196
1393
1065
1686
2113
1548
2770
3858
2314
1915
2390
6404
3849
5141
2091
1470
3302
1892
1478
1312
3650
1996
2788
3288
1975
2130
1320
1078
1610
3600
2485
1401
1198
1462
1397
1765
1686
4176
6501
2897
1380
1406
955
1601
978
2643
2502
10126
5464
4517
1129
1024
1442
1425
1133
2442
2971
1857
1922
3288
2417
3140
3548
3612
1180
1557
1401
4109
3928
2463
1897
6824
1797
2155
979
1467
1917
1607
818
1652
2274
1307
2832
2285
3729
5425
1519
1456
1237
1902
1276
1056
1185
1043
1016
2731
1188
1025
3367
678
710
785
1013
1133
1104
1720
2638
2591
924
1200
1279
3563
4726
1257
949
2080
1061
3490
11879
1160
1792
1443
1473
10594
6068
4381
6572
2317
1041
1733
1244
2213
1419
1690
1495
1123
1321
1396
1767
1628
1080
968
3017
1419
1530
1113
2696
1589
3893
3835
1239
1610
2253
2300
1402
3297
950
1434
3635
1563
1295
2024
1711
991
931
750
1080
1031
2116
2458
1014
849
804
655
829
2130
1807
1916
2393
1316
1224
1888
1275
2064
1744
2057
2548
1208
1536
1346
1771
1409
2159
1722
2162
871
1671
1736
2422
5980
943
2177
1391
2980
2254
1689
2388
2096
3039
1987
1521
2526
1292
2570
874
1348
1135
1362
1096
1120
1763
1276
1981
2956
1674
4601
1186
1750
1478
1615
1576
1539
888
1653
1257
1414
2787
1200
1698
1395
2271
1177
894
1514
2342
1849
2472
1366
5087
4032
1670
6378
2311
2671
2584
3247
4473
2234
3319
1456
2705
1641
3259
2976
4169
1855
5723
2997
1406
1580
939
2109
1197
3030
1274
2319
1351
1195
1468
2580
2208
1274
1284
1197
1604
1411
1465
1297
1068
1643
6495
2530
3445
1266
1790
2441
1413
4166
2417
4670
1682
1794
3551
1497
1545
2123
1762
954
2427
2230
4646
2746
1794
1361
6092
1643
3210
1240
1907
2331
1808
1896
4955
2938
1401
2965
2720
1852
5358
6638
4410
1541
1487
1344
1593
1884
2364
1225
1603
2361
2193
4053
1999
2624
3967
2073
2245
3769
1910
1412
3079
1667
2045
2506
1365
1667
1155
1975
770
1902
1820
1531
804
1447
930
1373
1300
3106
3899
3558
8441
1563
1839
1204
1952
3952
2863
1700
4156
2430
2173
4255
1109
1606
1756
1575
1520
3449
741
2008
1290
7357
1140
3233
2504
1579
1069
1489
2597
1845
1410
1887
1901
1599
1602
3089
1103
1482
1869
2262
1757
1174
2198
3366
2259
1893
3801
4944
4145
1424
1920
1300
1867
1462
1645
2604
4078
1327
3455
4925
2054
717
3752
1120
2132
2385
3839
2750
2440
3917
938
2875
2229
2957
2918
1615
1392
1719
2814
999
902
1353
2616
1000
1619
923
2175
1288
1636
2410
1338
1076
790
1688
1780
1793
1209
4047
2295
3085
2186
2469
7342
6512
1708
1223
1388
2046
2919
1354
2185
2192
2909
1954
1237
961
1128
1795
2296
1358
1169
1800
5631
6831
5054
3000
3392
2522
2746
1847
1802
959
1038
1617
4866
1518
1965
4636
2026
2580
3391
3302
1089
1347
2207
2463
1151
2217
2695
2482
3817
1860
1435
1316
4885
2824
2207
2726
1982
1756
2765
2270
4009
1661
1102
1652
2264
1685
1066
2316
1202
1873
7367
2215
4630
2627
3601
2287
2472
1396
1080
3747
1199
1466
1797
2004
1451
1153
1371
2758
2863
1283
6741
2464
1724
2057
5911
1770
1526
10204
1418
1578
800
1500
1175
1209
1233
4068
3355
1380
1630
1546
2110
1397
3696
3892
1537
2245
1329
3097
2325
10332
1778
1323
989
828
2168
1112
1178
993
1230
1380
1230
2762
1794
3141
1007
1698
1518
1970
1667
1432
1182
2328
2474
1331
1059
996
1286
1464
2541
2578
2425
1128
1468
12733
9769
1471
2064
1461
1770
1574
1815
2482
1847
1814
922
6430
1358
1302
6379
1982
1975
967
1819
2317
8202
3185
1510
2418
4081
1793
1551
1200
1703
2880
1940
1250
1677
2262
4380
2238
2967
5178
4169
2557
2658
1029
2334
2152
5097
1316
4325
2490
1460
1353
837
1254
2931
2068
3317
1980
2022
1341
1789
1510
2440
1917
2509
1712
1052
2046
2107
1813
2042
1826
2717
1257
1736
4515
1838
2250
1585
2100
2430
1560
2108
3755
3420
1349
1265
3023
1069
1645
1202
3050
12015
5986
3792
1863
2441
1612
2391
2666
912
2763
1237
1398
1110
2825
1598
1572
3116
3013
8840
2077
2057
3880
1004
1400
2030
2253
1717
1825
1718
1898
1272
1592
1678
1965
876
1169
1175
1228
1513
1664
2382
2558
2541
2890
4518
4031
2796
2294
1225
1041
3277
2771
3033
1594
1290
1959
1557
1881
1151
2230
2111
7994
1721
2980
2169
2910
1457
2996
1861
4107
3200
1473
2093
2520
4189
1353
1227
2190
1063
1206
2475
1814
2652
1639
1579
1683
1740
1927
1721
3212
1619
1833
2489
1038
1404
1296
2079
1010
1311
1297
1060
1778
1806
3154
3284
2601
2882
1314
1641
1905
2592
2440
1364
1545
1487
1614
2664
2684
2897
3772
876
1335
2404
1541
2262
1837
2410
1938
1774
4358
801
1620
5133
2340
3136
4713
1679
1198
1774
1877
1831
1364
5813
1559
2158
1815
869
1148
1627
2769
6440
1708
1364
5490
2096
2361
3162
7866
2356
1508
7879
5781
2571
1567
3400
2008
1715
2746
1675
1558
3141
1325
2196
1948
995
2040
1635
1223
979
1591
1445
2008
3902
1465
1793
1271
1325
2058
1425
1598
990
1552
1335
2071
2295
1885
1093
2523
2145
2534
2074
2030
1466
4090
1357
2362
1928
1119
2270
2603
2185
2407
2090
1253
1829
1301
1491
1165
1527
1520
2598
1613
5394
2313
1266
914
943
1328
6427
2239
2413
2085
2318
3444
2389
1574
1760
1791
1191
2903
2804
971
2068
1447
2017
1550
1694
1475
1406
2575
2309
1903
2335
3542
1427
2254
2136
4029
1378
3143
1763
2081
2643
2011
1163
5099
3339
1511
1913
1199
2264
1728
1695
2018
1621
2675
2200
1908
3820
2011
1799
2776
1498
3171
1071
1356
4735
2030
1802
3048
1914
1413
2788
2936
1604
1337
1402
1539
994
1004
1790
1095
1869
2129
1256
6359
2517
2277
2441
1614
3757
1117
1039
1408
1517
998
1367
1459
2318
2063
2896
4399
1838
2229
2688
1248
1430
2144
2826
971
7985
1318
6128
3379
1989
1188
2036
1278
1782
1571
1261
991
1635
1750
1651
1051
3724
2609
2167
3751
921
1319
2186
2073
4232
4245
8727
1200
1752
1864
1830
1980
2727
2135
2041
1927
2643
1318
1827
2819
1184
2498
1889
3836
2294
1203
2392
2416
1585
1347
2138
1418
13282
1716
1513
2980
2017
4794
3164
1835
1812
1161
1456
4104
1223
1201
1659
2824
3540
15611
2472
2376
5227
5467
1395
1685
1250
2371
2829
2742
1080
3957
1715
1701
5382
1493
3742
1189
738
1378
2793
5182
1760
4968
12478
2211
1779
1656
1262
2622
4345
2760
2207
3303
1349
1953
3585
2097
1790
1170
1276
1209
2115
4066
1558
2819
1704
1827
1846
3789
1258
1609
1684
1573
2273
1113
1910
1535
2486
2289
1009
1252
2257
1461
5352
3679
1005
15559
1678
3085
2285
3426
4165
1436
2970
3330
1770
1441
1077
1287
1367
3010
3511
1459
1482
1862
1533
903
2061
1390
1955
2471
1899
1767
5951
1417
4884
3583
2856
2231
1100
2006
1994
1987
1607
2573
3591
1558
2778
955
1870
1242
3939
1700
804
2429
1391
2999
1262
1520
1816
1625
1783
4978
3746
4202
1312
1671
3128
1206
1339
1742
2194
1253
1956
3236
5374
3141
1006
5785
1128
7181
1428
1417
2306
3534
2233
2346
2989
3496
1968
2465
1622
1236
2226
2128
1025
1252
1392
1274
1353
1812
3461
10292
2210
2534
1823
2719
3574
1375
2623
1634
1535
1824
1382
4480
1540
1356
2215
2738
9248
6965
14160
1252
982
1539
1095
1468
913
1828
1098
922
1971
6191
4042
11554
5236
1532
3926
8499
2719
3079
3305
5412
2630
2055
2229
815
1316
2636
9780
1024
1679
2411
8018
1815
3270
3935
1872
1679
1589
1086
1119
968
1621
1224
5033
3964
1776
1023
2283
1040
3149
3197
5246
7310
1109
2608
3133
1958
2893
3139
1691
1260
1587
1978
1948
2748
1536
1833
2361
1098
1739
1162
2183
1813
6570
1256
7384
2638
2454
3171
9487
8813
7270
3326
2020
3293
5145
1207
1326
1554
10385
1573
5440
2306
925
1784
2280
4677
4089
1707
1366
2972
2553
1697
1352
951
3799
2065
1868
1776
2303
2678
1438
2523
2408
1413
9669
2771
1810
1529
1677
2627
1266
2411
825
1461
1581
2511
1595
2222
2873
1725
4446
5905
1818
4692
4443
737
2010
1242
1612
2250
1821
1377
1797
1497
2990
1187
7505
19683
3846
4831
2260
2363
2115
1107
1416
1466
1400
2400
1949
1879
2522
1531
1407
2674
3267
1924
1420
1365
1525
2600
1450
3655
981
2637
6306
3387
2159
1352
1865
1851
1674
1636
1770
1429
1550
2057
7605
1978
1933
1334
1447
1304
1808
5443
3972
1601
3493
1757
1774
1869
6959
1273
1097
2353
1195
1938
1566
1380
1242
1590
3004
2539
1406
1477
1696
1473
1236
1701
4002
6091
2642
1453
1694
1448
4021
1980
926
1820
2303
2614
864
2379
1986
2127
1781
2566
1700
1231
2086
1510
1961
2030
1853
4546
2311
1810
2348
2742
2562
3078
3076
1599
1636
2304
1224
1670
816
1185
1711
3790
4637
3046
1879
1737
2930
1501
1238
1815
1959
2683
1169
2238
2137
2427
2007
3032
814
1414
949
1113
1169
1491
1169
1880
1338
1804
2087
1317
3033
1560
3026
3604
4789
1284
6487
1317
1036
1628
1871
2387
1001
3066
1927
1683
1561
1774
1667
941
773
898
1865
3442
2182
1293
732
857
1299
1083
3295
1384
980
6440
1626
2152
1601
4111
3645
2243
2255
6452
1960
1097
1490
1329
2113
3346
1658
1503
2931
3003
2123
2960
1455
6182
2331
4109
4713
1761
3450
1310
1260
2051
1878
2002
2207
1093
2305
2407
2025
2097
1045
1255
1791
1672
1760
3426
2642
1540
984
2338
1982
2696
2366
1049
1249
2263
2817
1737
2081
1811
1795
1375
2415
4419
1584
1314
2654
1661
2109
4595
2590
2650
1368
3604
1281
1649
989
1441
1004
2567
857
797
1634
2109
1745
1352
3560
1088
1756
2950
3191
2292
1968
2240
2842
1732
1815
1482
1220
2363
4350
3688
1159
1420
1664
1890
1317
1892
3391
2049
1357
1456
1258
3281
2673
1683
6218
1312
4561
1777
1129
1780
1355
2517
4829
1568
962
2532
2018
3705
1894
1426
1441
1598
1625
1484
879
1854
1899
1289
1010
3592
3838
1593
1814
1468
2153
1480
7770
891
1061
2005
1317
1550
1331
1301
2652
1752
1488
971
1996
1578
1334
1550
3250
1377
2741
12256
3448
1063
1644
3027
1919
2424
1632
2545
1495
1061
1912
2226
1980
1863
1906
1929
1405
1166
1528
3043
874
2569
1101
2276
2183
1848
2523
1562
1574
1968
1231
2412
2501
1302
4401
1602
1255
2929
3363
1087
2567
953
1177
10825
1162
2329
1425
1759
4398
3389
2176
2342
1262
1911
1990
1970
3259
992
1292
2218
1805
2799
1909
2128
2332
2371
2380
1885
2219
1528
2470
1682
1504
1647
3158
2316
2448
1248
1241
1701
5454
1835
995
1658
1121
1577
2212
2920
4163
1015
962
2823
1746
4027
1301
4081
5687
2237
2615
6309
1281
2147
2698
1441
1210
11514
3000
3652
1404
2045
2053
2271
1477
2218
1485
3231
899
4568
1447
1999
2434
2178
3448
1668
1093
1499
855
2834
1602
1660
3450
3037
1329
1651
1186
1538
1777
1373
2575
2161
1516
2041
3943
1860
2823
1867
2263
2471
2311
2868
2442
1932
3388
4216
2344
1258
6171
9965
1755
2697
1394
2817
2581
3979
1371
1808
5310
1669
2065
2773
1307
2647
1171
1739
2091
1539
1619
1926
2003
3123
2370
2206
1160
2178
1349
1423
850
2634
2141
3280
1951
1540
3760
1550
2579
4271
1210
1805
3927
1121
3051
970
798
990
1046
1020
974
2620
7223
1743
775
3467
1617
1538
1018
1400
1284
1543
1286
2080
1633
995
1928
1001
1536
1059
1328
951
2378
5183
3007
1657
2068
12300
1293
1339
1085
1017
730
2562
706
5723
689
5496
826
1440
1289
1157
1374
1187
912
1425
1465
1103
1140
2473
3959
5936
871
2996
732
2052
702
2252
731
1884
684
2022
767
1937
1287
2301
1898
4686
1061
3637
2472
5425
1799
1778
982
1719
676
1683
768
3682
763
3265
684
3719
687
1618
745
2073
1116
1385
1521
2004
4757
1147
942
2181
4589
1856
1672
1733
1030
749
723
1294
820
3916
765
2422
788
2411
1746
2659
829
603
2127
1733
1376
3060
2397
1275
2360
1271
1369
1244
990
3474
1501
1731
2366
1728
7251
1757
2554
2903
1167
2294
1194
1678
1735
884
5002
1461
1392
1542
909
2730
1644
1082
843
2071
853
5432
2833
2092
2007
1840
1871
2038
2203
2790
1022
3606
3669
2396
1162
6033
2307
2222
3423
2522
2877
1542
1435
1657
2360
2302
1776
1597
1127
1390
1034
1361
1964
1265
2026
1256
2809
3710
1684
1474
5070
3457
5444
3727
1212
2564
1289
1895
1449
1547
3709
3362
5791
1650
807
1564
2005
1290
3331
3828
2042
1911
2181
2390
3171
2480
2764
4668
4071
1348
1899
6424
1381
1193
1331
1430
1265
2566
1357
2018
5394
2731
1438
1386
1073
3984
1148
1817
598
2075
849
969
2279
1564
1689
1784
3006
2234
1594
2863
1177
2038
1313
1621
2094
3508
3860
2143
3123
2502
2479
2960
1215
3411
12969
1814
997
3657
1025
2397
2960
3396
6016
2584
6438
9924
1301
1885
1357
1501
2770
1023
1605
1507
4607
3286
5028
954
1347
1325
807
1173
2092
1980
1030
1009
1658
1619
1565
2619
1094
4314
1735
1004
1389
1467
5906
828
3954
1830
1286
1509
703
1753
2147
1117
4483
2091
2715
1618
2793
2263
1634
1257
806
3310
2411
1289
6854
994
1042
1470
10998
1219
1225
4391
1998
3771
3884
1125
1481
2448
1069
2102
1074
1570
2425
5625
1815
1734
5405
2002
1172
4990
890
1075
943
1987
1246
1321
1114
1739
3108
1055
1039
1298
1156
1102
2001
1354
843
2017
1049
1145
935
1569
915
1053
1926
7083
2070
4256
2497
3432
972
1120
2954
1496
1272
1459
2116
1138
1686
1307
1262
2950
1567
2751
3951
9373
694
1295
1316
1127
1892
1547
1307
1740
741
1841
10359
1412
2350
1615
1101
1173
3026
2503
4210
1381
2202
2332
2269
1982
1146
957
2498
1105
724
1135
2208
1818
1217
1936
7192
2104
4587
970
2048
1595
1846
1142
1124
4160
2461
1719
2566
2078
934
912
2825
5605
2192
1542
2659
2390
1457
3767
1893
1921
1070
2178
2212
1440
774
1261
1289
2939
2174
1264
1120
1253
840
2394
1458
1519
2011
998
1656
1803
7163
1660
4834
2150
3924
1871
1606
3074
4963
3521
1430
1059
1798
2525
4444
2025
4550
2478
2099
1527
1525
1369
841
3357
2331
1241
918
5734
2850
3088
912
1179
932
1872
2192
4903
2904
1703
1799
1854
2597
3312
787
1216
2336
1786
2035
1931
1197
5481
1267
4018
933
1126
1407
3185
4425
1106
2084
4811
1118
2152
2011
2431
1669
1670
7847
2136
1272
2888
1497
4723
1112
1565
1440
1605
2561
1214
2170
2513
2338
1442
2825
1439
895
1687
1513
2062
7473
2495
3133
3091
2300
3548
2601
3132
1999
2000
2673
2068
869
1281
4574
4017
1254
1145
1718
1605
1779
1784
1189
1917
1418
2100
1917
1764
3239
2786
1355
1325
8269
1396
996
1254
2423
2333
2837
1216
776
2843
1392
2366
869
1090
1608
2272
1704
4961
2658
1028
1244
952
2215
1828
2110
1544
1864
1237
1573
892
1701
2524
3897
1290
3122
4136
2504
2035
1609
1558
1966
1326
1351
2576
984
2838
4107
9903
3153
3295
1981
800
4423
3799
1124
1467
2668
2486
1929
2219
2402
2673
1431
914
1272
1516
4110
2772
2277
1514
2130
1390
2011
1377
1578
941
763
2557
2471
1493
1468
2206
1555
1417
1390
1781
1919
1208
771
1022
1514
1578
2158
2264
1730
1751
2074
1736
1534
1591
1131
1578
1317
1259
2091
2069
1021
2496
857
1183
1781
818
2537
2842
940
2458
2712
2773
7000
2701
1103
1115
1050
2051
3027
2623
3875
6932
1535
1342
1445
2029
1273
3807
1223
5038
1946
2161
2872
2725
2300
1747
1301
2697
1519
4677
9153
11631
4222
1663
3139
1758
2268
1501
2468
2980
2319
2136
2345
1423
721
943
1596
2677
4495
1435
8558
2924
1641
2404
2165
1859
1363
1334
1805
1600
2434
1722
2017
1562
1184
1088
869
3057
2774
1409
1325
2217
1232
1387
1541
1952
4240
2319
1974
2128
5004
1308
2225
1679
2050
1574
1731
2972
6593
1841
1927
1847
1595
1784
2490
1657
8933
7590
2343
892
1587
2433
1896
1480
1187
2595
7578
2403
1408
1417
1013
4331
1170
1423
1404
1504
1142
13330
1063
2366
1804
911
899
8641
1653
2305
895
2097
1915
1530
839
1181
2221
1494
1287
1772
3850
1122
1094
1484
1164
3413
1376
1507
1415
1852
3362
2142
1837
2002
5496
1458
807
4090
7881
1169
1252
2277
1912
1231
1294
1194
1269
6101
1639
5840
2023
1386
1516
2810
1400
2516
2284
2134
1127
3532
1636
2479
2128
2020
2557
2743
1028
1581
1706
2485
1471
2840
4939
1790
2002
3021
1581
3506
2042
3798
736
6702
1292
1959
4027
2177
3508
2590
2683
2319
2192
1951
1784
1609
2101
2530
1893
2014
2282
1887
2394
2280
1689
3719
1093
2260
1667
2373
1817
11934
1678
1512
2310
2659
3010
1762
4208
1378
1776
1250
1716
1349
1910
3148
3005
1185
1996
845
2237
3452
3013
2295
761
1471
8687
3558
1302
2086
1541
1059
1832
1910
3291
2129
1148
2242
1340
5860
1684
1197
3059
2287
917
3632
7464
3723
1761
2821
1393
3588
1195
1885
2354
2122
1963
1408
5882
6499
900
1300
6223
2998
2603
3613
1996
1770
4443
3822
1240
3387
1115
1179
1286
1761
1691
2315
2248
1709
1525
1380
1998
4220
8720
1206
1442
8254
3466
2582
10551
2581
6142
3704
3155
5379
1720
1284
1508
4395
1260
1867
2507
1838
1721
4447
6459
1332
1166
1540
1825
1624
1550
3203
1958
1818
1194
2717
2166
950
790
1785
2760
2462
1466
1097
2141
1976
1520
2040
3272
1663
2520
1357
1938
2364
837
1006
2923
4120
867
1408
2112
4624
2523
2610
991
2390
1675
3165
1491
1864
4388
2448
1794
2512
1895
1424
1354
9494
2291
3566
1203
1211
1503
1628
2217
1775
6533
3734
3465
1142
2426
1619
1942
1594
14753
2341
2973
1524
2371
3052
896
3967
2362
5119
1548
1567
1828
1586
1918
969
1687
1397
876
2357
2370
1226
2910
894
3520
4111
2925
1592
2138
1907
1021
777
766
5309
1468
1059
2672
9743
3307
3913
711
1540
1872
3550
1767
1531
2017
1785
2907
1571
9841
1797
1619
1077
4603
1231
3519
3572
3622
2716
681
1467
1039
1281
2120
3641
2115
1652
5193
2541
1789
1456
953
1646
1574
1969
1560
2300
1508
1745
2197
8179
2488
1418
3162
2948
1340
2257
1717
1577
2225
1399
3775
2513
1348
3251
2726
2016
824
2167
1973
3089
1900
1303
1510
4379
2577
2412
1408
2031
977
1160
1084
2910
1541
1316
1625
2032
1046
1624
15926
1579
1931
3314
5422
8128
3025
1713
1169
1961
2140
1318
2620
5909
5940
5533
743
1789
3242
1771
2862
2584
2556
4277
1968
2496
1390
3409
1452
2197
1015
1510
833
1601
986
2181
1040
2156
1424
1285
871
2734
1858
7235
7657
2567
1058
1732
1308
2340
2100
1169
1271
1278
1211
1306
805
773
1037
1889
1495
1688
2160
2909
1410
1535
1477
1972
1480
5073
1305
7376
4508
3596
1172
1649
1282
1867
1808
2062
952
2273
4625
1769
879
859
798
2388
2772
3695
1228
1219
2339
3285
1956
1854
1698
3442
1032
1840
3352
1211
4331
1988
2237
1579
1124
1131
1540
2111
2271
911
668
1709
2202
1773
1582
1360
1334
3278
2629
1398
1783
3017
1462
896
1853
1155
1565
2235
2838
2767
1868
2029
1174
1203
1203
3119
2314
2773
3015
3316
1013
2366
2335
3360
1904
1941
2705
2186
2656
2077
1546
10739
11890
1243
962
1925
3099
3383
1744
3360
1790
1755
1564
3224
1102
1903
917
1846
2314
1778
1185
1160
2008
1714
1656
2866
3837
2142
2539
1562
2675
1135
1431
1194
3758
1296
1227
1867
1162
1861
1601
4772
2225
4500
1538
9479
2391
1039
835
1092
738
1350
686
1186
1436
2595
719
1574
1262
1640
1151
1497
1608
1564
1866
2432
3335
1164
1391
2802
1645
1428
1847
3268
3970
2239
1296
2358
6793
3892
832
1996
2690
3005
1256
1687
1485
1974
1089
1463
1704
1900
1279
2018
2102
1837
3210
2423
3166
3002
1160
2372
1904
3440
3397
2362
1518
2043
1122
1164
1200
1219
1178
1052
2145
1327
2116
1259
1553
1768
1100
1442
1401
2698
1232
2393
2432
1621
1527
1494
902
2029
2240
3808
1241
2957
2262
6289
2015
3347
5069
4502
6041
1482
1662
1325
1278
1394
1129
1687
1449
1315
722
1675
1127
6038
1171
996
1054
3090
1288
2062
1769
2540
1945
863
3733
1398
1418
1302
1227
1153
1175
1561
1040
1955
1301
1467
1069
1215
1185
1291
1502
1818
1187
3594
2286
3190
707
1924
1780
5688
3990
1848
859
3772
15644
2076
938
1021
860
3024
2536
1975
2897
2200
4158
1556
1067
1334
1222
1996
1388
2112
939
1738
4023
2350
3513
8098
2179
2276
5326
1706
1546
2829
1243
3042
1419
1802
1376
1619
1966
770
3164
765
1560
3910
2668
2178
3797
3028
2652
3643
1706
1984
4302
11869
666
2062
1834
1904
1688
1619
1348
1440
838
860
762
1093
3337
1664
2472
2172
1179
2139
1129
2161
1637
4242
2987
2023
1589
772
1471
2848
1290
1135
2068
3023
1357
1605
1095
3584
1789
2303
2717
2696
1860
1276
2555
5597
946
923
954
1555
1260
1074
780
1485
1182
1034
2299
4429
1426
854
2412
1284
923
1878
2218
927
2472
5692
1460
2948
1648
1619
1674
4527
1160
2782
1780
2353
2259
1208
813
1395
1880
7593
8687
1558
1668
2752
1617
2109
1373
1455
3364
4337
2515
2459
1108
2438
657
1289
1617
2949
1072
1630
1137
1433
995
2181
1764
2821
3237
4053
11056
8324
3165
1908
961
6035
2249
3596
5867
11413
1851
1559
2816
2550
2254
1456
1401
1703
1336
1728
1545
1846
1224
1913
7161
1560
2519
2679
2692
2735
2967
1954
943
2210
8712
3421
13350
1306
6204
995
844
2718
2191
1039
1176
2286
4871
2757
3110
3268
897
2164
2035
1705
3171
1845
2573
1127
1402
2929
2981
2178
3037
5138
3170
1233
1311
2321
1743
1110
1432
1608
904
1123
2232
2412
1955
2779
5159
3659
1343
1180
705
1483
2249
1704
2911
1261
1265
916
2138
1978
1727
1125
1185
3137
2600
2295
1590
4921
2231
1539
1155
4057
1520
1134
2317
1681
882
4833
1421
5774
1642
3711
1253
1446
2008
4157
2692
5284
1809
2924
3492
1540
5349
3062
2023
7266
1302
1169
1565
3284
2286
985
2578
1742
2039
1836
1785
1327
1083
1830
2139
4252
2213
3305
2758
8530
1346
1329
996
2775
1827
2215
2347
1821
2408
1225
4870
2805
5497
2377
1445
1425
4263
1101
1774
2045
1042
4204
702
5444
1053
2047
907
2330
1108
1368
674
1738
698
4504
1059
2720
1311
1800
1177
5777
1619
2443
1916
5790
851
7759
2550
2216
3455
4131
4564
2712
1896
1302
1522
1978
2395
2057
1151
2664
2638
3272
1313
1544
2909
6618
1307
6887
9455
3337
6525
1666
1713
1296
4216
4759
1401
2145
1589
968
810
2039
2271
1137
1668
1182
1229
1513
1179
1136
2965
4473
5680
4171
1707
940
4163
2280
1776
2797
7058
2681
2547
2209
1459
1461
845
3631
1101
1298
1020
1206
924
930
1213
1976
1287
1600
1666
1130
1079
2587
1668
5582
3123
1563
737
1131
890
1774
1047
1816
1452
1352
1566
1997
1600
13014
1302
2163
713
1568
8885
2471
1963
3329
8227
3828
2324
1531
1900
2709
1645
1718
1430
3197
839
2072
1109
1510
1067
1927
2157
1332
1783
3352
1573
1862
805
3096
1840
1918
1116
2090
4041
2518
1171
1174
1255
1192
1206
2124
1868
2480
1895
3392
1253
2404
5602
2452
1861
793
2314
14509
966
3247
1115
1809
1321
2581
899
1799
994
1830
996
1914
1004
2413
1019
1346
1545
1001
1030
2052
1772
3256
917
2837
1445
3159
2728
1484
724
1474
1230
1469
1570
1616
1617
1232
1216
885
1786
1042
1969
2150
2684
7993
2010
1452
2080
1096
3705
17710
3810
2473
2324
3547
1551
1741
1120
4276
3039
1106
3183
1898
1275
1824
1237
1265
868
1238
1261
1328
2441
1179
1625
2368
2837
2783
2012
1581
1563
1473
4295
2067
1504
2321
3079
8072
4585
2540
917
1870
1576
2541
1876
1704
1560
735
2356
1941
2594
699
881
4238
7012
1559
1456
1331
1130
5337
6729
1079
1197
2307
2235
2092
2350
2441
2149
1184
2808
1918
1449
2028
1593
7396
680
2721
2182
1409
1610
1607
2086
1284
1183
911
1135
3282
1147
2317
1951
2031
1405
1444
2415
2222
1638
2214
1151
2803
734
1665
1373
2404
1083
2126
1503
1897
1854
1444
1417
2012
2137
2315
4786
2626
1745
3619
1141
2603
1997
4629
1944
1882
2338
3577
1977
7452
907
2740
1024
1687
1030
1966
1492
1680
1338
1822
3217
5590
26397
4089
2581
1325
1322
1921
1879
1479
2749
1573
3731
999
1171
2305
1823
815
1300
2406
2089
1900
1781
5698
2942
1109
1026
13389
818
1326
1258
992
1808
700
688
3296
2434
1176
1117
3474
3225
2983
2527
1049
1473
1413
5177
1787
1712
1952
2571
2550
1994
3244
2091
2456
1088
1552
7174
947
907
1475
1661
1571
1218
4125
2436
1051
2516
1061
1276
5774
1633
2447
7069
4864
1989
4923
2306
3861
12028
16766
1361
987
1371
3242
1549
4119
3072
1153
828
2085
967
1970
4817
1905
1629
3195
1689
2310
4276
3233
1737
2182
1748
5213
905
1815
1803
1952
2126
1202
1576
1918
1092
1185
1956
975
2537
1840
1052
1303
1635
1916
5877
1457
3092
1341
5678
3444
664
1897
1256
1010
1412
2781
2639
1832
1235
1801
1358
1519
2635
2616
2123
1813
1347
2957
2680
2725
3908
4350
4010
3073
1472
1607
3112
2910
1459
3452
1469
2005
1260
2492
871
2094
2325
1284
1817
3033
1203
2091
3033
2551
1181
3377
1240
2018
2383
1657
1336
869
1814
1782
1281
5906
1445
1465
967
998
3410
3148
2756
3283
1652
3235
1286
4893
1430
2256
1913
1712
1519
813
934
1448
2248
2920
1589
997
1275
1184
1037
984
1463
3502
3236
1974
2188
2097
1861
9517
2474
1358
1699
2287
2021
1207
3379
1228
2509
1856
1195
996
1174
1248
1110
1432
892
2525
1457
1426
3242
3316
1089
2204
1541
2198
1910
2193
982
1481
1481
1565
1157
1132
1508
1348
1709
1797
2831
1218
846
1303
1289
1818
1388
4340
928
2496
1140
2964
1112
1658
978
1653
3918
932
869
1304
1323
992
758
1485
999
1441
883
1129
1474
1909
1157
1262
676
1539
623
874
1325
1591
1518
983
2052
2194
1249
1297
1444
1805
1750
4528
1132
1155
1306
1201
2307
2014
2046
896
651
2198
2781
2282
1838
1288
730
2122
1058
1674
908
1521
4669
5245
3914
2117
2149
3028
3275
2884
1324
2143
1323
4162
1989
7454
1999
1658
1258
2716
1433
2925
1160
1684
2610
2381
1575
1772
1903
1112
2169
1048
1605
1566
1415
2263
1338
1710
1531
5127
2656
1947
1094
929
1220
1398
1503
1250
1721
2128
11811
1442
1467
1648
1779
1296
1085
1599
5413
2768
1170
1876
1746
2956
2508
2677
922
5788
1737
1234
2549
1975
2297
3123
2581
1343
1605
1620
2426
1131
1316
2936
5018
5253
2813
5581
10527
1204
2976
817
1261
2086
1299
1596
1106
2271
1044
1655
1435
4834
903
4168
4697
1345
1672
4430
3530
3253
820
3193
2384
1777
1259
1269
2897
3532
1456
937
1147
1672
827
1972
1095
3259
1432
1957
877
1266
892
8034
3580
6190
2623
3298
2643
993
660
2964
715
796
668
1992
914
1417
1171
2956
1239
2129
1466
3872
2309
1101
974
1472
1132
1445
4522
3494
909
2138
1656
5038
3145
2339
1506
1938
997
2174
2045
5551
1654
1335
1219
2137
1038
2511
1738
3567
3891
1859
2942
5113
5431
5750
6891
2400
1956
2120
689
1428
1528
901
1605
1699
1220
1222
1514
2130
1460
1730
1151
2605
1764
4422
1342
9956
2157
2538
1031
1712
1701
3488
2066
1123
1084
1995
2641
2499
2567
1052
2823
1391
1776
2605
1118
4036
8207
4252
2367
2611
1989
1706
1863
1832
1529
3002
3027
2026
2393
2471
2133
1656
1027
1490
1373
1130
1100
992
990
2494
5448
8453
2676
999
19198
2809
2991
3130
3929
1127
1031
1428
1550
1122
1177
1754
1881
2250
3172
887
1568
2243
2950
1836
2423
1498
2617
16014
1147
5898
3067
4272
871
2347
666
2852
1288
1899
1205
1612
1682
1357
1624
2015
1345
1865
1644
3695
1217
9180
2171
1644
1303
2935
3036
4346
3279
3210
1067
2012
1905
1580
1260
2170
1744
2307
1991
2291
2007
4105
3593
1838
2336
1457
1869
948
3896
6959
866
2889
2160
2474
1176
2959
1045
1954
3201
4620
1688
2555
4527
1653
1204
1514
2279
2283
1205
1609
1530
2223
3537
2114
1711
1397
1357
1881
1694
5403
1339
1505
1367
1236
3193
2009
1511
945
1403
3102
3238
5053
2171
2612
9354
1208
1932
2110
1950
1725
1419
1229
1533
2174
1658
1263
744
1677
1221
1774
1374
1379
1206
1197
1774
4506
1837
2940
2079
1028
2545
4382
1650
9040
1949
13293
2113
1304
973
1330
987
3634
862
899
1466
2439
947
3279
1764
3473
2064
2652
1929
4041
1590
3147
1314
2903
1879
9664
1581
1180
1434
2458
2220
1074
1287
1311
1284
1041
1184
1271
1231
1637
1427
1331
1532
7376
3608
2037
1488
1345
1388
3474
1303
1592
1378
916
837
1270
1863
7286
885
1476
1754
1983
2533
2819
3351
2778
3062
5596
2042
2690
2064
8706
7544
1272
1010
3656
2957
2986
2054
1033
1543
1935
1044
1087
1355
3287
1943
1948
1264
2802
5530
9584
2206
2748
1885
1813
1846
3443
977
1400
1133
2074
3435
1953
935
1083
850
2059
1794
2228
3193
2085
2793
2971
26386
24167
1255
3444
938
1385
1575
2481
3889
4616
1497
1128
1386
938
2200
1549
924
1164
966
2318
1837
2510
2619
2430
10888
1840
1329
2983
1638
2948
3310
3848
862
1896
1193
2437
914
1914
2056
3929
2408
880
2864
2223
4173
1078
3598
1428
10643
1802
1308
5457
1605
1203
1437
1949
2301
2108
1296
997
1802
863
1528
1708
1184
1609
3505
1727
12580
1954
2712
2686
1697
2728
3999
3983
980
3821
1070
3086
1348
2817
873
2684
2212
1385
1047
1373
903
1393
2033
1728
1392
1289
1330
2489
1155
1905
10748
1924
637
1482
4321
2632
1590
1598
1147
1964
2141
2837
1893
3525
1122
1631
2473
1669
2357
1690
2411
2967
1604
1588
1080
1675
1533
5130
6903
5235
998
1902
2467
7480
1677
2340
4653
1874
2306
2567
1549
3157
4279
8818
2968
2061
3067
2584
1346
3610
1806
2460
801
2424
1501
1787
5025
5686
989
2184
2517
2717
3314
2280
2196
2448
1390
3854
4152
13413
2281
2684
1755
2186
4050
4478
11626
2967
5823
1180
2821
2266
1285
932
1169
1605
2211
1380
1351
1093
2194
2286
4647
1481
1193
2979
1932
1980
2206
8426
3162
6066
2367
3657
2978
1426
1079
1879
4412
876
1650
1199
3677
1313
1584
4612
2315
5164
3003
5978
1853
3884
3405
8569
3951
6830
1680
1425
1616
2463
2175
1604
1817
1081
965
1515
3565
1686
2059
3336
2906
3173
3737
3618
2598
5416
3200
4681
2718
1011
645
3403
1390
1385
3244
1422
1846
1626
1395
2691
2625
1237
9401
2645
1579
2635
1499
1337
1885
2751
1336
1765
1616
1870
1076
1439
1188
1266
997
1631
2045
1497
2933
1622
9444
1627
1072
5832
1329
3706
1401
2051
2874
3337
1243
1703
2040
2178
1490
1996
1479
1120
1217
2102
2022
2169
8013
8687
1235
2264
2772
15775
8401
3076
3308
2083
1198
4350
2002
1598
1500
2446
1646
2137
1687
5451
1037
2093
1882
2349
1449
3435
1114
2834
2760
2218
2038
2666
2790
2559
6137
4510
4276
2837
2470
2510
708
1043
1309
1113
1359
1097
1368
1156
3822
1266
3220
4996
4102
842
5815
2476
2566
5856
2937
3954
5037
8312
3980
915
1485
1327
1595
2899
999
1095
1013
2804
2097
1947
4008
1781
960
1305
1368
15121
2758
3420
2108
2914
1687
5655
3530
5230
1073
1438
937
787
2342
1147
1162
1042
2489
2483
1628
1517
1986
4778
6057
4431
1599
3680
2272
9264
2034
2297
2779
2004
1483
1792
2944
1263
2682
1587
1509
3142
2372
1305
1479
4956
4027
2802
5508
3176
6808
4703
3450
3623
4496
3647
1110
1504
672
1660
1502
1663
1698
1586
1491
1007
2537
1569
1369
5405
10159
22198
13356
1354
1133
2547
2783
4112
1161
2572
4565
1842
1425
1211
3096
1953
3874
1783
1263
1863
8037
1782
1808
2584
6708
3264
2118
2474
1540
2531
2311
3223
5428
2080
5811
4315
2740
1360
1553
1974
953
1831
1585
5731
4123
2667
1481
1170
2595
919
791
1068
795
6792
5528
11848
