3873
14981
2398
1786
2103
3487
6001
7082
4024
5117
12505
2598
5971
17530
1816
1469
3469
5801
4843
2155
4270
4118
1567
2971
1401
1658
5066
2069
4387
3127
26513
3913
2409
7224
2736
3589
2249
1685
4729
2319
2180
4931
3934
4438
5584
2215
1572
1764
3123
4434
2346
1870
2987
3131
1836
3133
1760
6719
16990
3635
3450
2447
1894
3612
3833
2999
29606
4388
7103
1833
7251
2438
13611
8834
2154
3928
2111
4464
2304
3038
2552
5445
2116
2070
2007
2673
1873
2663
1299
3861
3921
10527
1284
8330
3333
3616
1340
2350
2901
1937
5494
1266
1555
3564
2317
1991
3863
23613
8577
3616
14547
21114
2721
4087
6736
2605
9762
7762
8287
4021
3306
4446
29162
2034
2705
1710
1834
1891
3551
8336
2961
2607
2224
2750
4944
2852
10222
24289
2195
5892
8957
6030
7379
3171
2906
4623
1213
2732
9013
3145
5575
1863
10585
2281
2364
3737
4108
6039
5543
3547
4780
2310
3552
6260
6424
5570
5129
3093
5528
3861
6256
10358
2919
3650
2686
2382
2356
1706
2132
3785
1189
1177
15045
4502
6557
27698
5883
2171
7288
2185
3240
16877
2256
2560
1000
1823
991
2189
890
3942
1022
4433
1024
5634
1107
3413
11650
4917
14959
7879
13401
5234
3753
4600
7349
7477
8357
4700
942
3582
878
10072
914
5058
880
3232
966
2385
978
2094
2804
10315
25293
9026
4473
16175
21529
2017
4433
4440
6851
6019
856
2455
932
1405
977
7702
1004
7081
957
2690
1015
1978
2039
8360
3167
10688
8411
5501
5199
11379
2138
9045
3062
5619
1003
3567
993
29301
1030
2038
1030
6151
1019
4011
1060
4493
5455
3170
4784
12456
2889
2647
2472
2588
7593
8868
11926
3879
2111
4298
3247
5198
3853
8021
3589
3045
1228
1930
1253
2999
4090
4245
9304
6600
3069
2574
5044
2473
5277
2335
2973
5805
1870
10985
6716
1907
1391
3263
1251
2626
1314
3540
2773
2200
3136
4487
4445
3049
3696
4742
11168
2128
3388
6615
2941
5215
1549
8610
1521
5389
1146
2704
1186
2897
1186
3380
1158
3229
3062
2890
14548
5053
7627
5788
7348
1795
2516
4377
3842
7267
1119
2642
1151
2854
1116
1763
1094
3478
1060
2906
1081
4354
41866
5063
3935
5137
4841
3501
4086
4611
15169
2710
2644
2397
1153
1413
1039
2311
1083
1441
995
1614
1076
2875
1114
3237
3093
3471
9348
2505
3239
2343
5664
2339
11215
4063
4718
2260
819
10184
879
5688
940
3494
994
1809
960
2601
985
2316
10320
1434
3110
3576
3723
3941
3972
2889
2738
5865
6193
4970
1000
3214
1028
1783
1000
6841
1020
3448
2604
2905
2128
6257
2910
1775
15490
3287
2875
3306
4119
3157
2683
1901
2089
5042
5448
4771
8042
3921
3951
3744
4545
1660
1930
1611
4212
3146
5056
2147
3796
1915
3013
1864
5351
12729
3222
2147
4578
1862
2985
5735
9463
2802
3780
4354
2071
2858
5981
5387
6748
1811
3840
12183
19875
2248
1809
3351
6233
3070
2690
2433
3281
2481
5397
4583
5270
5803
7792
3638
24090
7058
3296
1906
4839
4459
3761
2461
5318
3497
5547
5167
5491
3199
3208
1967
5956
5207
3762
1597
1991
1669
2777
2265
3712
3737
12237
4849
4275
1354
2112
2331
2122
4751
3485
14134
10249
13251
1869
1644
2554
3944
1666
3469
3341
2147
2532
3069
3462
3577
4869
3237
1810
1569
3504
8554
7708
4081
2923
17389
4290
3178
1929
2797
27518
3642
997
1762
4072
2498
6846
3381
4749
8018
2716
2074
1969
2147
3304
2278
1761
2288
1935
7386
3846
2037
9300
1165
1068
1355
1906
2059
13195
2358
3509
2551
1028
1634
3287
3034
10311
1931
2341
22058
5247
5185
26344
1928
5774
3663
2666
28432
5565
3738
4624
4146
1396
2324
2392
3386
2620
1935
2554
1517
2170
1995
3609
3288
2220
1558
6950
3273
3469
2460
5863
2552
11644
7772
4491
4408
4037
3207
3442
4780
1544
1921
5434
3347
1985
3486
7553
1948
1462
1222
1920
1663
3693
4005
6044
1388
1579
1201
4029
2269
2712
3461
4597
1791
1941
2237
2134
5021
1731
2084
5191
2538
2833
2219
3197
1909
5637
2959
3906
1400
3284
3264
2951
5395
1478
4283
4993
3599
2454
2058
2243
1881
5135
2619
3459
5158
2211
3974
1550
1824
1761
1968
1949
1816
4926
2095
2447
2813
2380
6321
1758
4063
2191
5644
6866
1685
1464
2478
3284
2203
4811
2330
2960
4228
4565
2062
1529
2509
5585
5150
3991
1417
7405
5452
5371
12155
18133
3814
3726
4158
7183
3214
7140
2789
8836
6056
15467
5072
10403
3320
14693
7478
7829
2604
920
3833
5028
4392
4066
4896
2167
2140
2499
4464
3905
2044
2229
2682
2995
2203
1837
2216
2315
3224
20205
3629
6193
7587
14175
10319
2309
7635
7445
11512
3433
2289
6553
2524
2214
3273
3084
1891
9812
8221
7688
5725
3914
2502
25219
3659
5885
3714
3456
3131
6314
3399
7496
7333
5886
3727
3537
2255
9213
6281
5556
4243
5923
3102
3900
3583
5545
2906
3725
4646
4988
9928
3646
3610
6474
2550
4444
9300
3102
1497
6896
3024
4439
3347
3312
3283
2352
5791
21895
8708
4282
2294
1579
3185
2758
2430
1634
3491
4266
6737
14054
1711
2232
1665
3582
3616
5457
1699
8262
2801
4179
5762
1748
2887
3353
2326
2281
6219
1265
2675
2318
11259
2339
3751
5398
2419
2163
2095
10655
9259
1818
2391
4872
2725
4938
3651
1889
2044
3248
5302
3627
1901
4003
5236
4302
1995
10545
7662
4144
2542
4701
2723
2776
1728
2620
3961
8154
3757
8670
8224
31093
15320
8002
2225
7818
4388
8891
8354
4813
4140
1296
3441
4654
5378
4048
3621
3008
2789
4748
1348
1755
2533
5756
2010
2422
1817
3483
2429
8887
7578
2565
2333
1119
1798
2592
2664
1937
4464
6132
5194
7393
3912
11952
9040
8172
2239
3129
4780
5377
2674
15960
2271
4220
16309
2967
3577
1856
3944
3247
2860
3668
8343
8358
9719
13919
3737
3828
3003
4067
2821
3538
1495
1803
2689
8943
2470
3757
17528
6412
4234
7401
4824
2066
1916
2712
3855
2098
3220
4677
3615
7957
2795
2903
1830
7220
2301
4767
4263
6520
2671
4658
2781
7089
3631
23782
2125
4321
1950
3073
3088
1904
2267
5861
1927
9695
3848
13461
2986
5082
1978
2894
10751
2739
2712
4212
2669
4521
6917
4891
2503
7068
1563
6536
3270
3014
2626
4987
1868
2135
11472
3616
2716
1543
2225
4196
2377
2449
10676
10365
2822
3245
6713
2946
2357
7006
6175
1980
3187
4995
3289
5789
15704
3727
2348
3194
7447
24781
4896
5924
2440
3803
3667
3078
14510
12398
27512
2144
4341
4476
8010
11492
2996
2599
5222
5299
1863
1822
1294
2395
3053
5848
4310
11129
2496
6681
44700
32239
2464
1594
2033
3029
2260
4034
3692
4262
3219
1632
8516
2864
5738
22128
3377
5474
2116
4569
2778
13367
3867
3020
4284
6827
3413
9751
2458
7094
4432
2974
2096
3684
3380
16077
4078
3802
7174
14109
6033
7417
3817
8514
17357
18677
3697
14116
5956
4257
5749
1966
2514
6172
1712
4229
3560
5013
4008
3721
2047
4954
3809
15638
3161
2265
4274
6788
5602
9790
4744
13746
1870
5564
9944
5544
3558
3181
2601
4195
2422
4137
4871
6682
2296
37217
8169
2000
2031
4229
3677
34418
10399
5435
6905
5271
2062
5761
4018
1650
3687
2321
1899
1705
3787
3061
3753
6656
4002
13570
2472
3168
4656
9915
2653
4707
3242
14268
12321
5188
4663
3253
2874
3687
3333
1156
1736
2370
2045
4047
3571
8959
7299
9885
9124
8409
5348
45375
40894
2132
2643
14288
11753
8946
4187
2083
5078
6316
12337
3762
3465
2903
25536
3555
4372
4560
4728
2683
5548
5860
5228
6326
3612
7637
9310
8911
2492
2860
4690
3733
4052
5695
3859
7420
2168
3418
1773
4413
3862
4644
4570
3351
1727
5155
17873
3607
2601
3860
2563
3584
3231
2826
4971
25823
7936
12804
5358
6000
6463
2874
7326
5541
4337
2501
2673
3121
2716
5821
3310
9193
7721
2336
3640
10319
3479
4035
4756
5119
2939
3911
4730
1781
4345
17931
4385
6424
8462
5059
1774
7037
2347
4362
2344
14776
3449
2712
3006
4338
23548
5259
4848
40188
4361
3012
7290
3861
2746
21601
10665
4214
3193
8962
6438
4521
1821
4520
2775
5602
3843
6706
2454
10368
3164
4502
3519
1723
2583
7010
4918
4766
6140
3050
3555
8152
2155
2772
1713
2905
2200
2418
1907
1755
2551
3198
3015
4280
1650
2142
3348
4683
4760
5102
4702
4832
8098
2690
3425
2751
1603
6045
4753
4170
4414
4153
2063
17292
4379
3180
3010
3169
2906
10863
6897
40004
5383
3759
3225
1140
1813
9642
3121
15789
2850
3237
5721
3666
1856
5603
3361
3064
5469
9587
2703
6215
3827
10106
4205
4998
2437
3368
4500
4680
2294
9251
4616
4311
6262
9021
4915
3040
3053
3041
3456
8076
6074
4218
4092
12830
2736
5322
3011
9225
3803
4200
3458
3075
5913
4016
3110
4641
2350
4712
8155
4890
2893
25469
2322
25430
3813
3744
4230
6797
5310
44780
6200
5357
3157
4088
2617
49118
16137
5500
1679
3900
2649
1947
7239
5104
2551
6352
3373
10674
2194
3104
4174
9217
2030
2616
2229
11488
4616
7120
6574
2543
2542
7827
2226
4818
3205
4773
1724
9440
2031
7380
3546
9177
2098
5850
6546
3863
4901
2552
1658
2841
3514
2877
39630
5820
3248
5028
5383
1601
1782
3429
3098
5089
4501
8023
1713
4284
3152
5079
3137
5276
8134
6486
2364
10824
2343
8420
3606
1887
5293
3175
3984
2718
1404
3692
5762
3673
4458
9320
2798
25303
9522
2847
3469
6432
6609
4407
2217
3645
3590
6582
10441
1628
2207
3907
2969
5257
16924
2548
3989
14092
5916
4341
2710
4160
9519
16296
7517
3874
10582
5067
4797
8782
5373
10720
2088
1276
1622
3659
8242
2661
7401
20041
6040
4022
5268
1958
4536
14908
4390
5873
11564
2896
14557
10471
8665
15388
2287
3650
2936
7282
4552
5463
2656
3239
6893
5952
5206
1694
2459
3442
1657
4548
1513
7080
2586
6472
2561
2365
2483
5928
2340
19065
9334
1804
16548
3027
3415
5800
4255
5658
2251
6238
2940
2965
3230
7238
2746
4874
5524
8561
4716
4892
3801
6791
12344
6330
4223
3198
5513
3144
1732
4776
3033
8158
5694
4480
3645
1544
1985
7728
7079
5346
4359
16348
2759
17605
14027
11724
1607
7843
2626
1302
3194
2083
4722
30672
2810
2310
1859
1719
11737
3718
4585
14622
1736
10186
1828
4092
2313
9327
1661
4825
5313
22037
4478
1664
6486
1893
10001
2661
2009
5814
3869
3035
3727
3677
7428
4832
13006
14762
4011
7212
3150
1570
3123
3623
3467
2784
2790
8406
12924
16649
3089
3398
6181
14092
2178
4346
4653
3056
2261
4873
12010
3832
4428
4117
7965
36133
17459
41735
24252
2295
15081
1871
1860
1344
2196
1825
1069
2586
6794
7147
13869
10415
2095
27748
16719
12802
5614
12399
9372
9342
4485
6489
32325
49635
7628
14657
1476
2676
10360
16820
2334
7299
3174
10527
2682
4230
1310
3321
1727
5109
4171
15873
16025
7816
1454
9306
1491
17305
9775
20139
6192
14001
13880
4807
2146
6507
3723
3948
1460
3370
2876
9544
10696
4908
7061
6016
1635
5214
2404
2956
2528
4468
2718
10901
3303
3718
2793
16114
8011
10723
4786
4398
3473
12389
2607
10024
2065
28546
2348
20215
3586
7628
2771
4601
6862
13177
2851
1663
4687
4131
2646
2300
23476
5642
1913
3195
1973
8829
2320
3512
3224
5231
40869
28455
5635
10972
12523
3702
2739
8638
4169
1153
2335
3206
3621
2607
3243
7718
3150
9792
12652
2777
7689
10557
1638
3086
2289
3299
4142
9561
20432
9560
3861
6769
2547
7816
31214
8159
7455
3360
2900
5048
17855
3998
1810
2695
2898
6343
2611
9957
2450
2979
7127
7924
3466
2584
2561
3037
5059
4244
6978
1591
2221
13342
6258
2874
2515
2940
3197
2631
2093
3779
2994
4766
4851
30030
3829
5019
2447
3833
5119
13940
5230
6687
2806
5580
1723
4556
1962
10219
1525
1907
2865
2350
2007
5949
3208
4815
3230
12056
4006
4708
3663
3718
2291
13668
2659
6541
14217
5399
1980
4760
2534
6777
2289
2039
1669
4054
3789
1997
5277
5213
4385
6718
3876
5452
1775
5107
2122
6850
3469
2997
4258
6203
2065
4915
3833
5029
3244
6938
1797
2061
2295
41200
3568
3902
1632
4918
6016
16315
4303
4631
2395
9590
2397
1991
2930
3583
2866
1637
2853
2705
3569
3396
2661
11062
3415
2023
1807
2898
3053
7272
3812
4164
2899
6192
2005
7623
2595
6839
5387
4193
2090
9486
2333
4207
3069
2518
3247
14601
5780
5566
4229
4037
3503
4743
3752
44551
5668
8772
8996
12405
6403
1177
1342
3199
1316
12535
2252
1657
14343
1996
2576
3973
4201
13256
6211
7439
10567
12325
2738
6838
3201
4345
5888
3510
2431
6053
3330
2334
5225
3701
14485
3657
3993
7938
2357
9349
2964
9684
5090
6516
7347
12488
2467
5927
5219
10282
4351
2531
2234
4069
1849
3212
4578
8034
2008
20259
4519
3231
3214
2860
1442
2665
3892
19010
4605
11632
2172
3605
2105
8323
3261
3293
2900
11749
4287
3557
8675
3769
2756
2593
2756
2432
1540
1530
1668
3047
5250
1896
1248
5848
5217
4817
2564
11853
1567
6624
3977
6404
2042
2538
2900
6851
1948
6808
2145
2610
2993
4057
3147
2218
2280
8679
2880
2943
2423
8548
2803
2621
2070
2472
9864
4417
1781
3005
1725
17133
4917
1701
1780
1731
3106
14207
2118
2630
5203
6206
7404
8395
2887
5672
2327
10067
1884
6220
3548
3418
3007
37801
4554
5131
2537
3014
1988
2837
2331
6207
1254
1944
3159
8687
10363
2974
3201
7216
5918
4207
2227
7956
4720
4166
2363
4719
1773
4127
12123
4736
1784
4546
3264
5327
3182
7749
6871
5568
2158
5844
7028
11324
3730
6274
3736
6145
3923
4468
3402
3034
19153
8957
7222
8670
2345
4979
2220
2958
2992
4065
4810
8860
2406
9942
7470
6926
4906
5368
1940
6345
1573
1880
10659
1970
3071
2514
2600
10324
4390
4062
4634
2953
2579
5254
4734
12264
1788
5249
2910
4567
4531
5069
4363
7854
3519
8820
2779
4474
3066
4471
2559
2716
2109
11293
3909
5417
1578
5403
3312
15854
3919
2063
2520
2462
2410
7883
4711
6440
2069
1643
1782
6512
3070
2893
5501
4709
3020
19477
6443
2381
2405
3779
2474
3907
7726
19452
5540
6819
10008
7400
5206
4219
3974
2593
15943
1325
3246
2013
2855
3958
2584
4004
2058
1553
1784
2060
3777
5854
2224
11112
4731
4126
2821
2653
2263
6110
4831
22080
17033
4304
12531
17063
3351
8847
2587
4582
5869
5927
3527
9086
12414
8807
9033
5672
3082
26564
29859
6997
8653
8572
3570
4208
4613
3025
2601
11208
2488
3255
4352
3849
4543
2613
1968
5410
7599
5982
8401
11351
28182
13309
5369
5895
7206
3530
9127
26881
4858
5473
12725
3858
2018
4568
2054
5587
5033
2157
4467
8838
2522
24582
1806
2038
1748
2246
1851
3912
6779
20418
3579
1331
3980
2437
1624
1870
1834
2266
2074
1958
3488
4195
7232
11599
2172
4366
1985
7666
1567
6387
7879
4323
7763
5169
23754
2680
2980
1778
3161
1228
3136
1238
3605
1193
6362
1033
2000
3596
1622
3900
1802
2220
1913
3260
1578
2827
7137
7275
9333
1078
2475
1091
1959
1072
2574
1159
2661
1134
3390
1076
1840
3076
3236
5803
14024
50741
5093
10459
8801
9385
9304
2234
1484
1052
1948
1048
3698
1067
2304
1093
4119
1058
1764
1132
2436
4488
4923
4852
2512
8686
1989
2024
3894
9652
2552
3708
3330
1029
2479
1086
2249
1148
6185
1144
7056
1172
7410
3531
4830
2216
2829
4851
5367
3907
4417
4621
2632
7406
2270
4543
2850
1433
5352
1967
2061
2778
2533
12921
3036
5835
6375
1877
2382
5451
6813
3637
2943
13015
4503
2418
4768
2701
14569
4245
2195
1373
2723
1453
5552
5606
2405
3590
2237
3645
2632
4383
2440
2278
5922
11027
4382
2923
15408
5449
3708
8970
4870
21047
4636
2279
2505
6996
2328
4373
2367
5681
29981
1802
2422
4764
4935
6346
2202
6454
5422
6818
4356
12353
5943
32009
7797
2617
3160
1998
4582
2640
1943
1650
6801
23800
1798
1934
1433
13277
2975
38231
12632
6110
3954
9789
5654
9530
3566
6501
4522
12444
1962
5515
8799
10080
2558
2116
1844
2234
2911
3852
3250
4705
1837
7104
3510
3271
11763
3203
2986
6822
3714
47042
17093
7323
2111
2361
1846
4679
3135
2608
3830
1811
2221
2236
2003
3758
4487
13134
3152
14564
3406
7714
4737
4072
4541
27271
5168
1891
8594
1403
3517
4386
3385
4223
3903
8700
12322
2114
4126
2291
2349
8543
2419
3386
6048
6510
11058
11417
2137
3026
2753
1607
1985
4298
2267
2163
1564
3125
2148
2770
4967
2710
6286
3182
1301
3462
3736
32397
2224
14648
3068
3018
3886
4631
6561
6122
1983
11465
2359
3781
2554
15567
2269
3163
3935
1875
4235
2830
1818
18167
1807
3426
2749
45473
2114
2943
11675
4773
9050
11753
2261
3255
2714
3605
3114
1928
2097
8445
12887
3676
6577
13978
2484
8477
10894
2768
2463
3036
3492
2956
2827
2095
2428
4808
1650
3225
1957
2939
1513
3453
1694
1736
2502
3395
14049
1756
1784
1923
3944
10468
11133
13105
7805
6197
3963
2834
4130
34514
4286
4357
2134
2468
2781
3722
1923
2288
2671
3065
2028
5257
19428
1328
3896
4417
1630
5057
2366
5040
2214
1537
2154
16199
1786
5438
7237
2203
1506
4470
2555
17867
2431
10646
4566
3481
2740
6137
1532
8816
2051
1363
2318
3786
2791
2650
15346
12909
6460
4707
1540
2515
1672
3552
1370
1566
9084
8707
4639
10334
2286
2008
4909
16527
9456
5864
3618
12123
22531
3290
7279
2900
3600
1629
4839
4811
2627
17993
2243
3109
5211
3500
1653
1430
2054
1551
5114
2801
3417
9981
2503
2511
3102
7868
1660
4363
1733
9746
2124
3228
3533
9769
5293
1944
1700
2514
2474
7609
2157
18832
6006
14057
4868
7805
3978
1605
8776
9950
2303
1815
12015
9527
5042
4099
2509
3449
2205
4413
5984
5598
2080
3461
3146
6266
5088
1285
2259
5920
4507
8048
4146
4195
14835
2993
9977
34246
26270
2472
4058
7121
2246
3991
6674
2010
2209
8556
2677
3703
3840
6997
3995
2856
4589
3304
13171
2547
2570
2432
2688
4414
1283
3746
3224
4726
2048
12608
2560
1796
1881
3421
2170
22626
4760
14195
4723
6542
2644
5868
4777
3700
2702
11763
3600
1470
1843
8628
5557
2501
1824
4593
1965
4357
1958
2449
2553
3606
6017
5609
2050
12027
4243
8012
3577
40020
1608
1625
2266
2488
4116
4024
1906
1041
3457
2291
5541
1347
1544
2216
4163
7799
14993
10070
2841
3188
2476
6907
4484
3753
8795
5832
3528
2748
1338
2763
4420
10190
2710
10182
4654
4402
3350
2249
1715
16820
5311
6427
9260
2288
5824
13951
29795
7278
18832
9554
3083
9017
4385
36038
2690
10454
3304
2674
2407
3801
2026
2517
1243
2246
2601
4344
5414
7679
3325
6339
2510
6704
3788
5365
1762
1236
3801
4507
1918
2823
2206
2952
1690
2735
2189
3059
1593
1649
1392
4327
2609
16934
5899
4756
2207
6076
3608
3881
2894
2187
1749
2708
1709
5305
3195
4450
1781
1968
1812
4116
1002
8759
9753
1901
8505
5487
7897
12879
2789
2622
2140
2734
3292
4881
6496
8463
4327
2720
1548
2952
2153
2476
4201
2180
3546
7069
3024
4068
2229
5932
2163
4277
3993
5130
6141
18145
18437
10282
2338
9584
2190
5691
2247
5986
17435
10217
3898
7639
1472
1764
1585
2988
2950
12674
2469
14149
6249
4886
4278
5046
4501
2257
2307
4984
3283
2551
3524
2022
2610
3756
1578
1483
5586
8574
3389
5193
7076
3040
4540
4400
4220
12115
4222
3810
7381
10953
2100
4197
2271
5142
2164
3802
3575
21321
4351
4913
2742
5699
3919
7424
3487
29226
5280
4871
1448
11328
17634
12859
3697
2548
4192
10546
2937
5866
11498
1691
4152
3665
2212
2909
1711
2134
19661
2106
5841
6590
7971
1635
11861
4776
5146
2364
3060
3866
2485
1449
1880
5245
1954
2412
1927
5824
1360
2012
2963
3242
7815
4135
4902
3590
2572
9151
3911
3024
2188
31429
2579
1117
6786
4582
1534
2853
2864
2837
2902
3433
2079
2350
6909
5379
13640
5300
2559
10145
4155
3386
4246
7391
3014
3178
6753
3068
2755
4726
3183
5842
3377
1297
1691
4940
2551
2557
12545
18332
2263
5180
7060
4060
5162
2651
4367
1705
17723
3197
3164
8485
2986
8066
3109
4085
3482
4502
7205
2589
2508
3291
3325
7111
3999
13400
4952
5518
3181
5373
5687
1949
3622
4159
5248
2370
5937
2787
1793
5603
7569
5227
2902
6687
1941
4704
2486
6784
3462
9836
8529
10368
4986
8021
2201
8056
6427
7032
8352
1333
2595
21034
6101
2986
6679
2805
1386
2566
2774
5643
4834
2559
29318
1828
6644
3985
2557
26342
7217
2099
5351
41231
7802
2314
7239
1945
6707
2467
2993
5105
2263
5157
2080
2672
8200
2193
2596
12382
19551
16704
6067
6736
3509
13430
6629
3550
6822
2256
1511
2662
4974
4117
2530
4841
2859
7826
2158
5942
4996
43265
2967
5051
23419
11949
5124
20928
4941
8436
3102
3122
4487
3541
2361
2364
10819
3469
2594
4933
2453
2920
5932
7063
1789
3140
6350
10144
4158
6168
13934
5646
4789
2531
4272
9722
2868
1202
2122
4602
2847
2385
1508
4575
1529
2826
2529
5930
9667
14787
2186
5859
2855
1766
1999
15472
9165
1593
2718
9778
12551
8018
3784
1861
3197
4767
4902
4291
3095
7785
2639
3115
2323
7476
2327
3086
11358
4353
5911
3271
4681
3604
3177
8328
3185
11127
14360
4207
3341
16075
2551
6179
3829
18275
5182
6576
1616
2003
7465
1553
9033
4116
15051
15754
4973
3283
3354
7057
2022
2853
1952
1222
3188
4212
2030
9036
1464
2722
3076
6482
2091
8055
3121
1711
1299
2460
17292
2965
2226
5711
10845
8902
7395
1095
1858
2256
4712
2393
2492
3227
2552
3155
2422
7493
2735
4077
2094
6746
1570
6173
4731
10549
4681
1229
3662
2035
2716
4544
4997
2387
2764
12390
2841
2676
6490
1609
3227
6014
2161
4554
3831
4265
4474
10783
24798
7691
2255
8385
19521
22677
6455
2812
12920
6326
1819
7571
3961
2356
3243
24634
3617
1398
2465
6981
9173
11504
18093
3409
14130
14719
3215
3378
3462
2029
2363
1780
3293
7796
1805
2765
3246
1998
2145
7553
3844
5620
3741
15093
14206
9431
2270
2335
3281
4816
2232
6482
7225
8737
13890
1070
2722
6025
2296
5101
3215
3721
16161
13452
3260
2813
4929
6658
4323
3114
2334
1539
3089
1813
3054
2083
3952
2757
2247
1366
6003
4103
9533
10157
5007
2005
3695
1487
2685
5105
1507
3267
3375
2613
4912
9204
16049
3613
10424
7550
4902
12699
6657
3762
2778
2878
4126
3214
11206
3260
13822
6071
7516
14696
3797
2380
7039
3933
4560
2741
8167
16963
2710
2208
1577
1930
4934
2612
26376
2000
1500
3854
20412
4868
2775
2649
2443
13489
2510
3850
3632
7497
6393
6965
3800
3574
2012
4670
3453
5151
1524
1202
2277
3356
2424
7294
1689
3464
3932
4229
1753
2931
2631
3820
2027
6784
3156
10195
6583
10622
6285
5906
3060
2517
2409
3090
8845
9515
4287
10308
3031
1720
11653
4891
5281
14378
1793
7109
2834
7060
5279
2775
8130
30869
3344
3334
3652
7986
9329
3511
3753
3268
2506
2441
3305
2113
2347
1595
2263
8292
8044
4463
2193
4056
3818
8392
7811
4866
4519
5084
2890
15486
1671
1878
2040
5914
1520
2106
2809
1877
2520
2476
6292
3989
5722
4089
3307
4724
1818
1433
2076
1212
2377
1040
1955
3135
4298
1045
2765
2680
2163
2628
3217
3443
2755
2897
4230
8097
1640
3501
10517
7254
3781
4582
22599
16026
7076
3673
5001
20936
10292
1350
3169
5460
4911
1708
4534
3199
3085
2477
1853
5815
4445
8459
5849
7020
6196
35283
5383
13281
4895
4262
3632
6695
6393
9943
2450
5088
7985
3121
2371
2112
1781
2258
2603
5918
1784
9187
10907
16169
5294
2413
9130
3636
5129
3962
30011
7682
4553
2061
2398
1506
2463
3424
4832
3508
7811
3240
7096
3992
3424
17895
5677
40797
5492
9870
3169
8675
3383
2679
2311
3556
3214
1190
2756
2419
15836
2459
3493
3096
6369
2068
2395
2149
6108
5487
9758
17903
3286
4326
1882
2864
3024
2619
3747
2212
3218
1791
4811
1256
1706
2392
1667
4933
2118
3026
4163
3683
4631
1259
4593
5239
10045
6124
3705
1553
1941
35501
4089
1615
23824
26209
4535
4620
4220
11173
2804
36329
2024
2245
1931
1686
2650
2965
2532
1879
2905
22804
4782
4359
20253
3675
5579
10883
2506
3317
4363
2726
5149
2505
3151
1909
4072
5120
14420
6062
17119
3333
19961
10513
5963
5908
4525
8788
7451
5295
3724
7909
30499
1199
3052
3551
2383
3933
3370
3060
2298
1991
1197
1100
1776
16180
5682
8103
15733
12977
10795
2257
3967
5918
3238
8683
3961
9973
1521
3577
4047
2298
1634
3093
5862
2646
1667
1884
4717
3696
7113
18576
6266
5513
3055
9873
16683
3810
3030
1729
3770
2135
1492
1475
4167
4105
1544
3435
3637
2234
1306
5090
1590
1874
3369
5260
2802
5115
11629
3407
4580
4430
3769
3939
5522
1794
2432
4626
3784
4402
1592
1278
1499
2644
8775
13780
2342
7491
5096
3503
4203
6123
7038
14650
8751
4490
5256
2827
5910
1084
1565
2404
3932
1946
1993
2138
1904
1714
3200
3099
2592
6934
4536
19470
13119
6781
3168
2025
6200
3835
3644
13479
6783
3750
1962
3963
2769
3972
2202
2467
2070
2155
2578
3579
3047
3786
3088
10755
2213
8039
4592
8806
12766
32864
6011
1668
2712
15524
7427
26484
2659
8725
1908
4044
4419
3312
2436
3040
5847
8810
8589
10213
10507
2917
3511
6069
15818
6679
4770
23423
12960
2430
4642
4821
2349
7610
6912
5293
2076
2976
3705
2107
1672
4499
3953
2265
2773
5144
5498
8188
11686
28105
14953
4003
3601
1173
5066
5064
3450
3811
2104
2247
1717
4702
5307
3554
1669
3551
7971
11251
7536
4007
7720
6417
2390
3280
14421
6914
23220
5160
2123
1513
6046
3847
4800
4903
2869
3283
4739
1868
4674
42626
7708
4093
4844
9877
2055
9890
5141
7076
12088
2958
2025
3350
1921
4490
16902
6169
2536
4216
1953
4473
1791
1936
2899
5401
5534
8090
5984
15695
10533
4579
3285
3241
5128
3723
2723
3704
3019
3533
1711
7262
3935
12492
4596
4920
2380
8692
1380
4376
7182
3288
13433
1466
3628
2424
5236
1710
3934
2930
2547
1072
2301
1106
4988
2543
6778
3119
3632
2133
6289
2789
2366
9044
6191
4793
12080
4258
2574
2272
8150
8799
4386
4137
2123
2629
3484
3702
5737
1631
5205
6163
4685
2090
2305
3398
9650
4134
13798
13765
6068
13195
3485
5326
3321
27524
20402
5187
5409
3604
2398
1631
3026
14047
2976
4507
2265
3098
2873
2657
1609
19315
14014
29272
6655
4593
1841
20901
7683
6128
5501
23912
12509
6627
4655
3232
2003
1346
6183
2503
2790
1843
1868
1765
1461
3723
3760
3459
2817
5940
1849
2283
3277
3317
8963
7383
5214
1154
1790
1481
2508
1800
3028
2861
1837
2602
8539
3417
28710
3014
26161
1231
2840
23249
3240
16316
3642
18940
7476
11996
1325
6276
2087
5872
4100
1548
6527
1280
2167
1944
2696
1859
2446
6583
2317
5344
3335
4367
2154
1793
2751
3369
2317
2547
3154
5962
3384
1622
1890
2710
4868
4367
3253
4238
2875
3464
4050
2930
3961
10693
3053
10188
1800
5575
11545
3911
2995
1641
8295
8309
3972
1631
2826
1753
4545
1578
1998
1767
2987
1589
1919
3863
1984
2283
2887
2677
12892
2117
3446
2103
4198
4688
1772
987
4529
2307
3108
1834
4602
2598
2119
3118
1738
4146
2249
5311
3303
7966
22717
7608
7367
4554
1875
6046
18922
5876
2306
5245
3990
2473
2666
2162
10203
5669
5612
7227
2827
4508
3495
2197
2727
1937
4653
2377
2960
9577
4388
3898
4284
10002
4872
3481
2315
3981
1883
4856
4085
4462
5691
11460
29140
4362
2909
3916
20022
39820
7050
5666
3045
5397
1363
3727
11507
4789
1074
1536
7904
12950
2883
23843
7479
1664
5557
8372
1455
2772
3168
6946
3076
10768
11682
3956
2052
6990
3018
3256
4681
3247
13038
1165
4399
3396
2151
2629
1833
4283
1938
2608
1295
3282
5556
2952
3022
6860
3997
3202
3844
8206
2412
3718
2746
4485
6565
1165
1540
2620
7503
2053
2579
6369
2508
3379
1747
2798
2552
6057
4527
14011
8097
4676
5532
10260
6260
3438
3966
4383
2804
3047
3459
9262
1050
1968
3422
2008
2608
2084
2709
1923
2512
3374
3232
5706
16533
25433
7820
5753
2062
6695
3264
4872
3487
4849
5240
6209
16488
3704
3732
3588
1510
2400
3769
4135
2956
9154
8438
8519
2862
2348
1711
1498
3494
2074
2403
4892
1114
1158
11323
5699
1705
4813
19514
20463
4857
3866
1416
4126
1811
6209
2502
2789
5881
7204
6016
5518
4587
21860
19092
14516
5375
9342
1460
1807
2178
3910
2242
1778
4156
7620
1551
4473
1431
3908
10446
9834
13958
20825
9887
5493
7852
6195
6954
35646
44903
3536
1361
2778
4629
4216
9345
8703
18485
18172
3211
1688
2180
12967
5596
6836
7378
4983
4062
12155
8654
18002
6231
15330
4244
1542
2937
10650
3182
29456
2827
4884
3615
2680
2692
17108
1193
6234
3402
2851
2185
3300
4913
13800
1990
12031
3316
5647
7171
1015
2173
1881
1599
3125
4102
4389
2246
1831
2980
3973
2500
6263
6496
11410
2861
3056
7210
6136
11428
8751
5592
15744
10582
3762
5352
5374
5077
2416
2330
3206
2944
2955
3128
1781
2139
6683
2347
6005
6330
2265
2775
5963
4655
2428
4003
2467
2403
5829
3021
1997
1399
2630
2281
2117
8986
2636
2003
1601
1472
13378
8666
18656
9487
3814
6660
2112
9143
3186
3911
11315
3489
5226
20072
12827
3120
6572
6390
4341
1489
2506
2179
4458
1798
3608
7287
8330
2210
4725
4391
7448
16188
11413
2549
3349
3849
3131
2089
1757
1526
5169
9870
4351
1862
2471
2521
1689
1573
10685
4304
2872
3030
9721
8440
2709
2435
4962
6416
7589
7448
6128
2171
2634
1860
1968
1690
3104
1683
27183
1764
5124
1767
1802
3637
2625
3316
3952
6121
1946
4425
4426
5180
3183
3014
1886
2987
7170
1619
1644
2939
4574
1584
2536
2205
1827
1666
1707
2113
5361
3297
2834
1744
1101
2598
1078
1548
4271
4448
2188
1485
6421
5332
3134
2449
2759
2650
4376
5159
1652
1463
2797
2219
7123
6383
6767
2223
19237
4126
5921
3522
1896
3411
1191
2243
1993
2157
1772
1794
16144
6406
7186
2218
4414
4302
7382
3899
2707
2914
2648
6830
9019
10711
3329
1973
2233
2414
2069
4606
1919
11742
5042
4543
3843
4176
6997
1768
4800
3770
4968
4618
2699
5532
2990
2856
4410
23107
20433
9110
3293
1387
2763
2307
2797
2137
3675
6395
24391
2717
3450
2914
3932
2344
7075
5157
12643
4724
4100
3546
6096
6191
11145
10113
4585
9502
5798
2473
3057
2077
4398
8008
9064
1798
3163
1723
4705
2024
2369
3239
14788
7796
7731
8139
17850
1626
7259
1317
3944
2589
2327
1799
1854
2533
1885
2009
2770
8294
1533
3789
4544
1551
3540
5788
19337
6260
41679
5547
7618
5973
2736
1907
5197
4933
2673
1109
3240
2281
2346
1767
4603
2805
3210
2474
1387
1896
1457
7668
13349
13130
10578
11482
3917
2270
1022
6788
1071
1390
982
2676
1514
2072
2480
3036
2590
2286
2966
4859
3680
1545
5319
3963
2379
3842
12781
8114
1665
4224
2388
20743
13971
3655
2577
2978
1685
6575
5507
8981
2582
1661
1899
3342
4828
15401
4879
5101
6567
2426
5322
7616
13302
5373
12015
2241
4871
4122
974
5260
3592
14799
6810
3679
1406
2398
3882
4458
4293
2674
3062
4514
9443
12068
3246
19693
4822
5012
1944
4262
7881
7383
6369
2420
18013
4528
5756
3727
4698
1525
6010
2225
3247
3132
5599
6172
19175
4650
8706
5711
4467
2692
14937
2796
3025
8419
18522
8278
3721
4127
3532
2423
1768
2010
3110
1639
1817
2226
4991
4709
6661
15167
13794
1781
18393
4136
6847
4689
7214
27080
4334
2277
3942
1844
2394
2436
4526
6393
12419
1584
3483
6935
17178
4794
5560
2335
12105
33365
2724
18537
9079
5380
2368
3771
1054
1343
2554
3199
3637
2764
4653
1876
4017
3559
10976
2381
3886
4780
3825
15757
5816
2657
2625
10047
5554
8409
12169
9375
2086
2794
3372
2139
3445
3763
2676
2336
3721
7058
6992
13475
9238
3943
10991
1768
3542
1963
11004
12332
3375
8384
8516
5536
36108
4079
1677
2040
6150
6428
4272
2431
8442
1921
2062
1994
5233
3073
1804
1995
3511
3132
7786
2518
4151
1976
9936
4234
14911
14156
2374
2896
3092
2067
8573
4065
2208
1400
2606
3956
7499
9405
3757
4726
19149
1500
7624
8079
3121
2152
3984
3843
3076
3329
3643
3094
9209
4418
2785
3074
2508
1429
2416
10496
13311
18385
7995
9170
6595
41630
6634
9833
4274
18442
4230
26585
7010
2172
1486
2230
2040
8348
1412
1557
2518
2530
1590
3230
4788
3737
4593
3374
15406
11459
3953
3255
2177
5441
4519
16733
9781
2023
2530
4022
5724
1351
3019
1758
2950
1427
2661
5249
25060
1711
2902
3059
3898
11343
25618
3675
6912
2713
3552
5769
3006
2283
2366
38773
2252
1646
4814
11828
1720
2018
5272
2654
8380
11532
5912
3624
8589
15025
4746
4617
8687
9889
14433
2531
2390
4128
4892
2865
29477
13600
4128
2236
1636
1497
1654
3509
3982
3770
2068
5578
21199
22736
9247
3872
7884
18439
3207
7006
1525
1795
4056
2327
8648
1921
6825
6285
4341
3097
4299
2888
7334
3099
6990
4374
31161
12593
2081
7885
2164
1954
3507
3767
2729
6429
3430
1876
1597
1559
6004
2522
1967
1551
1375
4824
5653
3408
8142
4327
19454
6091
2087
4136
3224
4168
9466
6085
1726
3780
1998
3774
1851
2661
4559
6713
9025
21548
7257
4004
14052
1554
10264
18542
23444
2629
3680
4778
7573
21164
13794
7624
3267
3238
4613
1785
3541
1437
4476
3724
2714
2270
3399
2021
29021
3084
7936
3381
4473
4465
5742
5979
2355
4279
2942
8970
3854
1922
1368
3430
4986
1994
1574
1798
2054
4252
6173
2667
5904
2498
3210
3336
2400
2064
16546
2200
1498
1983
11020
3208
4357
2383
3093
3131
7557
3938
3600
2680
2719
2485
3906
2282
5246
2166
6714
5214
3185
3752
2516
2905
2326
8523
14141
6367
1919
2156
11642
12245
3654
7560
10199
2246
5226
2836
6032
5216
13689
28215
12277
2871
26919
3873
4549
8915
6266
2161
33439
4454
3134
2886
7756
6915
1711
2422
5174
3150
6327
2675
3740
3041
2790
7052
8186
25783
5433
5113
2840
3253
13117
11978
28625
2488
11639
2112
7855
8822
2333
1755
2445
3257
9260
2848
3401
2018
4950
4268
14737
3195
2428
4803
6201
5126
4724
15427
33471
18400
4619
4258
7369
2511
3467
2478
8613
1533
4347
2041
10674
2263
15887
5949
7356
5888
9516
4549
3322
6441
13532
13760
9883
10600
6665
7670
3587
10093
8373
3670
4095
1698
1633
1936
11885
2709
7549
5533
6443
4191
9645
3762
6315
6869
7269
6642
8401
2444
1107
4666
1849
4469
16853
2623
4411
2467
3416
4972
7694
1890
30369
3875
3878
4108
5119
2324
3457
3156
2945
3679
4385
3192
2106
3630
4023
4091
1879
1984
3879
1933
6321
2073
14784
1583
2014
3532
3669
10060
5892
3595
4689
6447
3907
3891
5335
3902
4073
2549
2275
1605
1608
3228
4196
2673
17188
11170
2056
4503
5937
27175
25022
4344
4996
3351
2751
5143
4010
3127
2278
4764
4070
3304
3621
7113
2238
3965
2081
3180
3770
4298
11899
3459
5994
2863
5012
4730
3781
3370
17504
4109
8963
4286
4393
3662
942
1853
1787
1985
2777
1955
2360
2509
6657
2851
5679
4802
12324
2320
11479
3584
5005
5694
4203
4613
14227
12786
7697
1427
2133
2449
5651
4165
1746
1838
1592
5594
7441
1709
12768
3439
37286
38513
13924
20263
4966
5582
5154
4703
5148
4574
14122
6902
2026
2289
1543
1377
6003
3759
2149
1874
9579
3745
4641
2806
4856
5217
17919
7207
3325
14155
8227
14819
5614
8084
16755
3592
4510
2315
6249
1756
4836
1794
2348
16139
3737
3711
2708
3092
9960
3771
15898
3278
13204
5855
5978
5472
13095
5660
1841
1914
1217
1495
2845
12095
12171
2062
4157
1448
3806
3560
2564
5994
22192
29145
25009
1704
3884
4324
6345
9940
2012
4706
22606
2835
5689
1984
13266
2901
17124
2468
2089
2403
3264
2208
3564
4591
17501
5677
4578
4341
5602
5944
4796
4444
6495
3131
6171
7454
5885
1799
2516
2456
1826
3851
2469
6243
8875
5459
2801
1873
3260
1028
1114
1185
1103
5476
6529
15110
